/*--------------------------------*- C++ -*----------------------------------*\
| =========                 |                                                 |
| \\      /  F ield         | OpenFOAM: The Open Source CFD Toolbox           |
|  \\    /   O peration     | Version:  v2012                                 |
|   \\  /    A nd           | Website:  www.openfoam.com                      |
|    \\/     M anipulation  |                                                 |
\*---------------------------------------------------------------------------*/
FoamFile
{
    version     2.0;
    format      ascii;
    class       volScalarField;
    location    "0.67";
    object      nut;
}
// * * * * * * * * * * * * * * * * * * * * * * * * * * * * * * * * * * * * * //

dimensions      [0 2 -1 0 0 0 0];


internalField   nonuniform List<scalar> 
3259
(
1.14825773
1.148105517
1.148767264
1.150904109
1.153808296
1.160309759
1.011992663
0.8330570316
0.6646123523
0.5414899512
0.4538275905
0.3893570009
1.148333234
1.148242246
1.149109262
1.151612106
1.155107719
1.162152654
1.066640921
0.8843533077
0.7331489505
0.6094289113
0.5097473755
0.2890008325
1.148484105
1.148448158
1.149512038
1.152395671
1.156338655
1.163865908
1.133828165
0.9705383108
0.8333074752
0.718132901
0.6222958178
0.1106057947
1.148768774
1.148787449
1.150028019
1.153255829
1.157588597
1.16547018
1.16966556
1.097787889
0.9776418816
0.8934754428
0.8294674551
0.06102443423
1.149042736
1.149102002
1.150496859
1.154067722
1.158791369
1.16693601
1.171089828
1.162611036
1.129460321
1.038558234
0.6844496029
0.03089671083
1.149393095
1.149491324
1.151015807
1.154870967
1.159902013
1.168212832
1.172231776
1.163024712
1.122202681
0.9872299081
0.4103009115
0.03262381938
1.149667593
1.149792364
1.151423174
1.155552243
1.160889
1.169305565
1.173229325
1.163064287
1.1165877
0.9265907574
0.2291856142
0.04722715514
1.149995401
1.150152232
1.15187236
1.156207067
1.161743709
1.17022745
1.173951065
1.162850034
1.110210168
0.8704239039
0.1827721962
0.06357709262
1.15021138
1.150395675
1.152193048
1.156727988
1.16247814
1.171000284
1.174514343
1.162461448
1.10267702
0.8039257999
0.1569448733
0.0802230524
1.15048519
1.150710433
1.152584523
1.157261772
1.163112702
1.171657022
1.174970623
1.161958533
1.093689824
0.7396165794
0.1405993214
0.09743589932
1.150626075
1.150892259
1.15284362
1.157679312
1.163677516
1.172232244
1.175360667
1.161334319
1.082301322
0.6884414786
0.1293415987
0.1135227698
1.150844177
1.151166816
1.153204913
1.158156228
1.164191839
1.172752101
1.175701348
1.160501806
1.067386972
0.6496967908
0.122101106
0.1274728559
1.150912307
1.151289903
1.153417116
1.158514168
1.164674362
1.173233235
1.175988866
1.159283574
1.049333869
0.6201661982
0.1175275663
0.1391455116
1.151084385
1.151531104
1.153759333
1.158964387
1.165128676
1.173686381
1.176207456
1.15745918
1.030006494
0.5974648791
0.1150276987
0.1486635739
1.151090406
1.151600428
1.153926396
1.159271521
1.165565024
1.174117192
1.176333634
1.154862474
1.011108938
0.5799124756
0.1140394201
0.1563556202
1.151228843
1.151815722
1.154253802
1.159705557
1.165979117
1.17452764
1.17633747
1.151443921
0.9935478354
0.5663003026
0.1142285626
0.1625988218
1.151188657
1.151841261
1.15437891
1.159962025
1.166381046
1.174916994
1.176186141
1.147293125
0.977624991
0.5557976831
0.1153730878
0.1677366196
1.1513015
1.152035525
1.154693698
1.160388156
1.166763053
1.175283319
1.175851039
1.142582844
0.9633725693
0.5478272109
0.1173418201
0.1720310522
1.151236542
1.152034236
1.154788048
1.160598346
1.167137799
1.175622747
1.175314201
1.137501713
0.9507314003
0.5418960012
0.1200319417
0.1757042668
1.151320028
1.15220305
1.155085328
1.161021172
1.167493533
1.17593032
1.174570283
1.132218795
0.9395743722
0.5376997446
0.1233535639
0.1789142354
1.151262605
1.152203509
1.155173171
1.161200783
1.167844844
1.176198903
1.173623576
1.126860298
0.9297422048
0.5348878659
0.1272362795
0.1817496451
1.151296141
1.152327541
1.155434821
1.161608949
1.168176012
1.176422872
1.172484785
1.121509888
0.9210206408
0.5331397197
0.1315740904
0.1842957554
1.15128614
1.152366287
1.155548377
1.161793548
1.168504792
1.176598829
1.171181737
1.116220062
0.9132222924
0.5321740959
0.1362594891
0.1866389
1.151319485
1.152512723
1.155868381
1.162297563
1.168831298
1.176740705
1.169802152
1.111031178
0.906238847
0.5318156553
0.1412114358
0.1888293833
0.3990465108
0.331920854
0.4439629504
0.3994164763
0.4927364455
0.4044893043
0.3941297261
0.3741489191
0.03147467058
0.05161871796
0.2944764137
0.05260379156
0.03304790674
0.004781879994
0.0311807029
0.3688992525
0.01948049491
0.01155284431
0.032694429
0.01980799987
0.01429326952
0.04669944261
0.1928091086
0.1808024024
0.2093218909
0.1976672407
0.04703420028
0.06884589293
0.225564331
0.2135436991
0.2295208761
0.07015065029
0.05028554942
0.04926955142
0.1761309599
0.1675729914
0.02507962352
0.01249416169
0.01742788397
0.01444238177
0.03126865275
0.01319656531
0.01444014943
0.01385520258
0.03130829602
0.01459998448
0.01510344813
0.5856419164
0.3934139759
0.3955431045
0.2660278603
0.00912436898
0.005390262761
0.03460963251
0.09931640368
0.09416450421
0.01263025535
0.01856272328
0.05243389088
0.04031972106
0.004408623076
0.1296449472
0.1133272591
0.09242341845
0.08828186833
0.03086687523
0.01565823529
0.01925184988
0.01225445508
0.01767269758
0.01998604843
0.002821410031
0.0322404958
0.02088424053
0.107592373
0.1011211965
0.03858410713
0.0492087737
0.1146577525
0.1093448016
0.05178893642
0.0452957581
0.02976169565
0.0857264262
0.07739460737
0.01407610473
0.01330742032
0.01847698385
0.01268634337
0.01457397713
0.01517479616
0.03213129512
0.009696432972
0.01452710753
0.01256565424
0.01477383576
0.02173447072
0.1217032596
0.1163454518
0.04969645518
0.06036205531
0.1297256757
0.1235690648
0.02057399168
0.02087569976
0.03391358894
0.0194247762
0.03249052435
0.02011666046
0.02030094793
0.01984427059
0.1376546173
0.1317779406
0.06361645288
0.07306829429
0.1446441643
0.1394014111
0.03320659831
0.03326144454
0.05063812689
0.04895410655
0.03280745432
0.03274030639
0.02372589372
0.03799931042
0.03722801041
0.009182436501
0.0150783165
0.01599950268
0.01476425406
0.01454403101
0.01917671447
0.01942120386
0.03172596666
0.01343569387
0.009733048304
0.01320819204
0.01397280171
0.02969129275
0.01866347579
0.01926486827
0.01417621329
0.02076494885
0.02056936245
0.01621303492
0.03606374001
0.02148838747
0.02242516128
0.04444821677
0.03098597059
0.002973846286
0.03086751135
0.04725745372
0.04692427266
0.01921455725
0.01217897502
0.008976309241
0.003353026107
0.01412090949
0.01462102876
0.01986931679
0.02004088385
0.03242525209
0.02026812606
0.02011078302
0.02006858949
0.02036514441
0.02029969565
0.03106895339
0.03102489848
0.04692453027
0.01929318228
0.02035935995
0.01983092863
0.0199028322
0.04531286118
0.04476368429
0.02953497688
0.01433993975
0.01156978122
0.01127798226
0.008576656596
0.01174904221
0.01353856043
0.01903627044
0.01347924286
0.01491974718
0.01462858041
0.03184340954
0.01953761726
0.01974229922
0.01322441945
0.01286821595
0.01296854015
0.01399990956
0.01365640605
0.009186390433
0.009482965586
0.01451729495
0.01308382059
0.01378778805
0.01585200861
0.01955872461
0.02969453851
0.8194531397
0.6894029059
0.651152925
0.5553026335
0.5284216599
0.4601631611
0.8656303591
0.7478003799
0.7024864237
0.7117714375
0.6158323069
0.5686998417
0.5876756697
0.5093197971
0.4685275364
0.4642594504
0.4338539527
0.4341018059
0.3844533265
0.2489757201
0.2612359974
0.9439184443
0.8353814593
0.7683778098
0.8025660429
0.7096776311
0.6377185733
0.6832245855
0.6100772231
0.5305256708
0.5293814746
0.5017594632
0.482623504
0.2848375936
0.1455084151
0.1620806186
1.059827045
0.9644475863
0.8647316269
0.9357423397
0.863408138
0.7423866783
0.8429654439
0.7932278032
0.6475388986
0.7906091657
0.2773411694
0.3716439023
0.07144671443
1.162486266
1.14197983
1.00398594
1.13106782
1.077291637
0.9120631777
1.047481295
0.8615152702
0.8664081845
0.7297593551
0.1278575918
0.2317281494
0.03495981469
1.162957812
1.13801098
1.141042059
1.12395118
1.048505642
1.071463105
1.002384394
0.6849778159
0.8297977364
0.4781775522
0.04319445581
0.0945068302
0.03077896699
1.163080662
1.134964592
1.137201462
1.118063333
1.013039455
1.039359188
0.9394302274
0.4485313189
0.6223039785
0.2580890506
0.03760003738
0.03866630396
0.04270927187
1.162921108
1.131468289
1.134118401
1.111910793
0.9815724262
1.005750003
0.8855686827
0.3483392514
0.4086205718
0.1914612094
0.04021888358
0.03813345668
0.05974576992
1.162570905
1.127415254
1.130510322
1.104677369
0.9429071912
0.9726681923
0.8210266975
0.2970033156
0.3332376131
0.1623284533
0.04356569912
0.04093819977
0.07593085555
1.162093576
1.122710763
1.126306885
1.096110774
0.8955620353
0.9318438884
0.7546314389
0.2637510151
0.2873216317
0.1442303824
0.04810290079
0.044572448
0.09317915117
1.161504826
1.117040016
1.121407637
1.085448657
0.845372752
0.8828572518
0.6999407334
0.2413075105
0.2573159387
0.1316758883
0.05386806162
0.04942767605
0.1096688496
1.1607377
1.109654413
1.115391425
1.071461276
0.8012882398
0.8335731128
0.658405762
0.226036669
0.2369247792
0.1236375743
0.06059099964
0.05547094911
0.1242274756
1.159635963
1.099806081
1.107439756
1.054048182
0.7657731638
0.7916344644
0.6268321534
0.2158020955
0.2230619324
0.1184473851
0.06790345174
0.06237724987
0.1364420783
1.157982856
1.087602769
1.096949318
1.034850735
0.7375076719
0.7580961594
0.6026014095
0.2093050071
0.2139296043
0.1154991118
0.0754562104
0.06978198946
0.1464696505
1.155589222
1.073997917
1.08428981
1.01572982
0.7148941855
0.7313823347
0.5838885694
0.2054811416
0.2081312283
0.1141707934
0.08295276267
0.07734481698
0.1545837267
1.152372281
1.060048307
1.0705094
0.9977905608
0.6967003749
0.709975193
0.569383416
0.2036514741
0.2048576683
0.1140924483
0.0901557491
0.08478401469
0.161154635
1.14839016
1.046483035
1.056602049
0.9814495193
0.6820125591
0.6927311779
0.5581662127
0.2033617922
0.2034477674
0.1150168801
0.09690490318
0.09188817122
0.1665417894
1.143802293
1.033706857
1.043206383
0.9667812501
0.6701874186
0.6788120986
0.5496277485
0.2043162013
0.2034899213
0.116793814
0.1031117056
0.09850970987
0.1710273717
1.138796194
1.021910928
1.030664995
0.9537474585
0.6607402953
0.6676245416
0.5432025421
0.2063102377
0.2047202297
0.1193220731
0.1087489364
0.1045658937
0.174840531
1.133550242
1.011132828
1.019123694
0.9422316889
0.6532541302
0.6586835223
0.5386095887
0.2091590571
0.2069383795
0.122505668
0.1138424062
0.1100556096
0.1781614852
1.128201075
1.001322312
1.008594343
0.9320880318
0.6474066681
0.6516511583
0.5354814661
0.2127243726
0.2099700415
0.1262802438
0.1184376638
0.1150099333
0.1810926242
1.122843225
0.9923949324
0.9990138808
0.9231081101
0.642862049
0.6461651741
0.5335017171
0.216840608
0.2136726335
0.1305548209
0.1225998972
0.1194720985
0.1837185882
1.11753753
0.9842424872
0.9902908746
0.9150935288
0.6393108139
0.6418902953
0.5323731557
0.2213472853
0.2178649791
0.1352317042
0.1264226244
0.1235105775
0.186135534
1.112302032
0.9767580682
0.9823164614
0.9078676817
0.6365292157
0.6385454738
0.5318907642
0.2261498493
0.2223812061
0.1402458183
0.129992237
0.1272110515
0.1884128605
1.106863345
0.9694388461
0.9750361976
0.9009220514
0.6342658519
0.6359584938
0.5319611929
0.2315378348
0.2271034544
0.1459238293
0.133593491
0.1306381656
0.1907343764
0.2654878025
0.2777891845
0.4019595822
0.1665228355
0.179949924
0.3368298569
0.02574481802
0.425953728
0.4414731045
0.4334029975
0.4159743756
0.4282730746
0.4207817894
0.4626375567
0.4479341758
0.4775158106
0.387325039
0.4321869421
0.4534171143
0.4219467132
0.4266946985
0.3855127444
0.2324356573
0.2444476145
0.3751352686
0.03169159091
0.05019520018
0.04935131155
0.07393615818
0.07265566909
0.05087830814
0.01030519137
0.009973300005
0.2524984355
0.01968584655
0.01935414057
0.02840304044
0.03680749315
0.05418868919
0.0772423792
0.07537071699
0.1462058475
0.07417712065
0.4112372752
0.2818169517
0.003251269581
0.02911636267
0.01643123067
0.04852334683
0.04807113068
0.03112036669
0.3671001708
0.2155404251
0.2272116212
0.01703450183
0.01519586555
0.004808057437
0.06482408092
0.06297053118
0.04477420621
0.1896791463
0.140743449
0.1432154918
0.1205323669
0.1305071334
0.1843585094
0.2055802966
0.1556063734
0.1590991365
0.1482341527
0.1513489649
0.2011645154
0.04806385735
0.06727539789
0.06593947436
0.09072862134
0.08916392934
0.06779006579
0.2215822549
0.1710798753
0.1748669727
0.1631567917
0.1670163376
0.2174830505
0.2374237634
0.1857551995
0.1785661533
0.182173031
0.2334650851
0.07101899278
0.0936694328
0.09227957077
0.1738990043
0.1120905228
0.1179559321
0.1003684258
0.1091724092
0.1670211436
0.01745252007
0.01504917027
0.01501776488
0.01464994305
0.01452451535
0.01455759047
0.01430115763
0.0148533012
0.01472226733
0.0144785061
0.01422667729
0.5613714637
0.5273943717
0.5548614559
0.3650649185
0.5004349445
0.5337497173
0.4582882917
0.4892082123
0.3721051841
0.1405185589
0.1622883792
0.2763555388
0.008765716329
0.04185360956
0.03485237982
0.1070585787
0.1238325246
0.007055353052
0.05424229584
0.05180762917
0.03260015493
0.09751841397
0.07382846297
0.07604569335
0.07067096204
0.071920265
0.09565299739
0.01500737421
0.02569393605
0.01970514365
0.02695599975
0.02434498515
0.01884697278
0.03381219309
0.03398046487
0.05302931779
0.01023686834
0.007061465124
0.002789793622
0.1232533204
0.06601346224
0.07215129882
0.05858221132
0.06399272092
0.117731835
0.09116683499
0.06841185025
0.06927191408
0.06628637745
0.06701817285
0.08930841819
0.01772280356
0.01581647297
0.01483879975
0.01605590681
0.01493812332
0.01427546906
0.01561777718
0.006323543144
0.008329749861
0.1055120933
0.08351221591
0.08537211483
0.07874817301
0.08120332932
0.1035220427
0.04320813376
0.06072997648
0.05769114184
0.06942981945
0.06823237078
0.04846574074
0.1128175712
0.09000745226
0.09153721049
0.08697782837
0.08855097283
0.1111685369
0.0513321561
0.03351547828
0.03359052332
0.0849017663
0.06333924364
0.06423019892
0.05541615307
0.05645092012
0.0771133745
0.01487813293
0.01480679045
0.01392832634
0.01453728383
0.01456120081
0.01468303117
0.01405545093
0.01461199444
0.01446623577
0.1198543356
0.09602865168
0.09765305456
0.0929950074
0.09452642567
0.1181401021
0.05033270458
0.07158214563
0.0704289389
0.08237260128
0.0796150917
0.0567812077
0.1275875341
0.1035036929
0.1058353472
0.09938133354
0.1013207508
0.1255330124
0.1357267244
0.1122531953
0.1141063634
0.1081133328
0.1102911669
0.1338583728
0.06585591746
0.08725633276
0.08496154571
0.09653760399
0.09514969029
0.07215041583
0.1429195965
0.1195703181
0.1214643084
0.1159167648
0.1177218303
0.141241958
0.01475736817
0.01466986378
0.01653535429
0.01484146386
0.01489591119
0.01482863749
0.01534708942
0.01492554514
0.01526311465
0.01433604494
0.03340737312
0.01613179624
0.0230753795
0.01515001047
0.01585927481
0.03176785563
0.002026123347
0.007001601092
0.006794781765
0.01124722323
0.008771968293
0.003014910843
0.0131077313
0.01023826279
0.01109810016
0.01147887342
0.01106164918
0.0129722316
1.153332859
1.155925252
1.159409886
1.124290283
1.005297901
0.8652735572
1.154516673
1.157576051
1.156900166
1.161267477
1.130505943
1.126568929
1.036412395
0.9143302322
0.8929295594
0.840716192
0.7971925461
0.784981511
0.6792019824
0.645210217
0.6306065457
0.5554169533
0.5290254151
0.5158760041
0.391916341
0.3594852239
0.3636352238
1.155722811
1.159089028
1.158410381
1.163014193
1.166203907
1.148615664
1.096186359
0.9758264685
0.9423713869
0.8976158422
0.8602752326
0.8447300682
0.7504082033
0.7172670913
0.6997308567
0.6280106173
0.5997759789
0.5809317312
1.156979985
1.160622705
1.159953337
1.164689469
1.167911556
1.167067474
1.168790605
1.08062999
1.01835582
0.9964496675
0.9616369251
0.9325275949
0.8636115171
0.8318930216
0.8010495234
0.7554661212
0.7324096594
0.6938858583
0.6669268897
0.6545678827
0.6051945674
0.09276703933
0.01676970775
0.01624283008
1.158223164
1.162090819
1.161432566
1.166195305
1.169474803
1.168696312
1.170434013
1.166236474
1.140248273
1.136170821
1.102464936
1.062332796
1.02356138
1.00210032
0.953829464
0.9506677748
0.9415018862
0.8765233948
0.7992213817
0.6423114536
0.6868609883
0.04999348251
0.01930664046
0.01836713495
1.159386655
1.163442871
1.162788992
1.16760173
1.170769081
1.170118883
1.171725927
1.167152151
1.166498905
1.162749692
1.157132355
1.157237649
1.127683716
1.111910062
1.114762487
1.028246291
0.9769292425
0.9927479527
0.6246750461
0.4049551008
0.4823476353
0.03004873207
0.02844277088
0.0248530431
1.160435229
1.164598597
1.164022877
1.168785934
1.171945946
1.171403212
1.172759728
1.167653776
1.167314193
1.163066297
1.156789141
1.15690552
1.120767171
1.099520529
1.102455911
0.9712080218
0.8832155595
0.9104608732
0.3452577869
0.1739169149
0.2184274274
0.03527024031
0.06626280799
0.05281135636
1.161351646
1.165596229
1.165100664
1.169790558
1.172902981
1.172446153
1.173613317
1.167939924
1.167765671
1.163028614
1.156099737
1.15629229
1.115090296
1.089649676
1.092221417
0.9135838987
0.7814625755
0.8029490728
0.2125831328
0.09641829133
0.1061716063
0.05247040461
0.1278030041
0.11416018
1.16214031
1.166445014
1.166023819
1.170633779
1.173694573
1.173317417
1.174249264
1.168020519
1.167974157
1.16276618
1.155157637
1.155427521
1.108439995
1.078028524
1.081133535
0.8545257004
0.6927723518
0.7145839266
0.1750785741
0.07955712831
0.08293906408
0.06757756645
0.1544380654
0.1486921571
1.162816612
1.167167155
1.166807229
1.17134356
1.174350944
1.17403707
1.17475285
1.167986303
1.168020844
1.162345423
1.154019004
1.154320194
1.100589485
1.06408456
1.067826159
0.7869837199
0.616650233
0.6336696981
0.1522363224
0.07013027985
0.07196156713
0.08455053242
0.1736615579
0.1693488006
1.163409805
1.167793301
1.167478528
1.171955175
1.174908829
1.174639757
1.175172324
1.167876842
1.167966904
1.161816344
1.152704066
1.15305303
1.091121703
1.046731211
1.051492509
0.7254934058
0.5613873605
0.5734907708
0.137331716
0.06504002714
0.06596979891
0.1016082415
0.1883434135
0.1850087067
1.163943128
1.168353017
1.168069227
1.172499781
1.175399583
1.175160897
1.175537102
1.167675255
1.167838862
1.161151609
1.151109526
1.151543733
1.078925469
1.02442858
1.030475739
0.6777238573
0.5217333709
0.5304998951
0.1271916122
0.06258044895
0.06303743052
0.1172365646
0.1999594879
0.1972882233
1.164438592
1.168867111
1.168605159
1.172998353
1.175843127
1.175626285
1.175852596
1.167306485
1.167605184
1.160242088
1.149002874
1.149596605
1.063108318
0.9982443763
1.004972015
0.6415595604
0.4926819778
0.4991379784
0.1207019861
0.06165001003
0.06176605483
0.1306053464
0.2093094745
0.2071767898
1.164903336
1.169349429
1.169103141
1.173464258
1.176249831
1.176050573
1.176108177
1.166653276
1.167177828
1.158892832
1.146027046
1.146872094
1.044543092
0.9716290366
0.9781548465
0.6139288879
0.471218066
0.4759874809
0.1167416383
0.06173292926
0.06163468369
0.1417152328
0.2167032038
0.2150128673
1.165348261
1.169807642
1.169573879
1.173905705
1.1766233
1.176440566
1.176283969
1.165584972
1.16643313
1.156887993
1.141902176
1.143043965
1.025194505
0.9470399404
0.9529361535
0.5926486672
0.4553411785
0.4588759568
0.1146592884
0.06250559434
0.06225302671
0.1507433546
0.2226298047
0.2212602567
1.165770968
1.170246693
1.170023007
1.174326329
1.17696112
1.176796754
1.176353149
1.163998377
1.165243587
1.154083674
1.136583187
1.138015809
1.006576044
0.9252546624
0.9304303506
0.5761764235
0.4436710932
0.4462683529
0.1139935444
0.06379968961
0.0634244921
0.158038585
0.227494072
0.2263617429
1.166180024
1.170668305
1.170453864
1.174726793
1.177255728
1.177113914
1.176283616
1.161850866
1.163518346
1.15046918
1.130288591
1.131936435
0.989410925
0.9062920749
0.9107793611
0.5634161675
0.4352371154
0.4370760203
0.1144412752
0.06552423956
0.06504429818
0.1639759153
0.231548468
0.2305999773
1.166570653
1.17107518
1.170867846
1.175105881
1.17749612
1.177382359
1.176043852
1.159172574
1.16123328
1.146158178
1.123349564
1.125126005
0.9739080606
0.8899301589
0.8937892739
0.5535818891
0.4292330939
0.4305153306
0.1158053814
0.06762481508
0.0670486831
0.1688830929
0.2349597872
0.234159853
1.16695151
1.171467577
1.171266725
1.175461446
1.177669856
1.177589826
1.175610155
1.156045718
1.158434324
1.141340074
1.116093848
1.117922167
0.9600666481
0.8758870846
0.8791987942
0.5461474526
0.4253134964
0.4261231195
0.1179713157
0.07007404321
0.06940491688
0.1730045882
0.2378428701
0.2371631621
1.167319772
1.171848116
1.171650026
1.175789848
1.177764647
1.177723157
1.174971311
1.152573145
1.155211316
1.136194486
1.108779349
1.110602773
0.9478099011
0.8638429552
0.8666822285
0.5407034453
0.4230588203
0.4234820763
0.1208365689
0.07284703834
0.07208694748
0.1765545458
0.2403130937
0.2397251002
1.167679449
1.172215192
1.172018575
1.176086815
1.177769856
1.177769882
1.17412783
1.148854514
1.151668566
1.130882496
1.101580047
1.103362645
0.9370022629
0.8535186441
0.8559531963
0.5368826705
0.4221676334
0.4222731905
0.1243243229
0.07593544049
0.07507787429
0.1796707264
0.2424518112
0.2419381877
1.168037685
1.172571723
1.172367928
1.17634685
1.177676529
1.177719524
1.17308505
1.144973041
1.147902467
1.125519898
1.094596885
1.096319254
0.9274675317
0.84464835
0.846744463
0.5343700543
0.4223628897
0.4222197844
0.1283621206
0.07933734672
0.07837360579
0.1824373193
0.2443109587
0.243854555
1.16838109
1.172911764
1.172699878
1.176562721
1.177474534
1.177565399
1.171848131
1.140990672
1.143990297
1.120180293
1.087874452
1.089529726
0.9189910786
0.8369605477
0.8387873172
0.5328474587
0.4233546448
0.4230252365
0.1328486557
0.08303984359
0.08195714616
0.1849476998
0.2459652065
0.2455387836
1.168727643
1.173227162
1.17300959
1.176718346
1.177143958
1.177309561
1.170399845
1.136945365
1.139989942
1.1149083
1.081422775
1.08301208
0.9113951696
0.8302407035
0.8318463536
0.5320625559
0.4249205374
0.424432407
0.1376989666
0.08703411033
0.0858107441
0.1872882517
0.2474892283
0.2470662238
1.169119715
1.173573996
1.173316569
1.176842741
1.176659401
1.176976711
1.168632033
1.132639976
1.13594843
1.109693035
1.075189095
1.076783087
0.9044622782
0.8242347766
0.825778122
0.5318398888
0.4269343976
0.4262728602
0.1428691465
0.09130917339
0.08990991064
0.1895143347
0.2489258274
0.2484824341
0.3679389075
0.3721360911
0.3959595418
0.2650705757
0.2760256748
0.3265853484
0.4051197029
0.4093634546
0.4054982979
0.4072131413
0.4159239402
0.4252041508
0.4019957867
0.3993077907
0.3897058938
0.3345907608
0.3383402415
0.3704297651
0.4168155666
0.3947770053
0.3750152948
0.3269261407
0.329872652
0.01465533902
0.4286080799
0.4336179316
0.3875315909
0.01317263063
0.01213617068
0.005833381711
0.01336231355
0.01912783645
0.01785216521
0.01633597663
0.01541928165
0.01393149923
0.01630697552
0.7722801795
0.7616685966
0.8105499402
0.6764974912
0.7166285255
0.72867205
0.6167724703
0.6038874003
0.6386066225
0.5429364124
0.5720205577
0.5847686885
0.5039573537
0.4928837798
0.5165417421
0.4526902445
0.4722419134
0.4824264559
0.8263184584
0.810577197
0.8553318892
0.7303988884
0.7697099103
0.786323048
0.7426055675
0.7557951327
0.7158890346
0.6778411179
0.6600586523
0.6939992582
0.5983092011
0.6280068735
0.6457568525
0.5983699128
0.6131034781
0.5834306463
0.5598895741
0.5439632962
0.5702225719
0.4927336015
0.5189621122
0.5339787473
0.4932847899
0.5054547711
0.4797415513
0.3510779488
0.3551965292
0.3822249876
0.2528857342
0.304881046
0.3007662836
0.3133503554
0.3091927946
0.2572333905
0.9073205192
0.8822702416
0.9214623999
0.8082103402
0.8443822384
0.8702267334
0.8057733557
0.8215316301
0.784955822
0.7720795222
0.7421484875
0.7740550801
0.6817783329
0.7119011557
0.7402761087
0.6680173663
0.6861181559
0.6567358004
0.6587336692
0.6262442298
0.6523590874
0.5773241152
0.6012741035
0.6342887043
0.5544064171
0.5734729762
0.5506609167
0.2144972208
0.2103041847
0.157061006
1.026949884
0.9929492244
1.028634391
0.9285496367
0.9606963152
0.9949840964
0.8975425464
0.9283814411
0.8963578829
0.9095207243
0.8693140358
0.897334353
0.819351025
0.84349776
0.8856185997
0.76952998
0.8044916301
0.7794269579
0.8237619072
0.7757464877
0.796731983
0.7364129448
0.7560507231
0.8054651561
0.6706669803
0.7111427956
0.6896190914
0.7049092655
0.7098805414
0.7216623687
0.3080758271
0.5478446011
0.5175168488
0.5827508406
0.5644245265
0.3405486743
0.01770989801
0.017200464
0.08393677117
0.0312715897
0.03327593373
0.02857350161
0.02995133543
1.157348724
1.148121177
1.162342817
1.095632171
1.120046993
1.150606526
1.032365111
1.073580525
1.047507676
1.117298338
1.055752182
1.074320489
1.027966771
1.040038219
1.099820966
0.9321281281
0.9828621474
0.9656025917
1.006626224
1.017034273
1.022194654
0.8883056097
0.9644030313
0.9481867757
0.8651544512
0.9430104883
0.9059948087
0.5379395662
0.6083791222
0.7766553703
0.1524279788
0.3771932777
0.3092311439
0.4834562174
0.4298156351
0.1977432843
0.02236538078
0.020545548
0.04242360942
0.04649085881
0.05521871476
0.03622502098
0.04048899663
1.156994716
1.157057791
1.162865829
1.13898868
1.149211613
1.148833167
1.150154142
1.14966968
1.140024151
1.105619121
1.108819522
1.125811242
1.056990478
1.086643286
1.081383677
1.095965986
1.09155518
1.064721117
0.9356212292
0.9575602518
1.016055193
0.7423308206
0.871704258
0.8363517596
0.9267293873
0.9023079891
0.7911357974
0.2691656511
0.332757908
0.554515751
0.05353401463
0.1535715412
0.1202450433
0.256560913
0.1975393655
0.07034049498
0.04211890772
0.03395490747
0.02985273809
0.100573771
0.1195207367
0.06692068893
0.08283727996
1.156481911
1.156650056
1.163086026
1.135738587
1.147774484
1.147375578
1.148508771
1.148157922
1.136488877
1.094711324
1.097101244
1.119437582
1.020894837
1.065771438
1.061609129
1.075953554
1.070619005
1.030115272
0.826738973
0.8549526586
0.9549219158
0.4967345501
0.701379357
0.6573602521
0.7942161757
0.7498967914
0.5586296086
0.1227188103
0.1457339152
0.2946115367
0.03712289992
0.05806022545
0.05094945994
0.08967009543
0.07104201366
0.0373996515
0.09856642906
0.08167484368
0.0384064738
0.1744011696
0.1899995156
0.1385697067
0.1572012814
1.155671583
1.155885513
1.162978131
1.132391772
1.146006324
1.145512246
1.146916862
1.146468367
1.133262842
1.084103342
1.086943166
1.113543787
0.9900368521
1.048259044
1.043341619
1.057395516
1.052943409
0.9980925338
0.7369271546
0.759381529
0.8999252801
0.3653376549
0.5659650957
0.5421654513
0.6191934553
0.5915791933
0.3846028798
0.08673134892
0.09118614219
0.2013307335
0.03957097097
0.04544617504
0.0450696028
0.04762987251
0.04604997383
0.03898342821
0.1424833631
0.1357127681
0.05610494281
0.2185878506
0.2234176471
0.2025263677
0.2128996959
1.154609758
1.154887036
1.162672138
1.128484293
1.143905167
1.143331921
1.144997272
1.14446019
1.129515287
1.07138551
1.074782043
1.106596647
0.953374755
1.027087608
1.0211074
1.038183758
1.032771242
0.9632799866
0.6520869169
0.6718443921
0.8379880987
0.3077478141
0.4828397734
0.4668273499
0.5203682523
0.5006343868
0.3197959367
0.07422117882
0.07672126654
0.1682577113
0.04261258257
0.04471323506
0.04480449296
0.04483748279
0.0447357395
0.04174278833
0.1647241499
0.1597618387
0.07170244756
0.2365491485
0.2404653955
0.2280035696
0.232376603
1.153386424
1.153707768
1.162222298
1.123957518
1.141487254
1.140830908
1.142738139
1.14212263
1.125154387
1.055950353
1.060136273
1.098404729
0.9080676399
1.000988318
0.9934254841
1.014793729
1.00810054
0.9202016911
0.5866618811
0.6010097123
0.7704725539
0.2708062523
0.4274292908
0.4166378824
0.4523790729
0.4392954863
0.2786126698
0.06713215206
0.06853485472
0.1481205505
0.0468347283
0.04538531134
0.04561962606
0.04495003554
0.04516519319
0.04567258485
0.1814630145
0.1776914333
0.08888055805
0.2508716487
0.2539518223
0.2441452521
0.247607708
1.151951716
1.152337724
1.161665228
1.118583637
1.138680349
1.137885489
1.140148561
1.13943289
1.120034928
1.036223171
1.041644518
1.088381827
0.8576007766
0.9681399473
0.9590555327
0.9854024757
0.9769506364
0.8701455209
0.5399801461
0.5502518594
0.7122772592
0.2461677713
0.3895390697
0.3819670115
0.4067858797
0.3977794104
0.251476873
0.06358805332
0.0642475708
0.1343692054
0.05233272887
0.0464148102
0.04671836347
0.04586629874
0.04613220462
0.05084720651
0.1944694378
0.1914943644
0.1057001706
0.2622202303
0.2646877815
0.256862593
0.2596138185
1.150141582
1.150644148
1.160953613
1.111711696
1.135175214
1.134132494
1.137041841
1.136141451
1.113619493
1.01161912
1.018124439
1.075310862
0.8115020317
0.9312209542
0.9220815123
0.9498023596
0.9404890338
0.822271067
0.5061033105
0.5136161001
0.6677295025
0.2292808196
0.3628032445
0.3574460777
0.3750329101
0.3686625249
0.2329265261
0.06195656924
0.0622202456
0.125271019
0.05883881495
0.04775505858
0.04815061566
0.0470402868
0.0473878456
0.05713147253
0.2049076741
0.2024945185
0.1207982134
0.2713395147
0.2733262319
0.2670282436
0.2692427061
1.147645873
1.148354748
1.159954733
1.102512798
1.130449101
1.129012665
1.133002848
1.131777104
1.105058422
0.9847901877
0.9915009143
1.058650921
0.773903695
0.8960147515
0.8879015374
0.9131336641
0.9044336106
0.7825142982
0.4811441487
0.4866958703
0.6339497633
0.2180151705
0.3438780921
0.340086164
0.3525166567
0.3480052453
0.220394908
0.06159043753
0.06158920289
0.1194985614
0.06603937983
0.04946884138
0.04995746261
0.04856527671
0.04900833926
0.06419590609
0.213223791
0.2113263086
0.1336015589
0.2786801668
0.2802826144
0.2752083403
0.2769906896
1.144107386
1.145110926
1.158461742
1.090830406
1.124026393
1.122142263
1.127463543
1.125800113
1.093951133
0.9590031929
0.9652390097
1.039705274
0.7439878282
0.8654725031
0.8586269712
0.8801051979
0.8726290429
0.750841989
0.4626782096
0.466784927
0.6080806971
0.2106794235
0.3305862171
0.3279577947
0.336619179
0.3334800201
0.2122422152
0.06204609352
0.06186519717
0.1160627135
0.07356304983
0.05154661264
0.05212526442
0.05046294652
0.05099690693
0.07166976943
0.2198201515
0.2183031142
0.1441550879
0.2846105912
0.2859081855
0.2818021691
0.2832433415
1.139382647
1.140680113
1.156265165
1.077469154
1.115906972
1.113661674
1.120155884
1.118074757
1.080905078
0.9357862872
0.9413233658
1.020429054
0.7200921815
0.8398833433
0.8341962468
0.852084212
0.8458407957
0.7255819222
0.4490623987
0.4520792587
0.5881275139
0.206226051
0.3214767985
0.3197141151
0.3255834975
0.3233730414
0.2071059453
0.06309415107
0.06277751096
0.1143684732
0.08109433939
0.05396895074
0.05463231064
0.05271662153
0.05333832045
0.0792273135
0.2251764208
0.2239334535
0.1527141816
0.2894179018
0.2904724036
0.2871393137
0.2883080801
1.13353853
1.135089478
1.15325356
1.063522139
1.10655784
1.104101148
1.111348214
1.108976475
1.067012257
0.915433293
0.9202571899
1.002134419
0.7008911393
0.8186153582
0.8138769943
0.8287642712
0.8235734846
0.7053091452
0.4390730654
0.4413033081
0.5726777763
0.2039486449
0.3153815048
0.3142575166
0.3180805471
0.316645602
0.2043496549
0.06461226859
0.06418312133
0.1140029695
0.08838846081
0.05670577601
0.05744414086
0.05530030358
0.05600266972
0.08660363912
0.229610366
0.228575469
0.1596353176
0.2933320505
0.2941936563
0.2914741761
0.2924266413
1.126878036
1.128601011
1.149450805
1.049812154
1.096584426
1.094058106
1.101613948
1.09910522
1.053186495
0.8977990215
0.9019655583
0.9853784458
0.6853979394
0.8008751912
0.7969175228
0.8093463353
0.8050139304
0.6889641618
0.4319326448
0.4335057558
0.5607099288
0.2033062159
0.3116745321
0.3110513892
0.3132694276
0.3124130019
0.2033361251
0.06652957662
0.06600107264
0.1146915094
0.0952668619
0.0597161173
0.06051974341
0.05817976422
0.05895167555
0.09359327642
0.2333270557
0.2324560152
0.1652875256
0.2965372018
0.2972452335
0.295013395
0.295794202
1.119743267
1.121553942
1.144994834
1.036813224
1.086501661
1.084010047
1.091531458
1.089010171
1.039979924
0.8826398899
0.8862158188
0.970292898
0.6728999326
0.7860629594
0.782765371
0.7931340088
0.7895173469
0.6757755291
0.4270420669
0.4280745569
0.5515085057
0.2039680693
0.309808831
0.3095931359
0.3105344151
0.3101231898
0.2036968462
0.06880727031
0.06818432434
0.1162604408
0.1016021754
0.06295349511
0.06381364519
0.06130912771
0.06214250181
0.1000826604
0.236460058
0.2357241208
0.1699749333
0.2991701593
0.2997518334
0.2979185828
0.2985603654
1.112431348
1.114263003
1.140077495
1.024764811
1.076666114
1.074273635
1.081537768
1.079087989
1.027682445
0.8696339555
0.872700424
0.9568584036
0.6628969875
0.7737357209
0.7709991057
0.7796161374
0.7766076151
0.6651936299
0.4239984092
0.4246056053
0.5446142216
0.2057174526
0.309456562
0.3095748296
0.3094628402
0.3094217113
0.2051961112
0.0714212304
0.07070698646
0.1186035613
0.1073802591
0.06637316504
0.06728082552
0.06464354446
0.06552860789
0.1060018507
0.2391232943
0.2384922448
0.1739333051
0.3013355185
0.3018173559
0.3003045471
0.3008332794
1.105157605
1.106964079
1.134877127
1.013734266
1.067283905
1.065023092
1.071910992
1.069579911
1.016396669
0.8584836868
0.86111252
0.9449759757
0.6549816445
0.7635094369
0.7612384583
0.7683788604
0.7658852775
0.6567909012
0.4224591686
0.4227164029
0.5396084202
0.208359855
0.3103319035
0.3107237387
0.309757032
0.310016459
0.207636929
0.07435149215
0.07354387518
0.1216176554
0.1125974388
0.06992988853
0.07088007548
0.0681366291
0.06906574065
0.111360865
0.2414208157
0.2408714744
0.1773606868
0.3031317683
0.3035345219
0.302274697
0.3027152809
1.098057526
1.099811651
1.129543205
1.003688916
1.058448877
1.056330877
1.062796337
1.060603981
1.006112219
0.8489164142
0.8511742642
0.934507156
0.648733039
0.7550286547
0.7531542969
0.7590697253
0.757003047
0.650146209
0.4221477145
0.4221208615
0.5361408963
0.2117472052
0.3122099733
0.3128266817
0.3111593417
0.311668724
0.2108615842
0.07759798613
0.0766886413
0.125230843
0.1172993369
0.07359357871
0.07458648678
0.07174996171
0.07272106778
0.1161990194
0.2434124952
0.2429301929
0.1803739923
0.3046233993
0.3049608346
0.3039127309
0.3042812046
1.091202141
1.092891598
1.124181157
0.9945503255
1.050184364
1.048204901
1.054247405
1.052198073
0.9967556015
0.8406719248
0.8426254536
0.925256549
0.6438938167
0.747995473
0.7464297526
0.751371434
0.7496429172
0.6449951201
0.4227752031
0.4225338167
0.5339013503
0.2157180409
0.3148610141
0.3156491932
0.3134557265
0.3141624363
0.2147249771
0.08115160379
0.0801306502
0.1293555044
0.1215389607
0.07733570796
0.07838168737
0.07545712448
0.07647356861
0.1205673482
0.2451584348
0.2447204491
0.183052821
0.3058610004
0.3061534802
0.3052697187
0.3055817912
1.084616207
1.086237578
1.118858455
0.9862146678
1.042457408
1.040604675
1.046257199
1.044340828
0.9882295956
0.8335030167
0.8352096295
0.9170164179
0.6401136049
0.7421081159
0.7407888979
0.7449276155
0.7434883065
0.6409785131
0.4240752686
0.4236666857
0.5325734341
0.2200898302
0.3180412606
0.3189715124
0.3163989958
0.3172575566
0.2190530406
0.08500084717
0.08385133316
0.1338792079
0.1253985236
0.0811397542
0.08225798747
0.07923036102
0.08030974555
0.1245477732
0.2467403071
0.246318349
0.1854885939
0.3069148027
0.307187691
0.3064062927
0.3066862804
1.078292166
1.079856414
1.113607547
0.9785852977
1.035223112
1.033471108
1.038782172
1.036984163
0.9804247841
0.8271758709
0.8287016538
0.9096266127
0.6371591944
0.7371315956
0.7359908831
0.7395174324
0.7382966784
0.6378371849
0.4258766058
0.4253066806
0.5319259006
0.2247217838
0.3215687908
0.3226619922
0.319770968
0.3207742146
0.2237146099
0.08913626419
0.08783138734
0.1387068949
0.1289559011
0.08499903203
0.08621868261
0.08306282472
0.0842268917
0.1282342311
0.2482166855
0.247786304
0.1877512571
0.3078440179
0.308117057
0.3073923133
0.3076637264
1.071862528
1.073889455
1.108581262
0.9717632693
1.028599254
1.026347721
1.031795715
1.030016147
0.9731902481
0.8212392172
0.8231682585
0.9031669002
0.6349687305
0.733067676
0.7316524162
0.7349591068
0.7338081747
0.6353495334
0.4282456525
0.4273211716
0.531851019
0.2295066996
0.325313424
0.3269217794
0.3234230872
0.324627885
0.2286518815
0.09387493216
0.09204741823
0.1437601483
0.1322632505
0.08890739108
0.09055829558
0.08694780515
0.08823396161
0.1317062673
0.2497100414
0.2491572308
0.1898756382
0.308686046
0.3090210907
0.3082732982
0.3085495701
0.2695600946
0.3218226964
0.3176312439
0.330240105
0.3260426998
0.2736835099
0.4053879862
0.3764737028
0.3807633036
0.1708505973
0.2233167306
0.218899237
0.2319640876
0.2270421428
0.175216569
0.3308459981
0.2795146096
0.2848429976
0.02194024538
0.02290475863
0.4170191206
0.4134273718
0.4108190213
0.4239724938
0.4177272442
0.4173014856
0.4158197671
0.4168246296
0.4230543066
0.4019029154
0.4082472482
0.3973274993
0.4368814837
0.4256168117
0.4207829005
0.4374025647
0.4292543793
0.4438442981
0.4217463635
0.4148250364
0.4150171219
0.4173753547
0.4154282153
0.4246002393
0.3866509211
0.3982969688
0.3990792113
0.2360076462
0.287849622
0.2841882446
0.2963699588
0.2923909525
0.2406971475
0.3778887339
0.3427389169
0.3467542566
0.02987377217
0.02751623542
0.01008463551
0.2422220892
0.1093062342
0.1258831464
0.01913604113
0.03147540542
0.02865256565
0.03160468367
0.1234633001
0.1255864442
0.1477099225
0.07520927945
0.09943895745
0.0980123458
0.3852568203
0.3898189804
0.407469469
0.2858242833
0.3385284943
0.3344101093
0.3425877349
0.2897884833
0.006152298761
0.00664973663
0.003719888416
0.0375926912
0.01245230237
0.01466149183
0.3179281804
0.3210692386
0.3706096037
0.2177692569
0.2698603204
0.2669715922
0.2791002854
0.27649414
0.2248136111
0.0126673546
0.01397107759
0.01557216298
0.00895573627
0.01417922496
0.012357527
0.1231792021
0.1417758616
0.1408253216
0.14245222
0.1423240276
0.126514267
0.1135358724
0.1361015596
0.1348112115
0.1393768969
0.1379009772
0.1159610675
0.1001288912
0.1237544017
0.1236812014
0.1321978219
0.1309982449
0.1080963493
0.01451638188
0.4718300345
0.4497120886
0.4397958852
0.380183001
0.4440295214
0.4605666395
0.102544267
0.04538148275
0.05261128216
0.03236019149
0.04151428952
0.09421964322
0.006538511765
0.01055837522
0.01110099021
0.02087615723
0.01955555504
0.01489508649
0.02418747683
0.0205069266
0.02020904306
0.01862742177
0.01945939411
0.02218280878
0.09632124867
0.0947503694
0.05466701435
0.01740536924
0.0136923556
0.01438679673
0.01359903099
0.01388120323
0.01576023589
0.01452903831
0.08206643257
0.1013568513
0.2241187877
0.4386223924
0.4409461965
0.4586144811
0.4346905487
0.4514577011
0.4282150861
0.4766831382
0.5002108127
0.4617746414
0.1529967619
0.2052389814
0.2169663156
0.433952279
0.4278441724
0.4442534341
0.4257190098
0.4373404218
0.429605589
0.4568239317
0.463834216
0.4938050965
0.4492296331
0.4687686957
0.4438459213
0.01119357239
0.02480436859
0.0293008107
0.03949862688
0.03275775963
0.02115726245
0.03435225271
0.4574655091
0.4778897192
0.3395299662
0.4588453105
0.4768500146
0.4677577053
0.8672133157
0.9084815589
0.9319579224
0.9176552288
0.9526573459
0.9811521669
0.9238020207
0.9514686592
0.8872828979
0.974841856
1.011233503
1.049409038
0.978493048
1.01419327
0.9366416988
1.072009386
1.090790944
1.14211511
1.045314655
1.089410363
1.020959205
1.165956421
1.168375619
1.168714977
1.146475955
1.168009
1.153362772
1.166953714
1.169617213
1.169826464
1.169030538
1.169312378
1.166745574
1.167561776
1.170404261
1.170608785
1.170059212
1.170254444
1.167476694
1.167893441
1.171031863
1.171142068
1.170755376
1.170903797
1.167837557
1.16801316
1.171420561
1.171491482
1.171246692
1.171334748
1.167998543
1.16800286
1.171679705
1.171725614
1.171562651
1.171619107
1.168014188
1.167912281
1.171863595
1.171891243
1.171779152
1.171815268
1.167940869
1.167739101
1.17199038
1.171996675
1.171934949
1.171952342
1.167791036
1.167422359
1.172035457
1.172009798
1.172026292
1.172017674
1.167518496
1.166853134
1.171944386
1.171871191
1.172011348
1.17196353
1.167023825
1.165900405
1.171645961
1.171506318
1.171826199
1.171721556
1.166178756
1.164450625
1.171064014
1.170839823
1.17139524
1.171214635
1.164861012
1.162443692
1.170134046
1.169813342
1.170645847
1.17037351
1.162994562
1.159892008
1.168822308
1.16840335
1.169526781
1.169155649
1.160573952
1.156868519
1.167134104
1.166624408
1.168023946
1.167557173
1.157659148
1.153472712
1.165105888
1.164518593
1.166159811
1.165608305
1.154346305
1.14980699
1.162790145
1.162139863
1.163980961
1.163358847
1.15073903
1.145959942
1.160241099
1.159540793
1.161542447
1.160863908
1.146930274
1.141998243
1.157506338
1.156766082
1.158895608
1.15817347
1.142991631
1.137969734
1.1546253
1.153846058
1.156086173
1.15533362
1.1389764
1.133996704
1.151678413
1.150658304
1.15315752
1.152381571
1.13490025
0.009674713695
0.004211839504
0.0003748326936
0.00960394533
0.004181360094
0.0003749509975
0.01048246274
0.005860467948
0.0006033332868
0.007112965256
0.001543443509
0.0003017706494
0.009776871545
0.004443479207
0.0003725768728
0.001090027843
0.000211002154
0.009647915543
0.004082120961
0.0003744956554
0.009079830115
0.005521668221
0.001024246754
0.01077548233
0.006089399088
0.0005791292604
0.009361396997
0.003833661013
0.0003730964021
0.009776752466
0.004345980864
0.0003732609753
0.009792482688
0.004385304683
0.0003725448802
0.009718417466
0.004226888519
0.0003738517966
0.009728636029
0.004197411394
0.0003736890067
0.009629174004
0.004200194061
0.0003744812666
0.009606516004
0.004137507907
0.0003748120742
0.01038455614
0.00618123258
0.0005721458734
0.009662861316
0.004222262871
0.0003744912552
0.009687545315
0.004268677988
0.0003742320418
0.01037525471
0.005771857551
0.0005965185512
0.009683591886
0.004254501936
0.0003742699757
0.009679576043
0.004306903034
0.0003740757431
0.009785952894
0.005585344959
0.0006292260813
0.007261258939
0.002653882977
0.0003450754913
0.009817636852
0.004393037956
0.0003722094965
0.009839664981
0.00438955227
0.0003715490104
0.00979084118
0.004422592284
0.0003718703534
0.009789644442
0.004309964999
0.0003726871211
0.009658839761
0.004365734439
0.0003735371474
0.009645930881
0.00421714178
0.0003743474411
0.008596719031
0.005609885245
0.0008762061847
0.008629616995
0.005510596901
0.0009501015127
0.01067338941
0.006086006066
0.0005743148179
0.009756850489
0.004421531455
0.0003722161633
0.009743965357
0.004364670378
0.0003731946395
0.01022967741
0.005790751347
0.0005945800455
0.009627766554
0.004227005774
0.0003740572964
0.01015698144
0.005575319519
0.0006401150718
0.01015666004
0.003357694404
0.0003663796288
0.0002325989752
0.006201423469
0.000566693129
0.006177078822
0.0005671894863
0.008466040875
0.004512750167
0.0007929529931
0.009850717157
0.004261504464
0.0003722675604
0.008949801883
0.005473314805
0.0007745273205
0.004894219546
0.000513253857
0.009411743869
0.005523814786
0.0008072532167
0.009850805634
0.004379620203
0.0003705265393
0.009843032698
0.004387007403
0.0003712288287
0.009864882306
0.004369305518
0.0003705450352
0.009846582102
0.004221389965
0.0003723031785
0.01009269777
0.005951669684
0.0005869321006
0.009358123849
0.005503141984
0.0006806569088
0.009262023883
0.005561748325
0.0006581831695
0.0005631963636
0.009748440596
0.005737717239
0.0006166843355
0.008764256797
0.005920735787
0.001068515151
0.0003712583873
0.009913744258
0.00435201306
0.0003717912237
0.009698689037
0.00423435513
0.0003735862606
0.008829858961
0.005452813795
0.0007339455269
0.009850325323
0.00438290974
0.0003707539645
0.009829097915
0.004392145338
0.0003709005645
0.009868021958
0.004332917304
0.0003709160946
0.009864387816
0.004260647744
0.0003717209021
0.009783879679
0.005472070874
0.0007024801771
0.008301759222
0.005676924778
0.001145012001
0.008427953965
0.005737376939
0.001134288021
0.0008425129867
)
;

boundaryField
{
    topAndBottom
    {
        type            calculated;
        value           nonuniform List<scalar> 
24
(
1.14825773
1.148333234
1.148484105
1.148768774
1.149042736
1.149393095
1.149667593
1.149995401
1.15021138
1.15048519
1.150626075
1.150844177
1.150912307
1.151084385
1.151090406
1.151228843
1.151188657
1.1513015
1.151236542
1.151320028
1.151262605
1.151296141
1.15128614
1.151319485
)
;
    }
    inlet
    {
        type            calculated;
        value           nonuniform List<scalar> 0();
    }
    outlet
    {
        type            calculated;
        value           nonuniform List<scalar> 
30
(
1.151319485
1.152512723
1.155868381
1.162297563
1.106863345
0.9694388461
0.9009220514
0.6342658519
0.5319611929
0.2315378348
0.1459238293
0.133593491
0.1907343764
1.169119715
1.173573996
1.176842741
1.176659401
1.168632033
1.132639976
1.071862528
1.026347721
0.8212392172
0.7316524162
0.4282456525
0.3269217794
0.09387493216
0.09055829558
0.2497100414
0.3090210907
1.150658304
)
;
    }
    wing
    {
        type            nutkWallFunction;
        blending        stepwise;
        Cmu             0.09;
        kappa           0.41;
        E               9.8;
        value           nonuniform List<scalar> 
70
(
0.0007016103175
0.0001862041465
0.0001862751584
0.0001659377621
0.0001402970611
0.0001858233475
8.513489912e-05
0.0001864665449
0.000139543919
0.0001741729167
0.0001854805788
0.000184469026
0.0001843408479
0.0001844348861
0.0001844436333
0.0001860491338
0.0001863221349
0.0001774404843
0.0001851522283
0.0001851508679
0.0001671326454
0.000185237113
0.0001853827686
0.0001608131027
0.0001688794127
0.0001842671117
0.0001840920199
0.0001847512335
0.0001845778017
0.000186027534
0.0001865078982
0.0001448537555
0.0001417271403
0.0001753461395
0.0001849340556
0.0001850824543
0.0001694057651
0.0001853596973
0.0001588087727
0.000181527176
6.93580851e-05
0.0001805038596
0.0001789306299
9.51842632e-05
0.0001832461549
0.0001473519767
6.23559354e-05
0.0001458358351
0.0001835448018
0.0001839617451
0.0001834325553
0.0001832112351
0.0001719731523
0.000153964519
0.0001563879802
0.0001821268776
0.0001637474951
0.0001262807769
0.0001832236056
0.0001832949373
0.0001855222677
0.0001493108637
0.0001836924859
0.0001838123468
0.0001833173771
0.0001832421321
0.0001520470389
0.0001377922276
0.0001335664292
0.0001008539182
)
;
    }
    front
    {
        type            empty;
    }
    back
    {
        type            empty;
    }
    procBoundary1to0
    {
        type            processor;
        value           nonuniform List<scalar> 
49
(
1.148372071
1.148161237
1.148595996
1.150304384
1.150304384
1.152860055
1.158646938
1.000308753
0.4149582341
0.4149582341
0.2413977595
0.02097864602
0.4229235318
0.4374793134
0.4184772049
0.4281195717
0.2936731169
0.05378927059
0.03423142746
0.1893660942
1.15543378
1.125584679
0.798885485
0.7519042853
0.6269873288
0.592048698
0.505372285
0.4824210022
0.1009313693
0.07641550173
0.4001211446
0.6650672083
0.7061557742
0.531302437
0.5601852995
0.4461125933
0.4626861858
0.4203331822
0.4155745662
0.1489717972
0.1279126902
0.3464664631
0.4361768661
0.8468334698
0.9148965795
0.0003711645596
0.009933648805
0.00438203234
0.00438203234
)
;
    }
    procBoundary1to3
    {
        type            processor;
        value           nonuniform List<scalar> 
136
(
0.01427346304
0.01396415244
0.02449056122
0.01427145203
0.01981367062
0.02135723214
0.02449056122
0.02445070631
0.01333132305
0.0135409132
0.009731302731
0.02263780587
0.01396415244
0.01538977484
0.01335156396
0.01387705027
0.08909195552
0.07661202594
0.1272174329
0.09559310418
0.1933962493
0.1416107393
0.2578511882
0.2112480627
0.2868808975
0.2687119808
0.3024820247
0.2910414994
0.3155732196
0.3059800582
0.3264241679
0.3184879525
0.3352931432
0.3288178025
0.3424552738
0.337233446
0.3481794464
0.3440108945
0.3527345998
0.3494180275
0.3563579666
0.3537195807
0.3592474632
0.3571428405
0.361537597
0.3598716248
0.3633387706
0.362028892
0.3647509906
0.3637239528
0.3658445988
0.3650497872
0.3666836213
0.3660702581
0.367342659
0.3668505329
0.3678753215
0.3674596513
0.368330447
0.367946515
0.02445070631
0.02445070631
0.04239160232
0.04508971662
0.04617952814
0.05403737966
0.01461237364
0.01594036644
0.0490735136
0.04617952814
0.02263780587
0.02446008281
0.02263780587
0.01494572848
0.01887939886
0.02242523825
0.08410501987
0.0804054025
0.1147337015
0.1041812091
0.1752616666
0.1578186296
0.2441724315
0.2286425551
0.2825225021
0.2775186638
0.2988312652
0.2950184871
0.3125207235
0.3093232721
0.3239083407
0.3212633998
0.3332472985
0.3310896655
0.3408103095
0.3390705955
0.3468682165
0.345479982
0.3516916264
0.3505872752
0.3555278238
0.3546497991
0.3585855108
0.3578847857
0.361014941
0.360460593
0.3629278051
0.3624925028
0.3644287444
0.364088402
0.365594757
0.3653339667
0.3664860323
0.3662912057
0.3671732174
0.3670313712
0.3677160304
0.3676229683
0.3681610016
0.3680987296
0.03785096692
0.03907858312
0.05236898189
0.05424934891
0.04717510357
0.01711580107
0.02383495194
0.05799720344
0.05741752288
0.04861717059
0.01089689657
0.01086037654
0.006277583778
0.01089689657
0.006277583778
0.0005614380083
)
;
    }
}


// ************************************************************************* //
