/*--------------------------------*- C++ -*----------------------------------*\
| =========                 |                                                 |
| \\      /  F ield         | OpenFOAM: The Open Source CFD Toolbox           |
|  \\    /   O peration     | Version:  v2012                                 |
|   \\  /    A nd           | Website:  www.openfoam.com                      |
|    \\/     M anipulation  |                                                 |
\*---------------------------------------------------------------------------*/
FoamFile
{
    version     2.0;
    format      ascii;
    class       surfaceScalarField;
    location    "0.33";
    object      meshPhi;
}
// * * * * * * * * * * * * * * * * * * * * * * * * * * * * * * * * * * * * * //

dimensions      [0 3 -1 0 0 0 0];
oriented        oriented;


internalField   nonuniform List<scalar> 
6430
(
0
0
0
0
0
0
0
0
0
0
0
0
0
0
0
0
-2.65532901e-05
0
3.426694849e-05
1.30942905e-05
1.617470654e-05
-0.0001775455037
-6.757275969e-05
0.0001895131185
0.0001079739199
-0.0005020735524
-0.0002668061829
0.0005091653903
0.0003239410965
-0.0006092295296
-0.0004764507006
0.000612559147
0.0005124268623
-0.0004300639067
-0.0005603548244
0.0004303170674
0.0002740268936
0.0002860747701
-5.808619212e-05
-0.0001353280222
5.812250246e-05
0.0001352917119
0
0
0
0
0
0
0
0
0
0
0
0
0
0
0
0
-3.91872587e-05
0
3.236397486e-05
2.331551331e-05
2.263198431e-05
-0.0002076213636
-0.0001052618401
0.0002014799051
0.0001646380637
-0.0005296352034
-0.0003853751316
0.0005213011215
0.000462616686
-0.0006151750836
-0.0006598271857
0.0006110018158
0.0007047429614
-0.0004249556124
-0.0007538856373
0.0004249556124
0.0003710142816
0.0003828713557
-5.679668894e-05
-0.0003710142816
0.0001101839923
-5.338730338e-05
0.000183916256
0.0001870980256
0
0
0
0
0
0
0
0
0
0
0
0
0
0
0
0
-2.027840199e-05
0
7.482377474e-06
1.319251157e-05
8.625212412e-06
-0.000158199317
-9.327651057e-05
0.0001374396144
0.0001574524569
-0.0004589064634
-0.0004129610701
0.0004265830512
0.0005069353532
-0.0005741759496
-0.0007613474712
0.0005518516546
0.0008261820997
-0.0004270260251
-0.000936298893
0.0004254790644
0.0009456700617
-0.0001101839923
-0.000946648524
0.0002067343579
0.000946648524
-9.655036558e-05
0
0
0
0
0
0
0
0
0
0
0
0
0
0
0
0
-1.832200082e-07
0
0
8.452470611e-08
0
-6.870353992e-05
-3.727372525e-05
4.738204795e-05
8.406783924e-05
-0.0003038370445
-0.0003120300759
0.0002577807566
0.0004064075278
-0.0004505196651
-0.0006925397189
0.0004063133335
0.0007775715836
-0.0003877389664
-0.0009706475009
0.0003631874984
0.00101215699
-0.0002003927808
-0.001078039984
0.0001913761587
0.001084890142
0
0
0
0
0
0
0
0
0
0
0
0
0
0
0
0
0
0
0
0
0
-5.021082659e-06
-9.563391007e-08
8.294624632e-07
7.23796011e-06
-0.0001235704074
-0.0001264888411
8.531220239e-05
0.0001929140337
-0.000256472149
-0.0004306205679
0.0002058476466
0.000512048107
-0.0002613360231
-0.000725344167
0.0002218751113
0.0007800909955
-0.0001457791738
-0.0008829370227
0.0001264995146
0.0008960606588
0
0
0
0
0
0
0
0
0
0
0
0
0
0
0
0
0
0
0
0
0
0
0
0
0
-9.915146774e-06
-3.625479782e-06
1.550568029e-06
1.690346689e-05
-7.517899055e-05
-0.0001180038597
4.370159219e-05
0.0001642672484
-0.0001068926517
-0.0003067191511
7.437465424e-05
0.0003483325026
-6.698614722e-05
-0.0004338708046
4.910419941e-05
0.0004462600983
0
0
0
0
0
0
0
0
0
0
0
0
0
0
0
0
0
0
0
0
0
0
0
0
0
0
0
0
0
-2.390684202e-07
0
0
6.64730654e-07
-9.761108735e-06
-1.822042709e-05
1.538806282e-06
2.826033062e-05
-1.004552066e-05
-5.513705956e-05
3.335312007e-06
5.987616464e-05
0
0
0
0
0
0
0
0
0
0
0
0
0
0
0
0
0
0
0
0
0
0
0
0
0
0
0
0
0
0
0
0
0
0
0
0
0
0
0
0
0
0
0
0
0
0
0
0
0
0
0
0
0
0
0
0
0
0
0
0
0
0
0
0
0
0
0
0
0
0
0
0
0
0
0
0
0
0
0
0
0
0
0
0
0
0
0
0
0
0
0
0
0
0
0
0
0
0
0
0
0
0
0
0
0
0
0
0
0
0
0
0
0
0
0
0
0
0
0
0
0
0
0
0
0
0
0
0
0
0
0
0
0
0
0
0
0
0
0
0
0
0
0
0
0
0
0
0
0
0
0
0
0
0
0
0
0
0
0
0
0
0
0
0
0
0
0
0
0
0
0
0
0
0
0
0
0
0
0
0
0
0
0
0
0
0
0
0
0
0
0
0
0
0
0
0
0
0
0
0
0
0
0
0
0
0
0
0
0
0
0
0
0
0
0
0
0
0
0
0
0
0
0
0
0
0
0
0
0
0
0
0
0
0
0
0
0
0
0
0
0
0
0
0
0
0
0
0
0
0
0
0
0
0
0
0
0
0
0
0
0
0
0
0
0
0
0
0
0
0
0
0
0
0
0
0
0
0
0
0
0
0
0
0
0
0
0
0
0
0
0
0
0
0
0
0
0
0
0
0
0
0
0
0
0
0
0
0
0
0
0
0
0
0
0
0
0
0
0
0
0
0
0
0
0
0
0
0
0
0
0
0
0
0
0
0
0
0
0
0
0
0
0
0
0
0
0
0
0
0
0
0
0
0
0
0
0
0
0
0
0
0
0
0
0
0
0
0
0
0
0
0
0
0
0
0
0
0
0
0
0
0
0
0
0
0
0
0
0
0
0
0
0
0
0
0
0
0
0
0
0
0
0
0
0
0
0
0
0
0
0
0
0
0
0
0
0
0
0
0
0
0
0
0
0
0
0
0
0
0
0
0
0
0
0
0
0
0
0
0
0
0
0
0
0
0
0
0
0
0
0
0
0
0
0
0
0
0
0
0
0
0
0
0
0
0
0
0
0
0
0
0
0
0
0
0
0
0
0
0
0
0
0
0
0
0
0
0
0
0
0
0
0
0
0
0
0
0
0
0
0
0
0
0
0
0
0
0
0
0
0
0
0
0
0
0
0
0
0
0
0
0
0
0
0
0
0
0
0
0
0
0
0
0
0
0
0
0
0
0
0
0
0
0
0
0
0
0
0
0
0
0
0
0
0
0
0
0
0
0
0
0
0
0
0
0
0
0
0
0
0
0
0
0
0
0
0
0
0
0
0
0
0
0
0
0
0
0
0
0
0
0
0
0
0
0
0
0
0
0
0
0
0
0
0
0
0
0
0
0
0
0
0
0
0
0
0
0
0
0
0
0
0
0
0
0
0
0
0
0
0
0
0
0
0
0
0
0
0
0
0
0
0
0
0
0
0
0
0
0
0
0
0
0
0
0
0
0
0
0
0
0
0
0
0
0
0
0
0
0
0
0
0
0
0
0
0
0
0
0
0
0
0
0
0
0
0
0
0
0
0
0
0
-0.0001324452296
0.0001324474515
-5.808841406e-05
-0.0001810763381
0.0001810763381
-5.679668893e-05
-0.0005121269808
-0.0004300454561
0.0002500552238
0.0002620533064
0.0001264297568
0.0001295368731
-0.0001263537598
-0.0002620580996
-0.0006640301913
-0.0004274043671
0.0003075024482
0.0003589764978
0.0001238272354
0.0001779001597
-0.0001238272354
-0.0003589764978
0.0001386220825
-0.0002739481882
0.0001264278403
5.808573714e-05
-0.0001566052386
0.0001565924311
-5.807292961e-05
1.713067554e-05
7.920668597e-05
-1.726406589e-05
-7.907329562e-05
-1.78455923e-05
6.758422494e-05
-6.741605714e-05
1.76774245e-05
-0.0004552675862
0.0004552675862
-0.0001101839923
6.676701265e-05
-1.795119529e-05
-6.666140966e-05
1.674208992e-05
6.696559088e-05
-1.694066815e-05
0.0001825023793
3.337370822e-05
-0.0001818043378
-1.767721235e-05
-1.639453739e-05
8.001232763e-05
-7.986582284e-05
1.698417075e-05
-0.0001595718985
5.812023113e-05
0.0001595374045
-1.440959325e-05
1.440720635e-05
8.001471454e-05
2.945954107e-05
0.000182335843
-1.54821162e-05
-1.381088857e-05
1.65715429e-05
6.775477196e-05
-1.447507393e-05
7.927216665e-05
-7.270488292e-05
7.236624437e-06
-1.643763897e-05
7.360792138e-05
-7.343210757e-05
1.626182517e-05
-4.445977302e-05
-0.0001474677305
4.448981575e-05
0.0001474376878
4.449760721e-05
-0.0001565870713
-4.444269359e-05
7.786078855e-05
7.867136917e-05
-4.458066099e-05
-0.0001353015845
4.458037109e-05
0.0001353018744
-0.0001444557587
0.0001444716246
-4.447563893e-05
7.292659048e-05
-1.660009849e-05
-7.276413096e-05
-1.67620606e-05
6.169439545e-05
-6.15660514e-05
1.663371655e-05
-4.45705146e-05
-0.0001236033903
4.457025667e-05
0.0001236036483
-0.0001324592079
0.0001324646569
-4.458611001e-05
-0.0001204961574
0.0001205302566
-4.460461384e-05
6.101072628e-05
-1.690909106e-05
-6.086369583e-05
1.588256277e-05
6.119575313e-05
-1.606758961e-05
1.570496553e-05
6.187199269e-05
-0.0001595261494
4.451926964e-05
7.93621856e-05
8.014230136e-05
5.053232216e-05
-0.0001765680335
-4.690803179e-05
8.37624762e-05
8.918126698e-05
8.905394302e-05
1.959501998e-05
-1.735359692e-05
-9.129536608e-05
3.033878167e-05
-1.371782012e-05
7.243298148e-05
9.786760566e-06
-9.800262688e-06
-8.481455878e-05
-8.827595494e-06
7.96635443e-05
-7.980329672e-05
8.967347902e-06
1.561731119e-05
7.307228301e-05
-1.576300372e-05
-7.066175486e-06
-3.318161174e-06
-6.232054626e-05
7.890072436e-05
-8.665247876e-06
-7.906307198e-05
7.450740959e-05
-9.085166277e-05
9.278077688e-06
1.535272346e-05
7.387250911e-05
7.584769614e-06
8.274230452e-06
-8.091447299e-06
-0.0008961782736
0.0008982772414
-0.0004255366697
0.0002612932033
-0.0008982943167
0.0004430267305
-0.0001374659679
-0.0001238272354
-0.0003710142816
0.0001238272354
0.0001101839923
-0.000407122042
0.000407122042
-0.0001101839923
0.000407122042
6.927099299e-05
-6.927099299e-05
-0.000407122042
0.0001845552162
-0.0001842645997
3.308309173e-05
7.542014634e-05
-1.713523144e-05
-7.587117529e-05
1.758626038e-05
-1.957442437e-05
-7.657933759e-05
1.972248136e-05
7.64312806e-05
1.966603128e-05
-7.870959303e-05
7.878342199e-05
-1.973986024e-05
2.950615609e-05
0.0001845086012
5.563394575e-05
0.000407122042
-5.563394574e-05
1.65724794e-05
-5.784409932e-05
5.800475873e-05
-1.673313881e-05
-1.58422308e-05
-6.328384432e-05
1.657393359e-05
6.255214153e-05
9.708284171e-05
-8.05673557e-05
3.079533963e-06
-0.0001439061202
4.322822167e-05
7.567950773e-05
7.553071295e-05
-0.0001810880844
4.333893262e-05
0.0001809285171
-4.317936538e-05
-7.944234e-05
1.957595732e-05
7.953241396e-05
1.924986184e-05
-8.181765125e-05
8.192608161e-05
-1.935829221e-05
8.234854463e-05
1.657839786e-05
-1.671086798e-05
-8.221607451e-05
8.476306694e-06
1.422178811e-05
-1.432847219e-05
8.245522871e-05
-4.422088425e-06
8.14076326e-05
-8.123367825e-06
-6.886217635e-05
0.0001810578813
1.914610185e-05
-1.901858143e-05
-0.0001811854017
-8.392828147e-05
9.646300164e-06
0.0001274216234
1.612933802e-05
-7.043718431e-05
7.055515845e-05
-1.624731216e-05
-9.755504368e-07
1.117160791e-05
6.522408887e-05
-1.92241751e-05
-7.333990729e-05
1.921404859e-05
7.33500338e-05
-7.552098373e-05
7.534931896e-05
-1.94027596e-05
7.394218927e-05
-1.649117288e-05
-7.458624783e-05
7.116122174e-05
-1.711117928e-05
-7.098563757e-05
1.693559511e-05
-1.941446771e-05
-7.06337902e-05
1.933558738e-05
7.071267053e-05
-7.255755921e-05
7.257287321e-05
-1.92394891e-05
-5.856482235e-05
1.640273921e-05
5.873456254e-05
-6.280501198e-05
6.242098561e-05
-1.545820443e-05
8.272751864e-05
-8.268413945e-05
1.653501867e-05
-8.236189054e-05
1.916847993e-05
8.244327245e-05
1.839286766e-05
-8.906370512e-05
8.953035115e-05
-1.885951368e-05
8.241795468e-05
3.769518047e-06
-9.289871364e-06
-7.689760136e-05
8.279861912e-05
-0.0001001360877
1.291538013e-05
1.407089968e-05
8.287840707e-05
-7.200826181e-06
-4.936032001e-06
7.97826628e-05
-6.764580462e-05
1.113752472e-05
8.178359692e-05
-1.151348904e-05
9.581170941e-06
8.201754776e-05
-9.514832183e-06
-8.208388651e-05
1.600937011e-05
7.128118965e-05
1.592031632e-05
-0.0001028288494
-8.608984465e-06
7.70746598e-05
-7.70677628e-05
8.602087468e-06
7.845013788e-05
-1.823659752e-05
-6.741436654e-05
7.635820361e-05
-8.353668762e-06
-7.661351932e-05
8.787502981e-05
-1.490839098e-05
-1.960893578e-05
-6.716774479e-05
1.955143869e-05
6.722524189e-05
-6.993967478e-05
6.998703619e-05
-1.946182912e-05
-1.728068514e-05
-7.026767845e-05
-1.702563517e-05
-6.378312413e-05
1.752491498e-05
-1.942667741e-05
-6.436745636e-05
1.949527253e-05
6.429886124e-05
-6.662172966e-05
6.66068531e-05
-1.959405923e-05
-1.373028986e-05
1.381841387e-05
6.687746686e-05
-6.569697567e-05
-1.124862378e-05
6.321530959e-05
-1.698973981e-05
-6.564790402e-05
1.443218192e-05
-8.080294385e-05
8.077796828e-05
6.867821256e-05
1.638053641e-05
-6.848720606e-05
-1.386829329e-05
1.382606334e-05
6.872044251e-05
6.770489254e-05
-1.423292447e-05
-7.839310183e-05
7.815095237e-05
-1.934491616e-05
-6.145132806e-05
1.933194762e-05
6.14642966e-05
-6.363395753e-05
6.357518081e-05
-1.936790069e-05
-1.666175114e-05
-6.316889601e-05
-1.736600833e-05
-5.84103856e-05
1.721157157e-05
-1.944341579e-05
-5.821613143e-05
1.941382665e-05
5.824572057e-05
-6.070558246e-05
6.072391999e-05
-1.936325369e-05
-1.517363968e-05
1.504048925e-05
6.132890355e-05
-6.04254441e-05
6.055202834e-05
-1.530022391e-05
-6.025613087e-05
-1.623690285e-05
6.24147615e-05
1.553145786e-05
-6.224125383e-05
-1.48617823e-05
1.459572e-05
6.268082381e-05
6.205069963e-05
-8.439635639e-05
8.372512482e-05
-1.668236535e-05
1.712241086e-05
-1.733600144e-05
-8.418276581e-05
1.612662783e-05
-9.029958306e-05
9.139304965e-05
1.819710331e-05
-0.000109590153
-1.293687698e-05
8.294418168e-05
-8.247882463e-05
9.553419963e-06
1.126472287e-05
8.267142097e-05
1.058493765e-05
8.256808017e-05
-1.073506314e-05
-1.362265674e-05
1.366124629e-05
7.303369346e-05
-7.245041139e-05
-1.361239928e-05
7.244015394e-05
-1.588786898e-05
-7.232554614e-05
-8.517155899e-06
-6.501501763e-05
1.623200147e-05
-0.0001070836642
7.404267156e-05
5.57454746e-06
-6.338521755e-05
8.521439509e-06
7.479930974e-05
7.429560694e-05
1.49927546e-05
-7.393563808e-05
-1.348046589e-05
1.35809235e-05
7.419514933e-05
7.405328952e-05
7.666436969e-06
-7.436804795e-06
1.307076763e-05
-5.748293448e-05
5.753436164e-05
1.309371443e-05
-5.811962686e-05
5.809668006e-05
-7.387351256e-05
-1.60829783e-05
8.995649085e-05
6.390075321e-05
-6.431655942e-05
-2.797070719e-06
5.544920016e-05
-1.411844175e-05
-7.722689729e-05
1.832987992e-05
7.728988503e-05
1.937172429e-05
-8.799284653e-05
8.824001108e-05
-1.961888884e-05
9.209867324e-05
1.837337011e-05
-2.06222247e-05
-8.984981866e-05
-8.157860886e-05
8.170690136e-05
-1.683916048e-05
1.766011147e-05
-1.78306506e-05
-8.140806973e-05
1.751520181e-05
-8.207116484e-05
8.181061109e-05
-1.939347624e-05
8.051034562e-05
-6.924023721e-05
9.867193512e-05
-0.0001180654114
1.671899073e-05
9.61069306e-05
-2.072724809e-05
1.055968913e-05
8.912778877e-05
-9.44953477e-06
-9.023794314e-05
7.980444925e-05
-9.092313449e-05
1.488820328e-05
-1.376631338e-05
1.371257412e-05
7.060889771e-05
-6.966151473e-05
6.972126469e-05
-6.952829047e-05
-7.716475453e-05
7.410343796e-05
1.305051209e-05
-1.309100926e-05
6.059252551e-05
1.301176294e-05
6.136765271e-05
1.310076214e-05
-5.885913797e-05
5.885209026e-05
-5.969001902e-05
5.96997719e-05
-1.423381824e-05
6.253636211e-05
-6.26681697e-05
6.303007145e-05
-6.259491627e-05
1.281058414e-05
-1.276519536e-05
6.298468267e-05
5.926396795e-05
1.294788622e-05
6.211457635e-05
6.286351468e-05
1.73958544e-05
-8.256479205e-05
8.318442436e-05
-8.31245714e-05
8.303707769e-05
-8.058276271e-05
-1.23504832e-05
8.364337455e-05
-1.443643828e-06
-9.475140675e-06
-6.96639782e-05
1.305180446e-05
2.033106757e-05
-0.0001204671552
8.151485558e-05
-7.065892868e-05
8.20797525e-05
8.417110039e-05
8.125201191e-05
1.24838912e-05
-1.06263678e-05
8.104158885e-05
1.083679086e-05
-1.065353544e-05
7.980983043e-05
7.189451318e-05
-7.177301205e-05
-1.366432924e-05
7.194644313e-05
7.132943453e-05
-6.250006137e-05
-6.503093402e-06
-5.581579553e-06
7.724966187e-05
-6.516498891e-05
-1.729382471e-05
7.628230843e-05
-6.549157713e-05
-1.132185392e-05
7.911845636e-05
-9.551028666e-05
7.860685318e-05
-0.0001137468842
9.331258237e-05
-0.0001106064071
-7.511772363e-05
7.528549438e-05
-6.266821483e-06
-6.327635468e-05
1.043224156e-05
-1.802942093e-05
0.0001059044507
-7.373093368e-05
6.928243624e-05
-7.364657005e-05
-6.022198837e-05
9.784059218e-05
-0.0001773584527
0.0002426883006
0.0004290796509
-0.0004265776933
-0.0001916098423
0.0002947953885
-0.0004986647548
0.000433208528
0.0006138663257
-0.000611285133
-0.0003920596599
0.0004669845073
-0.0006072086574
0.0004865214222
-0.0004867544986
-0.000507286955
-8.655198778e-05
0.0001357868768
-0.0002035853327
0.0003221762355
0.000460436757
-0.0004571271123
-0.0002559627978
-0.0002066297298
0.0004387069425
0.0003889959872
-0.0005271835432
0.00056607129
0.0006257333352
-0.000626553178
-0.0005135798188
-0.0004311064183
0.0006150991313
0.00060892182
-0.0006170035538
0.0004802990516
-0.0004834173467
-0.0006585388421
-0.0005557789129
0.0004863021832
0.0004322027845
-0.0006106800788
0.0002981652033
0.0003106291583
0.0001809945649
0.0003105245149
-0.0001809766567
-0.0003105424231
-0.0001809202502
0.0002739858567
-0.0002740060008
0.0001809403942
5.808258105e-05
-0.0001444788375
0.0001444607294
-5.806447289e-05
4.787965137e-05
-4.787825122e-05
-0.0001444571589
-4.792399798e-05
-0.000135283839
4.790625247e-05
-0.0001014109238
0.0001661740632
-0.0001762645178
0.0004175089446
0.0003903908864
-0.0004167017497
-0.0003276969063
-0.0003077570005
0.0004520645471
0.0005082422227
-0.0004857205265
0.0007484988959
0.0005731183521
-0.0005940462686
-0.0006771792685
-0.0006028383942
0.0006200060599
0.0008073833022
-0.0005910923089
0.0004802057597
-0.0004825177002
-0.0008815736086
-0.0007517468977
0.0004808402348
0.0008022063002
0.0004249650906
-0.0008022091621
0.0003703931963
0.000407122042
-0.0001920116261
-0.0001783815701
0.0003950842582
-0.0001783815702
0.0003710142816
-0.0003710142816
0.0001783815701
0.0001101839923
-0.0003828713557
0.0001899323523
0.0001929390034
4.656823472e-05
0.0001929390034
-4.656823471e-05
-0.0001929390034
-4.657215018e-05
0.0001839201715
-0.000183916256
4.656823471e-05
-5.299965612e-05
0.0001064821721
-9.16062283e-05
0.0003487071389
0.0002432661725
-0.0002844213941
-0.0002575452982
-0.0003207911408
0.0003590297956
0.000445301317
-0.0003481116657
0.0007291655175
0.0004332354296
-0.0004761941495
-0.0006391619461
-0.0006846543452
0.0005464987039
0.0008105356753
-0.0004898951415
0.0009861267111
0.0004202960116
-0.0004441892554
-0.0009397988093
-0.0009139732973
0.0004737035731
0.001020705079
-0.0004063438906
0.001069328481
0.0002521433558
-0.0002593316075
-0.001060379268
-0.000946648524
0.0002612932033
0.001073488658
-0.0002055846501
-2.695973402e-06
2.061247154e-05
-1.437463984e-05
0.0001742123414
8.415290858e-05
-0.0001201622106
-0.0001085632604
-0.000224456756
0.0002012073945
0.0002504780743
-0.0001661087748
0.0005094954103
0.000232338435
-0.0002841394042
-0.000421510152
-0.000600282085
0.0003860847224
0.0005949229011
-0.0003078598949
0.0008118094779
0.0002738336795
-0.0003160913415
-0.0007479419135
-0.0009176829675
0.0003904765191
0.0008657189049
-0.0002989323491
0.0009644242024
0.0001818182433
-0.0002043897415
-0.0009420195008
-0.001064508337
0.000240268036
0.0009766089564
-0.0001634914716
0
0
0
1.804435975e-05
2.135443911e-06
-1.103663473e-05
-3.430764148e-06
-7.1685022e-05
5.310719703e-05
4.605582444e-05
-2.727769e-05
0.0001874574315
5.824236637e-05
-9.363722417e-05
-0.0001333308186
-0.0003482191292
0.0001822168251
0.0002449826187
-0.0001136149198
0.0004127415112
0.0001059129065
-0.0001446275908
-0.0003599201388
-0.0006614675293
0.0002301271906
0.0004599209182
-0.0001432047187
0.0005546116752
8.230595527e-05
-0.0001066134989
-0.0005318110482
-0.0008592036985
0.0001573471349
0.0005678925742
-8.632990636e-05
0
0
0
0
0
0
0
0
0
0
0
3.840161922e-06
0
-1.664209768e-06
-2.544038546e-07
-7.637187247e-05
3.051172353e-05
1.1599735e-05
-5.622838524e-06
5.992457811e-05
7.144014019e-06
-2.155251514e-05
-4.13464428e-05
-0.0002608781149
7.175934212e-05
7.869740679e-05
-2.499372481e-05
0.0001224921454
1.163164714e-05
-2.398139737e-05
-0.0001111048423
-0.0004129730577
5.992557596e-05
0.0001296277882
-2.014560066e-05
0
0
0
0
0
0
0
0
0
0
0
0
0
0
0
0
0
0
0
0
0
0
0
-9.766413758e-06
5.407524449e-07
0
0
0
0
0
0
-4.778393905e-05
3.605391605e-06
0
0
0
0
0
0
0
0
0
0
0
0
0
0
0
0
0
0
0
0
0
0
0
0
0
0
0
0
0
0
0
0
0
0
0
0
0
0
0
0
0
0
0
0
0
0
0
0
0
0
0
0
0
0
0
0
0
0
0
0
0
0
0
0
0
0
0
0
0
0
0
0
0
0
0
0
0
0
0
0
0
0
0
0
0
0
0
0
0
0
0
0
0
0
0
0
0
0
0
0
0
0
0
0
0
0
0
0
0
0
0
0
0
0
0
0
0
0
0
0
0
0
0
0
0
0
0
0
0
0
0
0
0
0
0
0
0
0
0
0
0
0
0
0
0
0
0
0
0
0
0
0
0
0
0
0
0
0
0
0
0
0
0
0
0
0
0
0
0
0
0
0
0
0
0
0
0
0
0
0
0
0
0
0
0
0
0
0
0
0
0
0
0
0
0
0
0
0
0
0
0
0
0
0
0
0
0
0
0
0
0
0
0
0
0
0
0
0
0
0
0
0
0
0
0
0
0
0
0
0
0
0
0
0
0
0
0
0
0
0
0
0
0
0
0
0
0
0
0
0
0
0
0
0
0
0
0
0
0
0
0
0
0
0
0
0
0
0
0
0
0
0
0
0
0
0
0
0
0
0
0
0
0
0
0
0
0
0
0
0
0
0
0
0
0
0
0
0
0
0
0
0
0
0
0
0
0
0
0
0
0
0
0
0
0
0
0
0
0
0
0
0
0
0
0
0
0
0
0
0
0
0
0
0
0
0
0
0
0
0
0
0
0
0
0
0
0
0
0
0
0
0
0
0
0
0
0
0
0
0
0
0
0
0
0
0
0
0
0
0
0
0
0
0
0
0
0
0
0
0
0
0
0
0
0
0
0
0
0
0
0
0
0
0
0
0
0
0
0
0
0
0
0
0
0
0
0
0
0
0
0
0
0
0
0
0
0
0
0
0
0
0
0
0
0
0
0
0
0
0
0
0
0
0
0
0
0
0
0
0
0
0
0
0
0
0
0
0
0
0
0
0
0
0
0
0
0
0
0
0
0
0
0
0
0
0
0
0
0
0
0
0
0
0
0
0
0
0
0
0
0
0
0
0
0
0
0
0
0
0
0
0
0
0
0
0
0
0
0
0
0
0
0
0
0
0
0
0
0
0
0
0
0
0
0
0
0
0
0
0
0
0
0
0
0
0
0
0
0
0
0
0
0
0
0
0
0
0
0
0
0
0
0
0
0
0
0
0
0
0
0
0
0
0
0
0
0
0
0
0
0
0
0
0
0
0
0
0
0
0
0
0
0
0
0
0
0
0
0
0
0
0
0
0
0
0
0
0
0
0
0
0
0
-4.792194353e-05
-0.0001324612624
-4.795428484e-05
-0.0001235784057
4.79293002e-05
-5.811578129e-05
-0.0001235431297
5.810250897e-05
0.000123556402
-4.65796834e-05
-0.0001810805511
-4.760518622e-05
-0.0001428998961
4.659896218e-05
-5.812723846e-05
-0.00014060605
5.679668893e-05
0.0001419365995
1.572219471e-05
-1.573693905e-05
0.0002620466706
-0.0001809331927
-0.0002620337281
0.0002258236788
-0.0002258267589
0.0001808915981
-0.0004637325737
0.0002258257323
0.0002378737888
0.0001143553378
-0.0002258411797
0.0001264198461
0.0001672786062
0.0002258165795
0.0001672915508
0.0002620430695
-0.0001672879497
0.0003589764978
-0.0001783815701
-0.0003589764978
0.0003246975294
-0.0003247196226
0.0001810166581
-0.000651956837
0.0003252830597
0.0003314721947
-0.0001264937889
0.0001629304588
-0.0003247367126
0.0001287281442
-0.0001673514455
0.0001673041784
0.0003247447965
0.0001647428377
0.0003589764978
-0.0001647428377
0.0001673069123
0.0002739704953
0.0003105090339
-0.0001673359645
0.000153762528
-0.0001263732405
-0.0003104883149
4.787384374e-05
-4.78716175e-05
-0.0001565892976
-0.0001474686913
4.788061216e-05
-0.0001474655129
5.808299555e-05
0.0001474650983
-7.812864812e-05
-1.752851959e-05
1.836797691e-05
-1.851301875e-05
-7.798360629e-05
1.819939511e-05
-7.890471382e-05
1.84371928e-05
-1.856012174e-05
-6.72931282e-05
6.828254966e-05
-6.811574821e-05
1.827039135e-05
1.74727681e-05
0.0004552675862
6.927099299e-05
-6.927099298e-05
-0.0004552675862
0.0004191598259
-0.0004191598259
6.927099298e-05
-0.0004191598258
0.0001101839923
0.0004191598259
5.563394572e-05
0.0004191598259
5.563394574e-05
0.0004552675862
-5.563394573e-05
-0.000184078415
1.58863336e-05
-0.0001929388499
-1.588351578e-05
-6.571807536e-05
-1.788102395e-05
1.859641938e-05
-1.850560375e-05
-6.580889098e-05
-6.662511202e-05
-5.754005766e-05
5.755233149e-05
-1.945568962e-05
-1.75178988e-05
-5.769220885e-05
-0.000120455564
0.0001204677531
-5.812797041e-05
-4.796067761e-05
-0.0001204897646
9.19026867e-05
-9.078812713e-05
1.725881054e-05
-8.882691653e-05
1.913378557e-05
8.906485526e-05
-0.0001812834298
3.667431715e-05
-1.895854326e-05
-1.823668195e-05
1.801945759e-05
-7.968588532e-05
8.065793358e-05
-8.04691266e-05
-0.0001742213489
0.0001748490895
-5.875497904e-05
-4.788915174e-05
-0.000176284068
-0.0001595306843
4.78783787e-05
0.0001816118196
2.564354394e-05
-1.300491678e-05
-1.191460375e-05
8.942735933e-05
-9.066450779e-05
1.17968376e-05
1.558124305e-05
9.304043438e-05
1.728960376e-05
-1.736023304e-05
-7.336147829e-05
7.385211432e-05
-7.391055157e-05
1.734804101e-05
1.617830141e-05
0.000150391993
4.456458269e-05
-0.00015046676
-4.111264916e-05
2.02677005e-05
7.462323016e-05
2.10927278e-05
-4.105880494e-05
7.404393626e-05
2.031924082e-05
-2.035909354e-05
-7.866974031e-05
-7.664391131e-05
2.033227421e-05
-0.00015381455
7.661454988e-05
7.732188922e-05
0.0001387440547
4.451972368e-05
-0.0001386834073
-4.136289568e-05
4.118882739e-05
6.897844821e-05
-4.124854679e-05
6.801978074e-05
-4.102497221e-05
7.188023267e-05
-0.0001417663623
7.129642724e-05
-0.0001417222775
-7.215963555e-05
-1.676600908e-05
1.748669747e-05
-1.764180617e-05
-7.200452686e-05
-7.263766653e-05
1.756110126e-05
-1.764173117e-05
-6.14854215e-05
6.217936414e-05
-6.218405781e-05
1.756579493e-05
1.657182686e-05
0.000126588629
4.455573889e-05
-0.0001265741112
-4.11888892e-05
4.123806695e-05
6.29054937e-05
-4.122064846e-05
6.218407944e-05
-4.128492808e-05
6.587930853e-05
-0.0001295721677
6.515785021e-05
-0.0001296025388
0.0001143949838
4.461751891e-05
-0.0001143926779
4.125311951e-05
5.687222416e-05
-4.129343131e-05
5.989745699e-05
-0.0001173256375
5.906919426e-05
-0.0001173127324
-6.011007646e-05
-1.705514546e-05
1.772380556e-05
-1.784370454e-05
-5.999017748e-05
-6.078162143e-05
4.459073486e-05
-0.000162864849
8.104693717e-05
8.174644657e-05
2.011213674e-05
-2.015841162e-05
-8.177137637e-05
-7.940494661e-05
2.028184743e-05
1.960234994e-05
-1.986283936e-05
-8.880321571e-05
-8.231185413e-05
2.006210033e-05
-0.000167468089
8.229754469e-05
8.285324736e-05
-8.305071347e-05
-9.631009806e-06
1.01334635e-05
-9.995505867e-06
-8.318867111e-05
-8.268789459e-05
8.006799311e-06
9.581225648e-06
-9.57469193e-06
8.07953619e-05
9.827452594e-06
9.260577087e-06
8.050213272e-05
-7.84481212e-05
-8.506011273e-06
7.82888846e-05
9.519307542e-06
-9.360575557e-06
7.497223678e-06
7.875721905e-06
-0.0003703931963
0.0008982943167
0.0003705148728
-0.0008503574356
0.0008503574355
-0.0008504367088
-0.0001238272354
-0.0004191598259
0.0001238272354
0.0003158406469
-0.0001647428377
0.0004191598258
0.0004311976097
-0.0001510978092
0.0003158406469
0.0001647428377
0.0003710142816
0.000407122042
-0.0001647428377
-0.0001238272354
-0.000407122042
-9.655036559e-05
0.000407122042
9.655036559e-05
-0.0003950842582
0.0003950842582
-4.998213087e-05
-0.0003950842582
-0.0003950842582
-3.293093998e-05
0.0003950839856
-3.633978049e-05
8.291163311e-05
-4.315884916e-05
-3.975278396e-05
8.291163311e-05
4.316246706e-05
0.000184096637
0.0001929390034
-4.315884916e-05
0.0001929376407
-3.292957736e-05
-0.0001929390034
1.846623256e-05
-7.621717531e-05
-1.812023253e-05
7.710701374e-05
-7.715379993e-05
7.724048948e-05
1.97625092e-05
-7.728051732e-05
-1.911782697e-05
1.920451652e-05
-1.890372169e-05
-1.912948927e-05
1.900819744e-05
-7.790857904e-05
-7.788593008e-05
2.95214354e-05
0.0001929370612
-2.952085587e-05
1.929310963e-05
-1.929368915e-05
-0.0001929382703
-0.0001842329475
1.930063434e-05
-4.199557035e-05
4.199557035e-05
-0.0003950838321
-2.270273323e-05
-2.611235684e-05
-1.566183385e-05
1.554696573e-05
-5.734340525e-05
-5.717425425e-05
1.332802803e-05
-7.77687559e-05
6.35698952e-05
-7.089245718e-05
2.065059001e-05
5.806210903e-05
8.587320133e-06
0.0001747476584
4.338190239e-05
-0.0001749013391
4.037654186e-05
8.681603603e-05
-2.043515553e-05
-2.00026105e-05
-7.691952494e-05
1.929497759e-05
-4.01098265e-05
3.975491385e-05
-0.000178118358
8.955815678e-05
-0.0001779158209
8.031734382e-05
1.945593684e-05
-8.019732334e-05
-1.885472608e-05
1.870294331e-05
-1.854664762e-05
1.84015644e-05
-8.125177404e-05
-8.115412941e-05
-8.869964195e-06
-0.0001782846776
-1.877093994e-05
0.0001780370361
2.214891805e-05
-1.057630171e-05
-9.026203628e-05
-1.016789832e-05
2.257533598e-05
1.123514798e-05
7.915423892e-05
8.842948056e-05
-9.877993501e-06
-1.221053369e-05
8.949585466e-06
0.0001492517127
-8.817452744e-05
-7.658717702e-05
-2.166013162e-06
-3.133427764e-05
6.659613249e-05
-3.309584168e-05
7.849743915e-05
-6.2466349e-05
7.398756015e-05
1.92704247e-05
-1.830437975e-05
1.838138833e-05
-1.831582424e-05
-1.859636291e-05
7.504196018e-05
-7.449089527e-05
7.427592069e-05
-7.395944152e-05
1.766452019e-05
1.77922016e-05
-7.082836149e-05
-1.794947768e-05
7.160342602e-05
-7.145303058e-05
7.135426336e-05
1.927775126e-05
-1.85654168e-05
1.846664957e-05
-1.868110777e-05
-1.838061755e-05
-7.191849484e-05
5.956785264e-05
-5.940201627e-05
-1.542239029e-05
8.298595392e-05
1.906118992e-05
-8.287866391e-05
-1.82800448e-05
1.814142732e-05
-1.786334004e-05
1.709410812e-05
-8.390467852e-05
-8.370300228e-05
-1.064618405e-05
8.204354778e-05
1.03862332e-05
-8.148074778e-05
8.16713546e-05
-8.154157514e-05
8.128732005e-05
9.957232043e-06
9.916893307e-06
9.646787198e-06
7.753587351e-05
7.76319497e-05
6.803191975e-05
1.953929967e-05
-1.900495356e-05
1.89211251e-05
-1.907283988e-05
-1.880055394e-05
7.010648236e-05
-6.905591877e-05
6.917648992e-05
-6.933620752e-05
1.811067376e-05
1.825922705e-05
-6.412293912e-05
-1.791941207e-05
6.46726684e-05
-6.49190451e-05
6.506426722e-05
1.958885551e-05
-1.888066284e-05
1.902588496e-05
-1.870474071e-05
-1.90910988e-05
-6.587410482e-05
6.218148444e-05
1.933454263e-05
-1.846735134e-05
1.846477796e-05
-1.848847623e-05
-1.854702052e-05
6.341746062e-05
-6.287213564e-05
6.278989308e-05
-6.268484055e-05
1.767084746e-05
1.794510017e-05
-5.830631145e-05
-1.804917431e-05
5.924559016e-05
-5.914419454e-05
5.907996101e-05
1.94030599e-05
-1.866332549e-05
1.859909197e-05
-1.872391637e-05
-1.854617768e-05
-5.99372632e-05
1.00077586e-05
-8.256968992e-05
8.317705268e-05
-8.316479995e-05
8.215011259e-05
1.119436278e-05
-1.048796426e-05
9.473276903e-06
-1.038727999e-05
1.026746556e-05
-8.410267419e-05
7.370447853e-05
1.931830591e-05
-7.469290452e-05
-1.661523725e-05
1.94272586e-05
-1.981337804e-05
8.872377765e-05
1.932961146e-05
-8.65154531e-05
8.612933367e-05
-8.652013866e-05
0.000123960023
2.025978502e-05
1.913374402e-05
-8.735800768e-06
9.252710021e-05
1.231563116e-05
-0.000131766005
9.169592662e-05
-8.892127109e-05
6.332774633e-06
7.313896169e-05
8.691904565e-06
-5.917249035e-06
1.098106163e-05
6.261091223e-07
6.130499258e-05
8.252597049e-05
0
0
0
0
0
0
8.372710217e-06
1.082012537e-05
0.0001062432205
-0.0001052082673
-3.083331749e-05
0
0
0
0
0
0
0
0
1.798020326e-05
1.906080923e-05
0.0001301475613
-0.0001266164665
-4.715071554e-05
-3.547061608e-05
0.0001154466432
0.000124170306
0.0001972772999
-7.846424832e-05
-0.0002725284599
0.0002817514224
0.0001771314449
-0.0002582169615
0.0001549616264
0.0003569305872
-0.0002958942675
0.0005201693367
-0.0005641215333
0.000574658348
0.0004158238724
-0.0005590534032
0.0003795019545
0.0005606219204
-0.000518071683
0.0006151755246
-0.0005858690326
0.0005874330084
0.0005896283376
-0.0005843969201
0.000539576419
0.0001386480511
5.809653389e-05
-5.468546593e-05
5.468002175e-05
0.0001386534953
-5.467962336e-05
0.0001352858693
0
0
0
0
0
0
0
0
2.059896116e-05
1.734624585e-05
9.206542873e-05
-0.0001057850871
-5.112309248e-05
-5.749178961e-05
0.0001253248391
0.0001696490807
0.0001908891849
-0.0001074137741
-0.0002857930475
0.0002732686981
0.000241801197
-0.0002930166534
0.0002331099292
0.000485379935
-0.0004031646609
0.0005066113059
-0.0005743607485
0.0005603926987
0.0005638649513
-0.000582224381
0.0005361557319
0.0007452739701
-0.0006965507869
0.0006031605194
-0.0005825445398
0.0005776963057
0.0007795999661
-0.0005849391582
0.0007357710451
0
0
0
0
0
0
0
0
4.357005845e-06
1.281797553e-06
2.930584446e-05
-4.42386733e-05
-1.744764351e-05
-4.45371145e-05
7.663498468e-05
0.0001441554568
0.0001149003444
-8.2017657e-05
-0.0002086925853
0.0001806239993
0.0002200552048
-0.0002340686314
0.0002343834369
0.0004959521793
-0.0003997843783
0.0003893812539
-0.0004824813025
0.000445341605
0.0005909974839
-0.0005142923202
0.0005987485346
0.0008337951488
-0.0007629556907
0.0005237795191
-0.0005400314157
0.000517099803
0.0008917647311
-0.0005573222015
0.0008773412587
0.0009846209568
-0.0009665027864
0.0004188347433
-0.0003717252042
0.0003693710667
0.0009925268953
0.0009465763721
0.0009945630431
-0.0009944877618
0.000206776699
-0.0001521826261
0.0001521826261
0.0009945630431
0.000946648524
-8.29116331e-05
0
0
0
0
0
0
0
0
0
0
8.042865681e-08
-2.271971467e-06
0
-9.007672439e-06
1.666116443e-05
6.106091055e-05
2.887473195e-05
-2.251679745e-05
-9.135163773e-05
6.411322481e-05
0.0001167939752
-0.0001207272542
0.0001473710657
0.0003596033755
-0.0002693440534
0.0002113718849
-0.0003096754288
0.0002601758772
0.0004543202064
-0.0003579138236
0.0005037478482
0.0007296606965
-0.0006425908442
0.0003583256007
-0.0004134333718
0.0003689329803
0.000808591959
-0.0004534998861
0.0008531115664
0.0009830678665
-0.0009359108072
0.0003332819244
-0.0003277883413
0.0003028956127
0.00101946568
-0.0003474559186
0.001043022949
0.001072191623
-0.001063138575
0.0001789048511
-0.0001407818202
0.0001316051363
0.001073583439
-0.0001474306335
0.001085886592
0
0
0
0
0
0
0
0
0
0
0
0
0
0
0
1.075683771e-06
0
0
-8.123332644e-06
1.713712841e-06
1.235410589e-05
-2.126706963e-05
3.120561353e-05
0.0001374812948
-8.253898942e-05
5.277412701e-05
-0.0001195558329
8.064405135e-05
0.0002020818686
-0.0001634909095
0.0002679033547
0.0004234949058
-0.000348126999
0.0001576705092
-0.0002221654908
0.0001741746584
0.0004966778093
-0.0002717325364
0.0005897662081
0.0006811541902
-0.0006272728297
0.0001819988233
-0.0002062783656
0.0001708191058
0.0007257913609
-0.0002409763332
0.0008248630689
0.0007983311156
-0.000784694406
0.000106418342
-9.316660309e-05
7.845952516e-05
0.0008013241089
-0.0001072935777
0.0008986585204
0
0
0
0
0
0
0
0
0
0
0
0
0
0
0
0
0
0
0
0
0
0
0
2.898005365e-06
0
0
-7.432487513e-06
7.409803302e-07
1.324357728e-05
-2.346179461e-05
4.187195545e-05
9.56053245e-05
-6.16842465e-05
2.024536446e-05
-5.574698736e-05
2.929407908e-05
0.0001329417625
-8.950616169e-05
0.000212679049
0.00024393675
-0.0002090749646
4.676241932e-05
-7.310328318e-05
4.734507861e-05
0.0002744572549
-0.0001029866869
0.0003841595357
0.0003286941649
-0.0003176527086
3.330832562e-05
-3.645648702e-05
2.484762879e-05
0.0003321198892
-4.957355643e-05
0.0004498411376
0
0
0
0
0
0
0
0
0
0
0
0
0
0
0
0
0
0
0
0
0
0
0
0
0
0
0
0
0
0
0
0
0
0
0
0
0
-1.572161343e-06
4.059703166e-06
4.695952002e-06
-1.886283494e-06
0
-2.59808421e-06
1.579522551e-10
7.978390941e-06
-1.152169194e-05
3.850865605e-05
1.679925162e-05
-1.460579693e-05
2.226757677e-07
-2.629124281e-06
2.15221707e-07
1.76297641e-05
-7.657316598e-06
6.158255134e-05
0
0
0
0
0
0
0
0
0
0
0
0
0
0
0
0
0
0
0
0
0
0
0
0
0
0
0
0
0
0
0
0
0
0
0
0
0
0
0
0
0
0
0
0
0
0
0
0
0
0
0
0
0
0
0
0
0
0
0
0
0
0
0
0
0
0
0
0
0
0
0
0
0
0
0
0
0
0
0
0
0
0
0
0
0
0
0
0
0
0
0
0
0
0
0
0
0
0
0
0
0
0
0
0
0
0
0
0
0
0
0
0
0
0
0
0
0
0
0
0
0
0
0
0
0
0
0
0
0
0
0
0
0
0
0
0
0
0
0
0
0
0
0
0
0
0
0
0
0
0
0
0
0
0
0
0
0
0
0
0
0
0
0
0
0
0
0
0
0
0
0
0
0
0
0
0
0
0
0
0
0
0
0
0
0
0
0
0
0
0
0
0
0
0
0
0
0
0
0
0
0
0
0
0
0
0
0
0
0
0
0
0
0
0
0
0
0
0
0
0
0
0
0
0
0
0
0
0
0
0
0
0
0
0
0
0
0
0
0
0
0
0
0
0
0
0
0
0
0
0
0
0
0
0
0
0
0
0
0
0
0
0
0
0
0
0
0
0
0
0
0
0
0
0
0
0
0
0
0
0
0
0
0
0
0
0
0
0
0
0
0
0
0
0
0
0
0
0
0
0
0
0
0
0
0
0
0
0
0
0
0
0
0
0
0
0
0
0
0
0
0
0
0
0
0
0
0
0
0
0
0
0
0
0
0
0
0
0
0
0
0
0
0
0
0
0
0
0
0
0
0
0
0
0
0
0
0
0
0
0
0
0
0
0
0
0
0
0
0
0
0
0
0
0
0
0
0
0
0
0
0
0
0
0
0
0
0
0
0
0
0
0
0
0
0
0
0
0
0
0
0
0
0
0
0
0
0
0
0
0
0
0
0
0
0
0
0
0
0
0
0
0
0
0
0
0
0
0
0
0
0
0
0
0
0
0
0
0
0
0
0
0
0
0
0
0
0
0
0
0
0
0
0
0
0
0
0
0
0
0
0
0
0
0
0
0
0
0
0
0
0
0
0
0
0
0
0
0
0
0
0
0
0
0
0
0
0
0
0
0
0
0
0
0
0
0
0
0
0
0
0
0
0
0
0
0
0
0
0
0
0
0
0
0
0
0
0
0
0
0
0
0
0
0
0
0
0
0
0
0
0
0
0
0
0
0
0
0
0
0
0
0
0
0
0
0
0
0
0
0
0
0
0
0
0
0
0
0
0
0
0
0
0
0
0
0
0
0
0
0
0
0
0
0
0
0
0
0
0
0
0
0
0
0
0
0
0
0
0
0
0
0
0
0
0
0
0
0
0
0
0
0
0
0
0
0
0
0
0
0
0
0
0
0
0
0
0
0
0
0
0
0
0
0
0
0
0
0
0
0
0
0
0
0
0
0
0
0
0
0
0
0
0
0
0
0
0
0
0
0
0
0
0
0
0
0
0
0
0
0
0
0
0
0
0
0
0
0
0
0
0
0
0
0
0
0
0
0
0
0
0
0
0
0
0
0
0
0
0
0
0
0
0
0
0
0
0
0
0
0
0
0
0
0
0
0
0
0
0
0
0
0
0
0
0
0
0
0
0
0
0
0
0
0
0
0
0
0
0
0
0
0
0
0
0
0
0
0
0
0
0
0
0
0
0
0
0
0
0
0
0
0
0
0
0
0
0
0
0
0
0
0
0
0
0
0
0
0
0
0
0
0
0
0
0
0
0
0
0
0
0
0
0
0
0
0
0
0
0
0
0
0
0
0
0
0
0
0
0
0
0
0
0
0
0
0
0
0
0
0
0
0
0
0
0
0
0
0
0
0
0
0
0
0
0
0
0
0
0
0
0
0
0
0
0
0
0
0
0
0
0
0
0
0
0
0
0
0
0
0
0
0
0
0
0
0
0
0
0
0
0
0
0
0
0
0
0
0
0
0
0
0
0
0
0
0
0
0
0
0
0
0
0
0
0
0
0
0
0
0
0
0
0
0
0
0
0
0
0
0
0
0
0
0
0
0
0
0
0
0
0
0
0
0
0
0
0
0
0
0
0
0
0
0
0
0
0
0
0
0
0
0
-5.468681769e-05
0.0001324546458
-0.0001295496325
0.0001295661914
-5.470337663e-05
-5.810117349e-05
-5.339181398e-05
0.0001810808487
-0.0001779001597
0.0001779001597
-5.339181398e-05
-5.679668894e-05
-0.0002500169843
0.0001265880835
-0.0001264679887
0.0001400305769
-0.0001400351239
-0.0002500124374
0.0001400100606
-0.0002620375833
-0.0003151444647
0.0001748935086
-0.0001241823293
0.0001374659679
-0.000138555777
-0.0003140546556
0.0001374659679
-0.0003589764978
0.0001400217716
-0.0002739598992
0.0002860044221
-0.0002860132136
0.0001400305631
0.0001416598423
0.0001262935826
-5.467912134e-05
5.467807176e-05
0.0001565934807
-0.0001537889162
0.0001538008952
-5.469110026e-05
-5.809931789e-05
0.0001143575915
5.811911852e-05
5.472458492e-05
0.0001143650692
0.0001628402274
5.821046257e-05
-5.469288376e-05
5.469650117e-05
0.00016283661
0.0001595225925
-7.926987187e-06
0.0001374659679
-0.0003710142816
0.0003828713557
-0.0003828713557
0.0001374659679
0.0001238272354
3.650878189e-05
-0.0001840990645
0.0001870952288
-0.0001869262273
3.633978049e-05
0.0001872533761
3.292494442e-05
0.0001872415693
2.951796286e-05
-2.595077348e-05
2.611500848e-05
0.0001870773343
0.0001842013717
8.69312278e-06
1.108990831e-05
-8.701139047e-05
7.181165309e-05
-7.293227846e-05
-0.000259428439
0.0001422254047
-8.259688663e-05
0.0001243433714
-5.03799904e-05
-0.0001678284401
0.000214001893
0.0003447406838
0.0003417416339
-0.0005557566394
0.0003452926002
-0.000261038027
0.000307021222
-0.0003500657337
0.000388282693
0.0005940009271
0.0005970465405
-0.0005831071808
0.0004920345191
-0.0004200417903
0.0004438589983
-0.000458659851
0.0005416855669
0.0005421899209
-0.0002888791579
0.0001930013891
-0.000132537655
0.0001887234952
-8.413005408e-05
-0.0002504749611
-0.0004496293438
0.0003153135869
0.0003756439932
-0.000368124022
0.0003795277569
0.0003578085287
0.000235151413
-0.0005808339391
0.0004537100515
-0.0003806803498
0.0004438990676
-0.0005024266214
-0.0006230880896
0.000553874087
0.0006145315751
-0.0006095674632
0.0006148156896
0.0006000646024
0.0004702640513
-0.0005875671685
0.0006402146114
-0.0005960556589
0.000627155201
-0.0006458687563
-0.0004861176155
0.0005413061219
-0.0005428984198
0.0005381188539
0.0005426224082
0.0006065160601
-5.467955091e-05
0.0001444612074
5.467907293e-05
-0.0001416919033
0.0001416923741
-0.0001417019066
-4.789862207e-05
5.126894973e-05
-5.127848225e-05
5.127299826e-05
5.130076388e-05
-5.129873357e-05
0.0001386757769
-0.0002558367454
0.0002426941163
-0.0001702583267
0.0002451488561
-0.0001061750291
-0.0003276347663
-0.0004373981268
0.0004141424183
0.000338110415
-0.0003576189205
0.000313526808
0.0003715392026
0.0003207781415
-0.0005403361481
0.0005960179291
-0.000500909257
0.0005841910921
-0.0006604567199
-0.0006095578315
0.0007265766115
0.0005770779403
-0.0005953069968
0.0005530383664
0.0006078360879
0.0006352558188
-0.000569592503
0.0008520324157
-0.0007800083627
0.0008189405532
-0.0008424149086
-0.0004820487401
0.0005321866959
-0.000536032938
0.0005248930977
0.0005376507349
0.0007984575189
4.998213087e-05
-4.998213087e-05
0.0001870980256
4.998213087e-05
0.0001870980256
4.656823471e-05
-0.0001509042444
0.0001756440509
-0.0001269307799
0.0002002961531
-6.831989733e-05
-0.0002853082433
-0.0003233943571
0.0003783527661
0.0002169626992
-0.0002520110217
0.0001805904304
0.0002845368788
0.0003064958383
-0.0004035111837
0.0005433899044
-0.0004755040127
0.0005727687775
-0.0006663250637
-0.0005141283466
0.000752755978
0.0004470247822
-0.0004876961322
0.0004019074738
0.0005231760629
0.0006811208455
-0.0004882192415
0.0008811614142
-0.0008292794409
0.0008939194392
-0.0009456282533
-0.0004619237916
0.0009843560542
0.0004723084316
-0.0004956538481
0.0004429000049
0.0005130083654
0.000935953535
-0.0003613665249
0.001044844629
-0.001011030351
0.001027447847
-0.001036052786
-0.000261647083
0.001039564057
0.0003117084377
-0.0003162758145
0.0003016385863
0.0003159659647
0.0009939985217
-0.0001512655133
0.001074027031
-0.001040487422
0.00104054457
9.674315587e-05
-9.762951609e-05
9.399003652e-05
9.762951607e-05
-4.199557035e-05
-4.032399801e-05
5.652825973e-05
-3.926823311e-05
8.584124928e-05
-1.039434584e-05
-0.0001479253735
-0.0001596830661
0.000222720107
7.689276004e-05
-0.0001091495876
4.882156052e-05
0.0001441840661
0.0001872435135
-0.0002109082421
0.0003340529518
-0.0003069628956
0.0003971303613
-0.0004896445804
-0.0003359228284
0.000581078305
0.0002511726243
-0.0003026064766
0.0002006610602
0.0003533365167
0.0005498038169
-0.0003212037516
0.0006751224364
-0.0006683612696
0.0007489318215
-0.0008208384922
-0.0003554071198
0.0008827941187
0.0003238184004
-0.0003677109412
0.0002774964748
0.0004077724228
0.0008776649612
-0.0002735984883
0.000909161208
-0.0009341447012
0.0009747754898
-0.001004970135
-0.0002241407035
0.001025223019
0.0002415788665
-0.0002659668406
0.0002140146452
0.0002862298921
0.001045848312
-0.0001202844426
0.0009787934833
-0.001036049727
0.001037830195
7.606521075e-05
-8.342987704e-05
6.769827596e-05
8.948837654e-05
0
0
0
2.425574195e-06
0
-1.634877829e-05
-2.834286561e-05
4.533466594e-05
2.215692965e-06
-1.039158348e-05
0
2.626147094e-05
4.003402127e-05
-4.820412383e-05
8.530942649e-05
-8.735065469e-05
0.0001399210761
-0.0002002885048
-0.0001354400605
0.000265560046
7.114065211e-05
-0.0001090601528
4.033424954e-05
0.0001527511708
0.0002733263182
-0.0001294450814
0.0003032820809
-0.0003328657535
0.0003994913526
-0.0004629849548
-0.0001865261601
0.0005212439856
0.0001399887678
-0.0001839375065
0.0001000048667
0.0002303266046
0.0005652661321
-0.0001359614649
0.000499983998
-0.000572551652
0.0006155798349
-0.0006493719165
-0.0001319440156
0.000673294626
0.000123488325
-0.0001537947091
9.45793335e-05
0.0001843690554
0.0007604479029
-6.374735927e-05
0.0005714279461
-0.0006869853959
0.0006903073427
4.001078898e-05
-4.931877301e-05
3.107733868e-05
5.866686081e-05
0
0
0
0
0
0
0
0
0
0
0
0
0
0
0
0
1.529942403e-06
-8.252759524e-06
-1.141623391e-05
2.248605539e-05
1.110196694e-07
-4.357244982e-06
0
1.77873799e-05
3.347679466e-05
-1.103932196e-05
2.46376075e-05
-4.334195914e-05
6.87451587e-05
-9.663194518e-05
-4.332017167e-05
0.0001250409261
1.667296954e-05
-3.729745138e-05
4.167560839e-06
6.538850153e-05
0.000171458029
-2.659563826e-05
9.617595603e-05
-0.0001521842037
0.0001765013465
-0.0001967015567
-4.025641772e-05
0.0002117844319
2.62258257e-05
-4.508809849e-05
1.216329145e-05
6.813830151e-05
0.0002993531619
-1.514366489e-05
0.0001320937845
-0.0002210495937
0.0002240996813
9.486148527e-06
-1.555862701e-05
4.804855379e-06
2.283535921e-05
0
0
0
0
0
0
0
0
0
0
0
0
0
0
0
0
0
0
0
0
0
0
0
0
0
0
0
0
0
0
0
0
0
0
0
5.780776054e-08
2.01465546e-07
0
0
0
8.418939453e-10
-2.838323886e-07
-1.466300744e-07
8.05047567e-07
0
-4.47706541e-08
0
3.349193616e-06
1.144945543e-05
0
0
-1.254780579e-06
1.44042009e-06
0
-1.399627483e-07
0
1.658217752e-06
0
0
0
0
0
0
0
0
0
0
0
0
0
0
0
0
0
0
0
0
0
0
0
0
0
0
0
0
0
0
0
0
0
0
0
0
0
0
0
0
0
0
0
0
0
0
0
0
0
0
0
0
0
0
0
0
0
0
0
0
0
0
0
0
0
0
0
0
0
0
0
0
0
0
0
0
0
0
0
0
0
0
0
0
0
0
0
0
0
0
0
0
0
0
0
0
0
0
0
0
0
0
0
0
0
0
0
0
0
0
0
0
0
0
0
0
0
0
0
0
0
0
0
0
0
0
0
0
0
0
0
0
0
0
0
0
0
0
0
0
0
0
0
0
0
0
0
0
0
0
0
0
0
0
0
0
0
0
0
0
0
0
0
0
0
0
0
0
0
0
0
0
0
0
0
0
0
0
0
0
0
0
0
0
0
0
0
0
0
0
0
0
0
0
0
0
0
0
0
0
0
0
0
0
0
0
0
0
0
0
0
0
0
0
0
0
0
0
0
0
0
0
0
0
0
0
0
0
0
0
0
0
0
0
0
0
0
0
0
0
0
0
0
0
0
0
0
0
0
0
0
0
0
0
0
0
0
0
0
0
0
0
0
0
0
0
0
0
0
0
0
0
0
0
0
0
0
0
0
0
0
0
0
0
0
0
0
0
0
0
0
0
0
0
0
0
0
0
0
0
0
0
0
0
0
0
0
0
0
0
0
0
0
0
0
0
0
0
0
0
0
0
0
0
0
0
0
0
0
0
0
0
0
0
0
0
0
0
0
0
0
0
0
0
0
0
0
0
0
0
0
0
0
0
0
0
0
0
0
0
0
0
0
0
0
0
0
0
0
0
0
0
0
0
0
0
0
0
0
0
0
0
0
0
0
0
0
0
0
0
0
0
0
0
0
0
0
0
0
0
0
0
0
0
0
0
0
0
0
0
0
0
0
0
0
0
0
0
0
0
0
0
0
0
0
0
0
0
0
0
0
0
0
0
0
0
0
0
0
0
0
0
0
0
0
0
0
0
0
0
0
0
0
0
0
0
0
0
0
0
0
0
0
0
0
0
0
0
0
0
0
0
0
0
0
0
0
0
0
0
0
0
0
0
0
0
0
0
0
0
0
0
0
0
0
0
0
0
0
0
0
0
0
0
0
0
0
0
0
0
0
0
0
0
0
0
0
0
0
0
0
0
0
0
0
0
0
0
0
0
0
0
0
0
0
0
0
0
0
0
0
0
0
0
0
0
0
0
0
0
0
0
0
0
0
0
0
0
0
0
0
0
0
0
0
0
0
0
0
0
0
0
0
0
0
0
0
0
0
0
0
0
0
0
0
0
0
0
0
0
0
0
0
0
0
0
0
0
0
0
0
0
0
0
0
0
0
0
0
0
0
0
0
0
0
0
0
0
0
0
0
0
0
0
0
0
0
0
0
0
0
0
0
0
0
0
0
0
0
0
0
0
0
0
0
0
0
0
0
0
0
0
0
0
0
0
0
0
0
0
0
0
0
0
0
0
0
0
0
0
0
0
0
0
0
0
0
0
0
0
0
0
0
0
0
0
0
0
0
0
0
0
0
0
0
0
0
0
0
0
0
0
0
0
0
0
0
0
0
0
0
0
0
0
0
0
0
0
0
0
0
0
0
0
0
0
0
0
0
0
0
0
0
0
0
0
0
0
0
0
0
0
0
0
0
0
0
0
0
0
0
0
0
0
0
0
0
0
0
0
0
0
0
0
0
0
0
0
0
0
0
0
0
0
0
0
0
0
0
0
0
0
0
0
0
0
0
0
0
0
0
0
0
0
0
0
0
0
0
0
0
0
0
0
0
0
0
0
0
0
0
0
0
0
0
0
0
0
0
0
0
0
0
0
0
0
0
0
0
0
0
0
0
0
0
0
0
0
0
0
0
0
0
0
0
0
0
0
0
0
0
0
0
0
0
0
0
0
0
0
0
0
0
0
0
0
0
0
0
0
0
0
0
0
0
0
0
0
0
0
0
0
0
0
0
0
0
0
0
0
0
0
0
0
0
0
0
0
0
0
0
0
0
0
0
0
0
0
0
0
0
0
0
0
0
0
0
0
0
0
0
0
0
0
0
0
0
0
0
0
0
0
0
0
0
0
0
0
0
0
0
0
0
0
0
0
0
0
0
0
0
0
0
0
0
0
0
0
0
0
0
0
0
0
-0.0001295690918
-4.795539054e-05
5.130535011e-05
-5.130825049e-05
5.131740488e-05
-0.0001235633007
-5.133250986e-05
0.0001266002015
-0.0001265910471
0.000126589419
-5.470500473e-05
-5.471190345e-05
-0.0001779043726
-4.659113169e-05
4.998183329e-05
-4.998604629e-05
4.998604628e-05
-0.0001424997843
-5.038615811e-05
0.0001748935086
-0.0001748935086
0.0001748935086
-5.339181398e-05
-5.395499876e-05
1.559436962e-05
0.0001400188751
-0.0002258212417
0.0002378170091
-0.0002378332579
0.0001173133025
0.0002378373964
0.0001672690699
-0.0002378278601
-0.0001536361213
0.0001536402598
-0.0001536477387
0.0001536532249
-0.0002500199163
-0.0002500387961
0.0001401048169
-0.0003247785923
-0.0001400629372
0.0003375270562
-0.0003359780164
0.0001678515222
0.000334771543
0.0001661620664
-0.000333629431
-0.0001536695844
0.000152463111
-0.0001537033802
-0.0001510978092
0.0001510978092
-0.0003126893538
-0.0003112701251
0.000286033791
0.0001673258149
-0.0002860526936
-0.000153663821
0.0001536843984
-0.0001536985794
0.0003105042331
-0.0002980898106
0.0002980756296
-0.0002980999602
-0.0002980591737
0.0001505140028
0.000140047019
-0.0001538028455
-4.7883322e-05
5.12836383e-05
-5.128558864e-05
5.128782138e-05
5.126900484e-05
-0.0001474646979
0.0001504694698
-0.0001504860536
0.0001504976805
-5.467947339e-05
8.29116331e-05
-0.0004191598258
0.0004311976097
-0.0004311976097
8.291163313e-05
0.0004311976097
6.927099298e-05
0.0004311976097
0.0001101839923
-0.0004311976097
-9.655036558e-05
9.655036559e-05
0.0004311976097
5.563394572e-05
-4.199557032e-05
4.199557034e-05
-0.0001870952626
1.588418928e-05
-1.877213972e-05
5.760055484e-05
-5.690266179e-05
5.695578234e-05
-5.704854836e-05
1.814082833e-05
-5.47345609e-05
0.0001204904105
-0.0001173044506
0.0001172944746
-0.0001173054782
-4.796793182e-05
5.13318639e-05
-5.134286752e-05
0.0001143746434
1.814158257e-05
-8.979596568e-05
9.055958839e-05
-9.009521818e-05
9.142386154e-05
8.973339909e-05
-1.859850104e-05
-5.46348904e-05
0.0001755289811
-0.0001673070058
0.0001673686165
-0.0001675063216
-4.785091908e-05
5.114124503e-05
-5.127895012e-05
5.127972951e-05
0.0001628373893
1.227786304e-05
-9.19613092e-05
9.037980243e-05
-9.110685617e-05
9.152298839e-05
-1.339475634e-05
-7.786849896e-05
-2.037652467e-05
2.10527774e-05
-2.106048781e-05
2.105440626e-05
2.106336637e-05
7.732476778e-05
-8.108504215e-05
-2.022749887e-05
2.097286684e-05
-2.101097183e-05
2.094793704e-05
2.101164525e-05
8.014297478e-05
-8.357459427e-05
-1.999124737e-05
2.116694596e-05
-2.097906402e-05
2.154499722e-05
2.09336276e-05
8.280781094e-05
0.0003828713557
-0.0003828713557
0.0001647428377
-0.0001510978092
0.0001510978092
-0.0003950842582
0.0001374659679
-0.0003950842582
0.0001374659679
-0.000407122042
0.0001870980256
4.316246707e-05
-3.975248637e-05
3.992428466e-05
-3.975278395e-05
0.0001929390034
-0.0001899359702
0.0001901074709
-0.0001899323523
-0.0001901074709
0.000190102838
3.633978048e-05
-2.61128079e-05
0.0001929375123
-0.000190099945
0.0001901021456
-0.0001901050886
-1.912003188e-05
0.0001899314313
2.270349129e-05
-2.270643434e-05
2.25437602e-05
0.0001869146602
2.030498002e-05
7.540053743e-05
8.115354458e-05
1.26075739e-05
-2.410314013e-06
1.063158013e-05
-9.912945197e-06
-7.586854209e-05
-9.655036559e-05
0.0004552675862
-0.0004430267305
0.0004430267305
-0.0002981207549
-0.000180955862
0.0001946512789
-0.0001946068305
0.0001947380141
0.0001946002218
-0.0001945793289
0.0002860681614
0.0001920116261
-0.0001920116261
0.0003828713557
-0.0001899323523
4.998213087e-05
-0.0002500641941
-0.0001809077947
0.0001945597506
-0.000194568721
0.0001945389889
0.0002378440567
-0.0003096933903
-0.0001799583049
0.0001920116261
-0.0001942025682
0.0001953014512
0.0003325710777
-0.0004430267305
0.0004430267305
8.29116331e-05
-4.199557033e-05
-0.0004430267305
0.0001374659679
0.0004311976097
-0.0001510978092
-0.0003950842582
-2.52733182e-05
4.90394726e-05
5.029685784e-05
-4.543663388e-05
-0.0001214683312
6.432262614e-05
-6.063875879e-05
6.697882351e-05
5.647745477e-05
4.192916348e-05
-5.560002037e-05
-0.0001170661698
5.032633931e-05
-5.794056657e-05
4.132838422e-05
6.36221759e-05
5.772531054e-05
-2.690738997e-05
-6.036932372e-05
1.341968426e-05
-2.202905009e-05
6.751837413e-06
3.162741337e-05
3.623005804e-05
-3.195859145e-07
-7.409346336e-06
0
-3.044604993e-07
0
2.576760096e-06
2.914964174e-06
0
0
0
0
0
0
0
0
0
0
0
0
0
0
0
0
0
0
0
0
0
0
0
0
0
0
0
0
0
0
0
0
0
0
0
0
0
0
0
0
0
0
0
0
0
0
0
0
0
0
0
0
0
0
0
0
0
0
0
0
0
0
0
0
0
0
0
0
0
0
0
0
0
0
0
0
0
0
0
0
0
0
0
0
0
0
0
0
0
0
0
0
0
0
0
0
0
0
0
0
0
0
0
0
0
0
0
0
0
0
0
0
0
0
0
0
0
0
0
0
0
0
0
0
0
0
0
0
0
0
0
0
0
0
0
0
0
0
0
7.927132345e-05
5.916264266e-06
-5.915421066e-06
7.928504892e-05
4.299090282e-06
-4.312815758e-06
3.167423626e-06
-3.166942863e-06
8.007676454e-05
5.854214263e-06
8.013818598e-05
4.237668843e-06
3.121736916e-06
-6.20799011e-05
1.034241098e-05
-1.058305615e-05
-6.192299496e-05
7.716307767e-06
-7.8732139e-06
5.777863342e-06
-5.919452145e-06
7.371022465e-05
3.623796822e-06
-4.901040001e-06
7.463885342e-05
2.666124194e-06
-3.594752961e-06
1.991083645e-06
-2.657739499e-06
6.500688775e-05
5.9912635e-06
-5.77406238e-06
6.484729088e-05
4.35920383e-06
-4.199606964e-06
3.212490374e-06
-3.082252531e-06
0.0001273077343
6.403810114e-06
4.989353077e-06
8.244556252e-05
5.803887405e-06
-5.794221213e-06
8.24303549e-05
4.222660357e-06
-4.207452733e-06
3.095908061e-06
-3.076570809e-06
-6.893070905e-05
1.211132331e-05
-1.204279061e-05
-6.895488893e-05
9.051830305e-06
-9.027650426e-06
6.812159201e-06
-6.786938871e-06
-5.89151596e-05
1.012906211e-05
-1.029176242e-05
-5.876712264e-05
7.529943955e-06
-7.67798091e-06
5.657665826e-06
-5.739632957e-06
8.304019298e-05
5.642101495e-06
8.317430719e-05
4.088546142e-06
2.996341424e-06
6.689065912e-05
-6.395486838e-06
6.382294579e-06
6.690350716e-05
-4.671506268e-06
4.658658231e-06
-3.446193363e-06
3.420904211e-06
6.32027636e-05
-6.382940851e-06
6.319045523e-05
-4.659197894e-06
-3.433652658e-06
6.78840989e-05
6.203088223e-06
6.802489353e-05
4.517863597e-06
3.330735298e-06
6.891232601e-05
6.011204717e-06
6.905298059e-05
4.377209015e-06
3.228507447e-06
7.831188477e-05
-6.076353463e-06
7.841462846e-05
-4.41555945e-06
-3.240281085e-06
8.092832777e-05
5.70385477e-06
8.10187155e-05
4.147281114e-06
3.031194215e-06
-9.895770424e-05
-1.000977765e-05
-9.885206649e-05
-7.449936089e-06
7.344298338e-06
-5.578426887e-06
5.499011911e-06
7.314347788e-05
-6.206512337e-06
6.096727913e-06
7.325280362e-05
-4.53375838e-06
4.424432645e-06
-3.34657651e-06
3.264600085e-06
7.25223245e-05
-6.2886829e-06
7.257721713e-05
-4.588651016e-06
-3.387624946e-06
-6.50421654e-05
1.036955876e-05
-6.506925441e-05
7.743396774e-06
5.791555328e-06
7.409360069e-05
6.056416742e-06
7.410713005e-05
4.41090328e-06
3.237529977e-06
7.420929772e-05
6.042268348e-06
7.420949171e-05
4.410709297e-06
3.237059738e-06
-6.338614042e-05
-1.08643088e-05
1.086523167e-05
-6.340066499e-05
-8.097849787e-06
8.112374362e-06
-6.088095796e-06
6.088707534e-06
8.350898966e-05
-5.465847987e-06
8.388836493e-05
-3.974128235e-06
-2.926984553e-06
5.543708937e-05
-6.370830063e-06
5.543682582e-05
-4.658934338e-06
-3.433659285e-06
8.995628674e-05
-6.370625951e-06
8.995618071e-05
-4.658828306e-06
-3.421466914e-06
7.047768224e-05
-6.051284536e-06
6.182500011e-06
7.037271621e-05
-4.391087652e-06
4.49605368e-06
-3.242320909e-06
3.308007044e-06
6.968118487e-05
6.966730623e-05
7.4018348e-05
7.396199238e-05
8.172024464e-05
8.166007303e-05
-0.0001175778888
-1.200223773e-05
1.151471514e-05
-0.0001172004616
-8.988689159e-06
8.611262043e-06
-6.764900956e-06
6.466365643e-06
-6.913115164e-05
-6.906801049e-05
-5.908134512e-05
-5.900133726e-05
7.124979348e-05
6.262141065e-06
7.118377848e-05
4.562068679e-06
3.360968646e-06
7.19199013e-05
7.189331896e-05
-6.258353157e-05
1.045302896e-05
-6.263918151e-05
7.799046716e-06
5.846853963e-06
6.943953015e-05
5.885174436e-06
6.958179216e-05
4.268447288e-06
3.137340391e-06
-6.324594457e-05
-1.089471891e-05
-6.321599237e-05
-8.127801993e-06
-6.103600759e-06
8.43473539e-05
8.44617718e-05
-5.700219523e-05
-7.292527317e-06
-5.472572518e-06
5.434480501e-06
-5.673615474e-05
-0.0001131192806
-7.13811477e-06
1.066724237e-05
-0.0001157363153
-5.387940486e-06
8.004975169e-06
-4.097906465e-06
6.034860579e-06
5.818451323e-05
6.52189798e-06
-6.609731153e-06
5.826150706e-05
4.755258944e-06
-4.832252769e-06
3.519489033e-06
-3.574288734e-06
-6.736794601e-05
-1.129622144e-05
1.12498009e-05
-6.733681199e-05
-8.439697246e-06
8.408563229e-06
-6.356219482e-06
6.310878621e-06
-6.995863748e-05
-5.03376678e-06
-3.920135433e-06
-6.742731091e-05
-6.725574612e-05
6.21031523e-05
-6.335264971e-06
6.346689023e-06
6.209145504e-05
-4.623235911e-06
4.634933165e-06
-3.398566693e-06
3.40969001e-06
5.92521466e-05
-6.358804596e-06
5.924022845e-05
-4.646910159e-06
-3.421499949e-06
6.135617664e-05
-6.323788903e-06
6.134493443e-05
-4.611993696e-06
-3.398431836e-06
5.899493058e-05
6.379057659e-06
5.909398075e-05
4.656208771e-06
3.442495214e-06
-0.0001026675828
-0.000102546517
-6.540204165e-05
1.111551233e-05
-1.12050478e-05
-6.531330649e-05
8.289683806e-06
-8.378418971e-06
6.221680592e-06
-6.295436178e-06
-0.0001103856137
-0.0001102237318
-0.0001068014887
-0.0001065623283
-7.07103886e-05
1.171365277e-05
-7.148537579e-05
8.779962355e-06
6.623103747e-06
3.574612198e-06
5.754538151e-05
5.755612507e-05
0.0001060155628
0.0001060844031
-0.0001137322364
1.123515314e-05
-0.0001137173524
8.393679251e-06
6.310533647e-06
6.285157676e-05
6.358626944e-06
6.28512501e-05
4.635259816e-06
3.409898336e-06
6.298450502e-05
6.297285467e-05
6.059258295e-05
-6.323846342e-06
6.059222103e-05
-4.611631778e-06
-3.398349795e-06
5.975498322e-05
5.979956021e-05
-6.513488357e-05
-6.511962329e-05
-0.0001204911506
-1.201879528e-05
-0.0001205108944
-9.007906616e-06
-6.787100692e-06
-7.096407119e-05
-7.119201545e-05
)
;

boundaryField
{
    topAndBottom
    {
        type            calculated;
        value           uniform 0;
    }
    inlet
    {
        type            calculated;
        value           nonuniform List<scalar> 0();
    }
    outlet
    {
        type            calculated;
        value           uniform 0;
    }
    wing
    {
        type            calculated;
        value           nonuniform List<scalar> 
70
(
-2.853323012e-05
7.928456816e-05
8.018387269e-05
-6.178140616e-05
7.530550928e-05
6.471705304e-05
0.0001243094648
8.241101764e-05
-6.898010926e-05
-5.868515551e-05
8.327387383e-05
6.692879631e-05
6.317791452e-05
6.811506245e-05
6.915520844e-05
7.848796668e-05
8.11092582e-05
-9.877265151e-05
7.333478005e-05
7.261826557e-05
-6.508294639e-05
7.413420016e-05
7.420996194e-05
-6.340127673e-05
8.415760999e-05
5.543683244e-05
8.994398834e-05
7.030703007e-05
6.965349277e-05
7.393420167e-05
8.161469643e-05
-0.0001169019263
-6.902075225e-05
-5.892209832e-05
7.113081688e-05
7.186666266e-05
-6.269448015e-05
6.968151151e-05
-6.32004874e-05
8.453112867e-05
1.998048332e-05
-5.696410321e-05
-5.670971535e-05
-0.0001176732694
5.831630676e-05
-6.729147113e-05
-7.013640851e-05
-6.714559996e-05
6.208033172e-05
5.924026149e-05
6.134479957e-05
5.917097457e-05
-0.000102439296
-6.52395509e-05
-0.000110105652
-9.530180189e-05
-0.0001063930729
-7.207361895e-05
5.680080917e-05
5.755644853e-05
0.000106139491
-0.0001137170075
6.285104178e-05
6.296125306e-05
6.059213899e-05
5.984370563e-05
-6.510452582e-05
-0.0001205107326
-7.13560124e-05
-4.20497439e-05
)
;
    }
    front
    {
        type            empty;
        value           nonuniform List<scalar> 0();
    }
    back
    {
        type            empty;
        value           nonuniform List<scalar> 0();
    }
    procBoundary1to0
    {
        type            processor;
        value           nonuniform List<scalar> 
49
(
0
0
0
0
0
0
0
-1.90657897e-05
0.0001114756833
-5.812137227e-05
-4.461982481e-05
-1.312219479e-05
-0.0004300124034
-0.000180888518
-0.0001264096874
-0.000167271507
-4.798596631e-05
-1.690228981e-05
-1.580136308e-05
-4.127041756e-05
0
0
-0.000161467834
-0.0002471996877
-0.0004893393359
-0.000547690007
-0.0006040806665
-0.0005814263629
-1.823359434e-05
-1.764360469e-05
-5.473206262e-05
-0.0004164403894
-0.0003343762722
-0.0006064735201
-0.0005875194706
-0.00048697427
-0.000541171474
-0.0001400388131
-0.0001536407834
-1.948612724e-05
-1.882526028e-05
-5.135244166e-05
-0.0001945400155
-9.255218662e-05
-4.043148536e-05
-3.57437326e-06
-6.620751022e-06
-5.680104811e-05
-4.842996328e-06
)
;
    }
    procBoundary1to3
    {
        type            processor;
        value           nonuniform List<scalar> 
136
(
7.260193142e-05
-7.133672936e-06
8.482806091e-05
7.415926441e-05
7.871794121e-05
7.946146806e-05
8.288146059e-05
8.406874187e-05
5.907785991e-05
8.690853306e-05
9.908997447e-05
8.25065756e-05
7.021401235e-05
7.612857144e-05
5.920062959e-05
6.990322179e-05
0.001071196107
0.000946648524
0.0009711083813
0.001081222895
0.000565230954
0.0008908416942
0.000129764106
0.0004445863408
0
6.011605865e-05
0
0
0
0
0
0
0
0
0
0
0
0
0
0
0
0
0
0
0
0
0
0
0
0
0
0
0
0
0
0
0
0
0
0
9.040753872e-05
-1.358757486e-05
0.0001810726256
0.0001839142761
1.588348603e-05
0.0001929388796
7.488685568e-05
7.686537486e-05
0.000407122042
0.0003950841047
9.163213618e-06
8.172429833e-05
8.309946284e-05
7.534591326e-05
7.812442449e-05
8.028531664e-05
0.001039760542
0.0009945630431
0.001030710534
0.001067477637
0.0006833121171
0.000793758265
0.0002208339348
0.0003278630329
1.292295696e-06
1.695535359e-05
0
0
0
0
0
0
0
0
0
0
0
0
0
0
0
0
0
0
0
0
0
0
0
0
0
0
0
0
0
0
0
0
0
0
0.000147244918
0.0001778944667
0.0004191598259
0.0004311976097
0.0001870974069
7.758068442e-05
8.111047863e-05
0.0004430267305
0.0004552675862
0.0001899321049
9.877507414e-06
5.70406385e-05
7.254084045e-06
5.678792576e-05
9.535271544e-05
5.383566959e-06
)
;
    }
}


// ************************************************************************* //
