/*--------------------------------*- C++ -*----------------------------------*\
| =========                 |                                                 |
| \\      /  F ield         | OpenFOAM: The Open Source CFD Toolbox           |
|  \\    /   O peration     | Version:  v2012                                 |
|   \\  /    A nd           | Website:  www.openfoam.com                      |
|    \\/     M anipulation  |                                                 |
\*---------------------------------------------------------------------------*/
FoamFile
{
    version     2.0;
    format      ascii;
    class       surfaceScalarField;
    location    "0.12";
    object      phi;
}
// * * * * * * * * * * * * * * * * * * * * * * * * * * * * * * * * * * * * * //

dimensions      [0 3 -1 0 0 0 0];
oriented        oriented;


internalField   nonuniform List<scalar> 
6430
(
-0.007387756955
0.9320056677
-0.01497310324
0.9315574474
-0.02270147639
0.9305384988
-0.007753852662
0.9289363747
-0.02318335863
-0.4592900623
0.4604417056
-0.008905495962
-0.4572935202
0.01017942669
0.4587284781
-0.01161438452
-0.4540817875
0.01307452663
0.4542381475
-0.006506952951
-0.006693610574
-0.2193307645
0.005831279262
0.2188271702
-0.005285355908
-0.2144994512
0.004325746359
0.2142796817
-0.004056355446
-0.215457691
0.004113089894
0.2154501544
-0.004076024258
-0.2175418885
0.006664888006
0.2187145237
-0.003914744173
-0.003922779007
-0.0528312395
0.002941038122
0.05291448025
-0.003024278866
-0.003851478445
0.9358571461
-0.007820498996
0.935526468
-0.01203072385
0.9347487236
-0.008222778383
0.9335322038
-0.008403774566
-0.4636279599
0.4648450872
-0.009439905675
-0.4619566644
0.01079849878
0.4634249905
-0.01226682479
-0.4554319655
0.01387091299
0.457457277
-0.007766011291
-0.00809924818
-0.2176691043
0.007925062678
0.2175718822
-0.007785232265
-0.2132191643
0.006816598934
0.2129018674
-0.006444148895
-0.2172507288
0.005761027331
0.2173207117
-0.005798405916
-0.2227900461
0.007174456839
0.2240209451
-0.004203836263
-0.004201519616
-0.05506750097
0.006533810291
0.1105823098
-0.0550320824
-0.00350304782
-0.003513488896
-0.004008643746
0.9398657899
-0.008131712281
0.9396495365
-0.01248597125
0.9391029826
-0.008540969746
0.9382419173
-0.00865471493
-0.4661442582
0.4674322465
-0.009828958037
-0.46490857
0.0112222635
0.4663946325
-0.01270832599
-0.4605106612
0.01431345755
0.4640921752
-0.008914314394
-0.008975250777
-0.2183941361
0.0108466764
0.2191298235
-0.01154800494
-0.2123678808
0.01258350577
0.2124334075
-0.01260017579
-0.2166029367
0.01186066524
0.2161865938
-0.01141055645
-0.2256949517
0.009621619185
0.2250136753
-0.008934134762
-0.1138338719
0.01105215323
0.2275547673
-0.01108229705
-0.1136907516
-0.00405916422
0.9439249541
-0.008221163835
0.9438115362
-0.01258709433
0.9434689131
-0.008621621094
0.9429231481
-0.008646704044
-0.4687146801
0.4700022164
-0.009909157377
-0.4678622867
0.01127768724
0.4693036277
-0.01271902828
-0.4670473882
0.01425836921
0.4687237731
-0.008004520431
-0.007930355111
-0.2230299127
0.01199997954
0.224936903
-0.01388710038
-0.2139163432
0.01837634464
0.214979931
-0.0194022744
-0.2153222054
0.02095651358
0.2153942953
-0.0209967923
-0.2229256152
0.02007970878
0.2224414725
-0.01958249459
-0.2250655866
0.01834550919
0.2235732326
-0.01685519107
-0.0040151018
0.9479400559
-0.008117601052
0.9479140354
-0.0123891825
0.9477404946
-0.008496020123
0.9474550303
-0.008425044624
-0.4712411205
0.4724777349
-0.009732634574
-0.4707017704
0.0110318299
0.4720529252
-0.01238298474
-0.4702981592
0.01380541903
0.4717946413
-0.007695083293
-0.007606817775
-0.2324339203
0.00853295075
0.2349142647
-0.01101114328
-0.2202459008
0.01942630779
0.2227053944
-0.02186439207
-0.2174413829
0.02761519138
0.2188225409
-0.02897327044
-0.2223179654
0.03154192732
0.222821136
-0.03203433049
-0.218611617
0.03160696214
0.2171351986
-0.03013676296
-0.003894540172
0.9518345961
-0.007858988447
0.9518784837
-0.01195290315
0.9518344093
-0.008195751386
0.9517470191
-0.008049140558
-0.4736500924
0.4748067614
-0.009352420377
-0.473345411
0.01055495009
0.4745799722
-0.01178951122
-0.4732061371
0.01306927057
0.474529741
-0.007255385156
-0.007137489402
-0.2365110792
0.007949261555
0.2368636016
-0.008301783986
-0.2318457947
0.01090009301
0.2352936875
-0.01434434618
-0.2250377497
0.02369318962
0.2276935545
-0.02633851789
-0.2259972998
0.03260581434
0.2275338781
-0.03413703661
-0.2147754355
0.03467547377
0.2148274148
-0.03473395216
-0.003715088133
0.9555496842
-0.007481942416
0.955645338
-0.01133846504
0.9556909319
-0.0077648793
0.9557400331
-0.007566599676
-0.4758934735
0.47695609
-0.008827495837
-0.475748875
0.00992028194
0.476856014
-0.01102742096
-0.4757658512
0.01215821426
0.4769179718
-0.006722422296
-0.006587912523
-0.2378324002
0.007313724105
0.2381277566
-0.007609080468
-0.2374930831
0.008494307844
0.2377858769
-0.008787101687
-0.2365088291
0.009643567524
0.2370615553
-0.01019590879
-0.2330129722
0.0166544658
0.2349766856
-0.0186173282
-0.2168106189
0.02119466351
0.217758493
-0.02214515631
-0.003494132981
0.9590438172
-0.007023056703
0.9591742617
-0.01060547851
0.9592733537
-0.007249250126
0.9594042039
-0.007020399167
-0.4779469924
0.4789099117
-0.008212169473
-0.4778965804
0.009191915329
0.4788764605
-0.01017179542
-0.47798577
0.01115754306
0.4789735361
-0.006133866885
-0.006011442251
-0.2389358797
0.006642710386
0.2391818132
-0.006888643932
-0.2385694106
0.007609014266
0.2388021182
-0.007841721808
-0.2377829757
0.008507921414
0.2379928819
-0.008717827596
-0.2365494247
0.009274467945
0.2366505299
-0.009375573187
-0.2196975594
0.009306434243
0.2200773365
-0.009686211368
-0.00324787049
0.9622916877
-0.006515806324
0.9624421976
-0.009806435437
0.9625639828
-0.006685677329
0.9627289729
-0.006445527121
-0.4798019209
0.4806682278
-0.007551984265
-0.4797929805
0.008422722366
0.4806531456
-0.009282887476
-0.4798860824
0.01013679958
0.4807282455
-0.005541636478
-0.005437326238
-0.2398533872
0.005978864353
0.2400577129
-0.006183190069
-0.2394262093
0.006770059621
0.2396121054
-0.006955955708
-0.2385455149
0.007479125253
0.2387072712
-0.007640881568
-0.2368793203
0.008045612919
0.2369357734
-0.008102065948
-0.2211225209
0.008084872911
0.2214408337
-0.008403185705
-0.002989362527
0.9652810502
-0.005986613108
0.9654394481
-0.008982325468
0.9655596952
-0.006106833321
0.9657214708
-0.005867990099
-0.4814636258
0.4822370059
-0.006880213431
-0.4814551071
0.007648932768
0.4822060646
-0.008399890352
-0.4815047138
0.009136582831
0.482219745
-0.004969479266
-0.004882134749
-0.2406155486
0.005344956291
0.2407854012
-0.005514808913
-0.2401124302
0.005994542998
0.2402619859
-0.006144098673
-0.2391362141
0.006559538125
0.2392626368
-0.006685960881
-0.2370603896
0.006984067023
0.2370897179
-0.007013395409
-0.2223097985
0.007038561836
0.2225719586
-0.007300721852
-0.002730010544
0.9680110608
-0.005458239644
0.9681676772
-0.008166797273
0.9682682528
-0.005537381996
0.9683989479
-0.00530689234
-0.4829420366
0.483628934
-0.006224279351
-0.4829050769
0.006900354413
0.4835589397
-0.007554217146
-0.4828794164
0.008189490154
0.4834884665
-0.004439484489
-0.004359055756
-0.2412491998
0.004757258836
0.241390498
-0.004898557021
-0.2406660999
0.005292400645
0.2407873566
-0.005413657272
-0.2396000943
0.005747199822
0.2397001308
-0.005847236266
-0.2371501982
0.006068107239
0.2371629339
-0.006080842952
-0.2232821393
0.006142490879
0.2234949542
-0.006355305769
-0.002477719389
0.9704887802
-0.004946257285
0.9706362151
-0.007382205547
0.970704201
-0.004992189847
0.9707841431
-0.00477521088
-0.4842513653
0.484859208
-0.005600032569
-0.4841669261
0.006193156692
0.4847352826
-0.006761513187
-0.4840507575
0.007308491905
0.4845699236
-0.003951637284
-0.003876020661
-0.24177674
0.004220698472
0.241894659
-0.004338617397
-0.2411162025
0.004663596061
0.2412152715
-0.004762665117
-0.2399683042
0.005033104262
0.2400481004
-0.005112900504
-0.2371847876
0.005276811986
0.2371877455
-0.005279769892
-0.2240689329
0.005370735882
0.2242404451
-0.005542248024
-0.00223838817
0.9727271683
-0.004462148236
0.9728599752
-0.006644640055
0.9728866929
-0.004481527164
0.97290288
-0.004281849811
-0.485407304
0.4859438859
-0.005018109081
-0.4852634605
0.005537684416
0.485757159
-0.006031382941
-0.4850494587
0.006502272935
0.485492447
-0.003506794759
-0.003438466504
-0.2422173557
0.003735056372
0.2423160736
-0.003833774278
-0.2414848404
0.004103228456
0.2415663596
-0.004184747585
-0.2402624513
0.004405701485
0.2403263581
-0.004469608258
-0.23718746
0.00459102796
0.2371850333
-0.004588601258
-0.2247023165
0.004701906096
0.2248403151
-0.004839904628
-0.002015547167
0.9747427155
-0.004012626853
0.9748570549
-0.005963057761
0.9748371238
-0.00401164996
0.9747816945
-0.003830222374
-0.4864258958
0.4868989869
-0.004484741109
-0.4862159576
0.004939671208
0.4866448876
-0.005368601232
-0.485901926
0.005774341013
0.4862804494
-0.003106195479
-0.003046668973
-0.2425866482
0.003300208175
0.2426695578
-0.003383117726
-0.2417889577
0.003607605041
0.2418564824
-0.003675129669
-0.2404982637
0.003856673848
0.2405495556
-0.003907965716
-0.2371731884
0.003997568854
0.237168178
-0.003992558421
-0.225212351
0.004122148314
0.2253236832
-0.004233480495
-0.001812052215
0.9765547677
-0.00360305453
0.9766480572
-0.005344472213
0.9765785415
-0.003585925913
0.9764473752
-0.003424226913
-0.487322637
0.4877397497
-0.004003038574
-0.4870435763
0.004401596425
0.4874166367
-0.0047746568
-0.4866306353
0.005124845225
0.4869547463
-0.002750712482
-0.002698243716
-0.2428972093
0.002916004986
0.2429671087
-0.002985904399
-0.2420414743
0.003173907816
0.2420977562
-0.003230189726
-0.2406876531
0.003380012941
0.2407288742
-0.003421234058
-0.2371514647
0.003486969016
0.2371456092
-0.003481113508
-0.2256247659
0.003622125885
0.225715213
-0.003712573046
-0.001629133126
0.9781839009
-0.003235575645
0.9782544997
-0.004791228002
0.9781341938
-0.003205623091
0.9779257959
-0.003064025647
-0.4881124297
0.4884806678
-0.00357386118
-0.4877636697
0.003923633314
0.4880888118
-0.004248775381
-0.4872549841
0.00455177462
0.4875332861
-0.002438435588
-0.002391640996
-0.2431593744
0.002579648915
0.2432185595
-0.002638834094
-0.2422523482
0.002797124442
0.2422995124
-0.002844288648
-0.2408398624
0.002968343458
0.2408729943
-0.003001475456
-0.2371280394
0.003049226088
0.2371223291
-0.003043515793
-0.2259610659
0.003191854937
0.2260354142
-0.003266203285
-0.001467381884
0.9796512827
-0.00291110491
0.9796982227
-0.004304003908
0.9795270928
-0.002870706854
0.9792416952
-0.002749196359
-0.488809163
0.4891351783
-0.003196722145
-0.4883916862
0.003504632444
0.4886760094
-0.003788955635
-0.4877915444
0.004052048306
0.4880313986
-0.002166063293
-0.002125839208
-0.2433816705
0.002287096135
0.243432034
-0.002337459602
-0.2424293384
0.002471467619
0.2424690535
-0.002511182724
-0.2409621534
0.002614184845
0.240988766
-0.00264079742
-0.2371060926
0.002674993648
0.2371010544
-0.002669955457
-0.2262390192
0.002822403396
0.2263011536
-0.002884537795
-0.0013269261
0.9809782088
-0.002629690999
0.9810009876
-0.003882308105
0.9807797099
-0.00258073992
0.9804188294
-0.002478702434
-0.489425759
0.4897156938
-0.002870674693
-0.4889414356
0.003143063887
0.4891913676
-0.003392995868
-0.4882543383
0.0036226591
0.4884617008
-0.001932069985
-0.001897951635
-0.2435712772
0.002036254142
0.2436144313
-0.002079408196
-0.2425786761
0.002193636569
0.2426123129
-0.002227273386
-0.2410603838
0.002313127557
0.2410817673
-0.002334511125
-0.237087298
0.00235859141
0.2370832013
-0.00235449465
-0.2264729935
0.002508763929
0.2265259996
-0.002561769995
-0.001207322412
0.9821855312
-0.00239022412
0.9821838894
-0.003524004697
0.9819134905
-0.002333125425
0.9814789491
-0.002250998985
-0.4899740773
0.4902338273
-0.002592875444
-0.4894254582
0.002835581394
0.4896468061
-0.003056929307
-0.4886553253
0.00325922496
0.488836599
-0.001735953713
-0.001704544957
-0.2437341453
0.001824282999
0.2437713548
-0.001861492441
-0.2427054736
0.001959585395
0.2427341596
-0.001988271396
-0.2411393652
0.002060217575
0.2411565814
-0.0020774338
-0.2370724796
0.00209407865
0.2370694422
-0.002091041324
-0.2266742269
0.00224532507
0.2267204617
-0.002291559858
-0.001108211291
0.9832937425
-0.002192005106
0.9832676832
-0.003227595116
0.9829490805
-0.002127903946
0.9824442244
-0.002064966439
-0.4904654198
0.4907000104
-0.002362494562
-0.489855104
0.002580799683
0.490053138
-0.0027788337
-0.4890069515
0.002958978015
0.489167919
-0.001574990919
-0.001544954594
-0.2438751365
0.001649500314
0.2439075448
-0.001681908569
-0.2428139919
0.001767065989
0.2428387107
-0.001791784817
-0.2412030749
0.001852625189
0.2412170201
-0.001866570464
-0.2370619542
0.001877892469
0.2370599956
-0.001875933884
-0.2268512312
0.00202873775
0.2268924812
-0.00206998776
-0.00102961343
0.984323356
-0.00203440735
0.9842724771
-0.002991917758
0.9839065909
-0.001958749648
0.9833283567
-0.001917300384
-0.4909090488
0.4911265023
-0.002176203188
-0.4902406349
0.002375759568
0.4904201463
-0.002555270906
-0.4893210978
0.002717312492
0.4894657951
-0.001443369719
-0.001418640088
-0.2439986587
0.001509127574
0.2440274451
-0.00153791388
-0.2429079834
0.001613127864
0.2429296202
-0.001634764584
-0.2412548756
0.001686964838
0.2412663138
-0.001698403071
-0.2370556703
0.00170606099
0.2370547254
-0.001705116172
-0.2270104441
0.001855064836
0.2270480877
-0.001892708414
-0.0009691796549
0.9852925356
-0.001914271061
0.9852175685
-0.002812927957
0.9848052478
-0.00183669615
0.9841623065
-0.001810181678
-0.4913195019
0.4915190861
-0.00203628036
-0.4905912
0.002219474373
0.4907561162
-0.002384390586
-0.4896036028
0.002532754282
0.4897355102
-0.00134104762
-0.001323614056
-0.2441092334
0.001400884077
0.2441353184
-0.001426969106
-0.2429908355
0.001494781885
0.2430101668
-0.001514113196
-0.2412976644
0.001559849298
0.2413072622
-0.001569447103
-0.237053283
0.001574798842
0.2370532459
-0.00157476169
-0.2271569438
0.001720643778
0.2271920877
-0.001755787672
-0.000933682666
0.9862262183
-0.001839360498
0.9861232463
-0.002699866967
0.9856657542
-0.001755098663
0.9849496056
-0.001732067358
-0.4916985803
0.4918791682
-0.00193568651
-0.4909150784
0.002109054001
0.4910701539
-0.002264129524
-0.4898626663
0.002403061911
0.4899855725
-0.001267825333
-0.001258142829
-0.2442102428
0.001323545003
0.2442344315
-0.001347733612
-0.2430655335
0.001410359951
0.2430832514
-0.001428077802
-0.2413340285
0.001469335037
0.2413424014
-0.00147770789
-0.237054396
0.001481989942
0.237055195
-0.001482789
-0.2272948444
0.001623814848
0.227328356
-0.001657326461
-0.0008965887786
-0.001775716234
-0.002610979285
-0.001706127798
-0.001664761905
-0.4920588517
0.4922360804
-0.00188335645
-0.4912203216
0.002046058369
0.4913686407
-0.002194377466
-0.4901063726
0.002327120192
0.4902215488
-0.001224871681
-0.001217424697
-0.2443047989
0.001276519759
0.2443278724
-0.001299593185
-0.2431347566
0.001359069648
0.2431514883
-0.001375801345
-0.2413664323
0.001414473367
0.2413742223
-0.001422263374
-0.2370588565
0.001426899001
0.2370604743
-0.001428516763
-0.227427237
0.001564533723
0.2274597188
-0.001597015589
0.002900869749
-0.002992422451
-0.0527396868
0.003244847938
-0.003362697852
-0.05494965105
0.006412570835
-0.2163957143
-0.003739816284
-0.003818928699
0.1060709566
-0.002882724224
-0.1056933677
0.005406005102
0.023140723
-0.2213268706
-0.0204078131
-0.004196085342
0.1102510286
-0.003240032997
-0.1098157482
0.006049600507
-0.002955736587
0.005542651408
0.1064250799
0.05359351551
0.003087946928
-0.003192191579
-0.05348927086
0.02640738797
-0.0003151092097
-0.02695779156
0.0008655128005
-0.02788319063
-0.0008356833724
0.001225231133
0.02749364287
0.005952328059
-0.006302108774
-0.1134840912
-0.001372264351
-0.02811408829
0.001603162014
0.02730723403
-0.000869802069
-0.02780969631
-0.002911964583
0.04699918126
0.004029324908
-0.02555851629
-0.02255802529
-0.0002374416386
0.0006748089001
0.02597002071
0.003108267249
0.05369175835
-0.00320651009
-0.02251703241
0.02235211489
-7.252412141e-05
0.02641661903
-0.005167242784
-0.01255608353
-0.0116052573
0.02682409783
-0.0003525471705
-0.0229016628
6.952117743e-05
0.005423839556
0.02540537681
-0.02432719364
-0.001223044418
0.00164964284
0.02390059522
-0.05228633848
0.003430874838
0.05240183112
-0.003546367476
0.05271247196
0.003487165262
-0.0526323477
-0.001807615989
-0.001759673531
-0.05212475953
0.003258072735
0.05216481584
-0.003298129043
0.003381543521
-0.003437775392
-0.05223010661
-0.000783514299
-0.02479081264
0.001247133303
-0.02508756316
-0.001140778777
0.001407438983
0.02482090295
-0.05177122806
0.003085345034
0.05183955564
-0.003153672614
0.003235430146
-0.00331619974
-0.05204398994
0.003032412149
-0.003086357396
-0.05171728281
-0.0009555184892
-0.02540412496
0.001272080292
0.02477013616
-0.0005259642058
-0.02519969044
0.02433863885
-0.0007092814764
0.003493710811
0.05276754241
-0.001789544678
-0.001759236588
0.0531643979
0.0139619766
-0.05298118544
-0.005321968316
-0.008823220729
-0.01232746895
0.02545751359
-0.02469821779
0.01156817316
0.0121453855
-0.01566097282
-0.008811881622
0.02394360855
-0.0238992717
0.004996891736
-0.02429678315
-0.005770263115
0.005744227255
0.02432281902
0.02384597934
-0.0002571597572
-0.02437233388
0.02865325236
-0.02279601878
-0.0004333940238
-0.005901571018
-0.02432558982
0.00593037768
-0.006832484866
0.0135455345
0.02194020273
0.02312151395
-0.0004985790227
0.02522435352
0.02501767455
-0.0251375934
0.008216920076
-0.007923314725
-0.2259857128
0.2273335795
0.01039122745
-0.006014432124
-0.1128649687
-0.1128930781
0.006082029372
0.1107028096
0.1120914505
0.006433587621
-0.006947541717
-0.1115774964
-0.006845572656
0.0949424372
-0.09543489645
0.007338031907
-0.002833089949
0.004086568571
0.04574570264
-0.004789660675
-0.02647348572
0.003707153548
0.02755599285
-0.026476339
0.002014921336
0.0267953096
-0.00233389193
0.02677104804
0.001718992072
-0.001575648998
-0.02691439112
0.02851302204
-0.004929492954
0.08466807058
-0.01025061269
-0.08126303054
0.02644502606
0.0008962566164
-0.0005078431199
-0.02683343956
-0.02483525559
0.004270789648
0.02673436873
-0.006169902784
-0.03195583965
0.02376346241
0.03364989085
0.02415103403
0.05447557022
-0.01906896638
-0.006393239959
0.003716680167
0.05472013391
-0.003827705125
-0.05460910895
0.001673072848
0.02658176234
-0.00148378715
0.02602292602
0.001782496231
-0.001635450357
-0.0261699719
-0.0004551136026
0.0245578538
-0.02503106834
0.0009283281513
0.024860309
0.02161293904
-0.02188484225
-0.0001832103874
0.02181562257
-0.004169356282
-0.0167464261
-0.0008998401833
-0.008659078758
0.05005915454
-0.04969565574
0.008295579963
0.002555151771
0.02394641726
-0.01981045414
0.02554373002
0.0005046933536
-0.0001158008313
-0.02593262254
-0.03091552438
0.02606955212
5.631158566e-05
-0.0256478375
0.001800338471
0.02567179813
-0.001824299107
0.001986179862
-0.002393769992
-0.02606874887
-0.006030553945
-0.02467621883
0.00423328706
-0.0005329847532
-0.0261255222
0.000976847914
0.02568165904
-0.0259744742
0.001658630038
0.02586303063
-0.001547186475
0.001736858496
-0.001678188182
-0.02570650781
0.0008638149344
0.02603996208
-0.0004587509516
0.003644373002
-0.004631824709
-0.02384780388
-0.001223256588
0.001648363488
0.0241327469
0.002109781702
0.02597032564
-0.002057181322
0.02687154991
0.009360452831
-0.009853673052
-0.02637832968
-0.00215385881
0.0268816729
-0.02141591296
-0.003311901137
-0.004769413036
0.009191580092
0.01739345551
0.02075014461
-0.0003604621634
-0.0180164078
0.02354413468
-0.004796244265
-0.0007314826218
0.02029302224
-0.004846729611
-0.01961564891
0.02410580902
-0.005199034632
-0.02423377726
0.00532700288
0.02516647115
-0.0001557258874
0.01459115563
-0.0008516687029
-0.02385776929
-0.006382479902
0.006169086954
0.02407116224
-0.004455361476
-0.0128461814
-0.0007148649187
-0.00662074144
-0.02377234923
0.006535321384
-0.01480013323
-0.02214594509
-0.02629522595
0.001702787607
0.02620160442
-0.001609166084
0.001598578067
-0.001531772711
-0.02604127955
-0.02657581058
0.0009549817345
-0.02580547563
0.003053344219
0.02702292106
-0.02587122323
0.001781509831
0.02602181337
-0.00193209997
0.001622160557
-0.001679502283
-0.02623788422
-0.02400870176
0.02316940976
-3.051007347e-05
0.002350497148
-0.02635490982
-4.289083811e-06
-0.02786591264
0.002406713482
0.02213232112
0.0001357786962
8.40150823e-05
-0.0001185962242
0.02636304342
0.0005796506288
-0.02286591704
0.02262534676
0.0001219740556
-4.905444749e-05
-0.02378254658
0.0008491845781
3.169920149e-05
-0.0256118206
0.001578320666
0.02561112714
-0.001577627208
0.001725691346
-0.001879402315
-0.02571751226
-0.02493339378
0.002772291157
-0.02639331793
0.001189906801
0.02606722606
-0.02573589387
0.00152333647
0.02569730413
-0.001484746724
0.001554783354
-0.00153342604
-0.02563317791
-0.02481845437
0.02441447404
-0.0001219838792
0.0004576481506
-8.452669917e-05
-0.02519157582
0.0008807713917
-0.02562281368
-0.001185158208
0.0239477465
0.001576050566
-0.02391810009
0.023230524
-0.0004975821239
-0.0002129075211
0.006879700224
-0.007407641396
-0.02417027662
0.02565162578
-0.02514363164
0.006371706084
0.02662638092
0.01059341802
0.0002244024614
0.004909953712
-0.005134356176
-0.01867141166
-0.004397202556
0.005196118796
0.02404856647
0.02056067423
-0.005037065027
0.02181084403
-0.002381327935
-0.0215833749
-0.02179842478
0.021519595
2.16700254e-05
0.0002191638506
-0.02196793473
-4.965390168e-05
-0.02478273022
0.0006295601859
-0.01907170517
-0.0004518023533
0.01454467688
-0.0009991423745
-0.005300167981
0.0204394115
-0.0005945666393
0.0231698228
-0.006529788057
-0.001487994968
0.02227969101
0.002329817903
-0.02095495379
0.01946313347
3.825353522e-06
6.606218436e-05
0.02542547106
-0.0255221807
0.02264897005
0.0002075028805
-2.942526647e-05
0.02252462943
0.0001698864421
-4.554582996e-05
0.01507322625
-0.01507431721
1.090963533e-06
-0.004825882844
0.003694338932
-0.03118096719
1.745272053e-07
-0.02227764373
0.02006335745
0.0276009062
-0.02079271372
0.02714477479
0.001678337285
-0.001572942109
-0.02725016996
-0.0002446022487
0.02291304599
-0.02369475008
0.001026306347
0.0006506949195
-0.0001730978195
-0.02550866544
0.02573806143
-0.02621251498
0.001125148476
0.02531259671
0.001353792873
7.438104578e-05
-0.01195823249
-0.003795574549
-0.0009926190596
-0.01057844105
-0.00137979144
0.0121077056
-0.001771017931
-0.01058128991
0.01841784333
-0.00461384495
-0.01828093526
0.004476936883
0.003163894967
0.003983067019
0.01973471092
-0.02242840495
0.0222786629
3.394122392e-05
6.66815776e-05
0.0001302602281
0.0004971024577
0.002409438351
-0.00012243281
0.02207650411
-0.0222229493
6.191849286e-05
0.02190969378
4.482645014e-05
0.02237564431
0.0001047384183
4.424670812e-05
7.38224817e-05
7.887252808e-05
-0.02240075682
-0.004508711611
0.002325453897
-0.001495686716
0.002425396509
0.01960693086
-0.02112501871
2.240114127e-05
2.390203896e-05
0.02165858368
3.820257699e-05
3.598284241e-05
0.02504361776
0.001917342434
-0.00347908115
0.003379067269
-0.00351661087
0.0009432725759
-0.01816808679
-0.004191098748
0.01818588219
-0.01477325964
-0.002469349973
0.01509838351
0.0108577072
-0.001666127106
-0.002448386314
-0.001467166129
-0.003223017585
-0.001437877914
-0.005359937889
0.01832563152
-0.0213332746
-0.00562434278
0.02159767949
-0.02070287397
-0.005426644895
-0.0001841102047
0.0005678511381
-0.02212840286
-2.364207128e-05
-5.465851178e-06
-0.0005200903106
-0.01923916254
0.0251857403
-0.005245133773
-0.0007014439832
-0.01367537298
-0.004871014777
-0.0006927747846
-0.01946200826
-0.005696227185
0.01171474783
-0.005991015792
-0.001131433569
-0.01267310474
-0.001002268235
0.005736338023
-0.006338864453
0.02673099755
-0.0005552480346
0.0205932142
-0.01504532099
0.000245187767
0.004436891655
-1.907917706e-05
0.004570637581
0.006622637552
-0.006444788957
-0.2194818217
-0.004822453345
0.2144438137
-0.2155364797
0.005952933006
-0.004387745266
-0.2148939504
-0.003844645607
0.2148013121
-0.214777111
0.003852074794
-0.004073364556
-0.2152030909
0.2180537532
-0.2169796405
0.005341792443
0.02161883725
-0.02125471407
-0.2179904883
-0.01995667574
0.2134788282
-0.21383411
0.02036771752
0.004044185268
0.2147805333
-0.01962292187
-0.2134973716
-0.01957917467
0.2156082161
-0.2153763029
0.01938866244
0.003923204114
0.2150261358
-0.02002656549
-0.2167704777
0.2231239337
-0.2217920769
0.02181077614
0.005531059255
0.2191908745
0.2199183
0.006805009527
-0.004007341086
-0.004001444798
0.1091614506
-0.004678563675
-0.1088247366
0.004341849663
-0.1078425342
-0.004518240678
0.004195968549
0.1081648064
0.05319806135
0.003014977651
-0.003119083708
-0.05309395528
0.05259694346
-0.05251586642
0.003300466482
-0.05230869931
0.003188056303
0.05237871574
0.01015780132
-0.01060772555
-0.2179071418
-0.01099805221
0.2128533261
-0.2128177444
0.0110129214
0.00719240618
0.2131584465
-0.01086670439
-0.212448424
-0.009979111039
0.2147691997
-0.2150907805
0.01034080316
0.005877946221
0.2155323203
-0.009582850132
-0.2169657759
0.2234797283
-0.2239537758
0.00870076545
0.006408929384
0.2238915696
-0.008326559979
0.2252321333
0.007115375901
0.2247302007
-0.004827853919
-0.1117413536
-0.1116230143
-0.004864538825
-0.1109059331
-0.004883064512
0.004529969587
0.1112590281
0.1110758055
0.006541490157
-0.003516332143
-0.003518653687
0.05548682621
-0.003867633798
-0.05529231494
0.003673122528
-0.05486248399
-0.003756077651
0.003627799268
0.05499076238
0.01206074692
-0.01363323745
-0.2214334748
-0.01714681056
0.2151968097
-0.2142083923
0.01619754973
0.01240790254
0.2130770947
-0.01785994256
-0.213162233
-0.01859649591
0.214119048
-0.2140627309
0.01857706573
0.01221696735
0.2144526493
-0.01841132393
-0.2154744439
-0.01693977988
0.2208523414
-0.2214351069
0.01754009363
0.01027851794
0.2228354015
-0.01630104096
-0.2235519062
-0.01487641379
0.2284454424
-0.2288134818
0.01524566728
0.009773656399
0.2286120763
-0.01355840612
-0.2263845867
0.009648078686
-0.01241654706
-0.2296588607
-0.01992130142
0.2224927996
-0.2201506607
0.01760188407
0.01710250547
0.2165061207
-0.02200726753
-0.2181341224
-0.02665287137
0.2172602514
-0.2159633387
0.02538348053
0.02068770141
0.2144230165
-0.02764821024
-0.2164202369
-0.02922166954
0.2206195319
-0.220278047
0.02889620052
0.02051570111
0.2204342911
-0.02942811455
-0.2220996712
-0.02882812471
0.226066163
-0.2268540189
0.02961482096
0.01877565674
0.2280162873
-0.02718796152
-0.2202571959
0.008099221873
-0.008466326824
-0.2361439742
-0.01405264727
0.2347499099
-0.2313447588
0.01065177399
0.01677440196
0.225162808
-0.01733758876
-0.2285529258
-0.02600362883
0.2259762586
-0.2233116248
0.02335262085
0.02597588067
0.2189238657
-0.02838247528
-0.2226451791
-0.03385118669
0.2250830809
-0.2235175615
0.03229505992
0.03090440629
0.2212716782
-0.03516359852
-0.2246781431
-0.03535934022
0.2221688791
-0.2231074458
0.03629467959
0.03252716493
0.2251440488
-0.03499507208
-0.2151465856
0.007478564938
-0.007787068854
-0.2375238963
-0.008719035958
0.2376168626
-0.2373058486
0.008408021931
0.009020166662
0.236630984
-0.009029258482
-0.2371828606
-0.01154395154
0.2369957379
-0.2351989516
0.009748825066
0.02078983627
0.2288896062
-0.01449743733
-0.2335536733
-0.02219081566
0.233409024
-0.2311218032
0.0199060153
0.03079340019
0.2269030202
-0.02411429726
-0.2310877475
-0.02614605525
0.2208776613
-0.2207462192
0.02601240208
0.03542500217
0.221416085
-0.02701977513
-0.2159407736
0.006810012479
-0.007066876329
-0.2386790158
-0.007825252497
0.238704335
-0.2384542948
0.007575212318
0.008199788383
0.2379113821
-0.008071569721
-0.2383230934
-0.008780253806
0.2380156344
-0.2377851026
0.008549722046
0.009362893186
0.2372764122
-0.009004691227
-0.2375585383
-0.009610022785
0.2370366259
-0.236855694
0.009429090829
0.01433089887
0.2357336464
-0.009727681287
-0.2364317662
-0.009636575685
0.2221546675
-0.2221398508
0.00962175896
0.0207758461
0.221294965
-0.01003326554
-0.2193008695
0.006141812586
-0.006355107396
-0.2396400923
-0.006972574661
0.239579655
-0.2393781805
0.006771100175
0.007372135327
0.2389412139
-0.007169034316
-0.2392297497
-0.007724064964
0.238804083
-0.238625115
0.007545097017
0.008291719129
0.2382318367
-0.007896430327
-0.2383731496
-0.008333895883
0.2376059816
-0.2374832305
0.0082111448
0.009110977023
0.2372001168
-0.008399427646
-0.2368137886
-0.008370745716
0.2223655366
-0.2222967414
0.0083019505
0.009272069803
0.222189032
-0.008703825039
-0.2207894415
0.005501196039
-0.005678398002
-0.2404383466
-0.006182861114
0.2402869722
-0.2401238049
0.006019693843
0.006578995486
0.2397707192
-0.006340687767
-0.2399546036
-0.006780392937
0.2394210113
-0.239280228
0.006639609655
0.007310753725
0.2389724545
-0.006914700869
-0.2390019062
-0.007236297944
0.2379963969
-0.237912098
0.007151999059
0.007933844666
0.2377177498
-0.007271241775
-0.2370254457
-0.007286331009
0.2227121419
-0.2226168971
0.007191086234
0.008007797286
0.2224426122
-0.007562026404
-0.2220341031
0.004901305412
-0.005048645084
-0.2411018601
-0.00546237589
0.2408616372
-0.2407287647
0.005329503416
0.005839657387
0.2404418578
-0.005590100932
-0.2405383749
-0.005942209799
0.2399099038
-0.2397977921
0.005830098148
0.006426726033
0.2395538234
-0.006048203637
-0.2394941005
-0.006286260573
0.2382637504
-0.2382061832
0.006228693365
0.006907389916
0.238073074
-0.006302389258
-0.2371340695
-0.006355579773
0.2231292617
-0.2230208324
0.006247150476
0.00693904445
0.2228116593
-0.006580056023
-0.223057663
0.004349763022
-0.004472519207
-0.2416539839
-0.00481331727
0.2413312877
-0.2412224657
0.004704495307
0.005166089822
0.240987948
-0.004917428531
-0.2410120912
-0.005202142846
0.240301835
-0.2402116226
0.005111930377
0.005641130114
0.2400159735
-0.005286521109
-0.2398839259
-0.005463096717
0.2384450856
-0.2384062694
0.00542428046
0.006015873979
0.2383159837
-0.005468010386
-0.237179874
-0.005552310531
0.2235769991
-0.2234637801
0.005439091458
0.006032246554
0.223239506
-0.005733358019
-0.2238878855
0.003851150524
-0.003953797593
-0.2421147086
-0.004236014487
0.2417174662
-0.2416277711
0.004146319393
0.004559940405
0.2414349434
-0.00432152784
-0.2413993271
-0.004553732556
0.2406188277
-0.2405456661
0.004480570886
0.004947525162
0.2403874141
-0.004621252877
-0.240194931
-0.004752134714
0.238565967
-0.2385403322
0.004726499936
0.005241727634
0.23848017
-0.004750741972
-0.2371888528
-0.004859047952
0.224030537
-0.2239175446
0.00474605558
0.005257178083
0.2236905569
-0.00500470256
-0.2245566619
0.003405148647
-0.003491297392
-0.2425004995
-0.003726235403
0.2420369671
-0.2419625715
0.003651839796
0.004017661037
0.2418030336
-0.003796984646
-0.2417182085
-0.003987614707
0.2408767197
-0.2408170866
0.003927981609
0.004336198915
0.2406883303
-0.004041805984
-0.2404440724
-0.004138540294
0.2386443783
-0.2386279827
0.004122144749
0.00456801745
0.2385889775
-0.004133976745
-0.237177752
-0.004260014642
0.22447553
-0.2243655844
0.004150069049
0.004589456163
0.2241429869
-0.004377450977
-0.2250949147
0.003008581873
-0.003081124649
-0.2428246665
-0.003277637813
0.242302843
-0.2422407912
0.003215586005
0.003536560564
0.2421080115
-0.00333652466
-0.2419825874
-0.003493703172
0.241087272
-0.241038531
0.003444962092
0.003799999001
0.2409333945
-0.003537248289
-0.240644108
-0.003608347816
0.238693143
-0.2386831776
0.003598382417
0.003983011924
0.2386589352
-0.003602584423
-0.2371572281
-0.003741189908
0.2249043675
-0.2247988884
0.003635710835
0.004013256637
0.2245844217
-0.003836398032
-0.2255295578
0.002659954512
-0.002721280786
-0.2430980481
-0.002886484533
0.2425253554
-0.2424733138
0.002834442964
0.003114568064
0.2423621828
-0.00293575916
-0.2422030735
-0.00306578121
0.2412595705
-0.2412196589
0.003025869635
0.003333664733
0.2411336203
-0.003100776702
-0.2408048669
-0.003152563705
0.2387213772
-0.2387158539
0.003147040453
0.003478276214
0.2387018358
-0.003146754078
-0.237133849
-0.003293610027
0.2253138405
-0.2252133439
0.003193113438
0.003517893787
0.2250085996
-0.00337158922
-0.2258830867
0.002355955053
-0.002408040402
-0.2433295851
-0.002547657353
0.242712603
-0.2426687234
0.00250377776
0.002747278228
0.2425752016
-0.002589085441
-0.2423879103
-0.00269693057
0.2414007834
-0.2413680608
0.002664207886
0.002930368823
0.2412975451
-0.002725035425
-0.2409340486
-0.002762255185
0.238735521
-0.2387330288
0.002759762986
0.003044574917
0.2387260284
-0.002757017187
-0.2371113306
-0.002908645209
0.2257033975
-0.2256078402
0.002813087895
0.00309261237
0.2254130831
-0.002973498401
-0.226174166
0.002094945013
-0.002139488794
-0.2435267334
-0.002258289274
0.2428711177
-0.2428338778
0.002221049397
0.00242936666
0.2427547039
-0.002293322793
-0.2425436426
-0.002383115367
0.2415167313
-0.241489838
0.002356222065
0.00258302903
0.2414319393
-0.002405693061
-0.2410378061
-0.00243201829
0.238740203
-0.2387397168
0.002431532165
0.002673086367
0.2387374283
-0.002427671432
-0.2370916449
-0.002581629838
0.2260742475
-0.2259832002
0.002490582499
0.002727995681
0.2257978052
-0.002636657765
-0.2264179656
0.001874233291
-0.001912610688
-0.2436957679
-0.002014472642
0.24300624
-0.2429743976
0.001982630191
0.002157845006
0.2429069092
-0.002044304541
-0.2426756417
-0.00211946362
0.241612231
-0.2415900405
0.002097273125
0.00228750274
0.2415423561
-0.002137635015
-0.2411211938
-0.002155923798
0.2387388069
-0.2387395775
0.002156694376
0.002358480626
0.2387403137
-0.002152615521
-0.2370757878
-0.002307071863
0.2264282301
-0.2263412177
0.002220059509
0.002418749489
0.226164262
-0.002354820722
-0.2266264781
0.0016903979
-0.001723764804
-0.2438417696
-0.001811933113
0.2431223952
-0.2430949107
0.001784448661
0.001928931939
0.2430368935
-0.00183756416
-0.2427883608
-0.001900954948
0.2416913032
-0.2416728755
0.00188252724
0.002039055714
0.2416333928
-0.001915645563
-0.2411883842
-0.001928130207
0.2387338104
-0.2387352889
0.001929608743
0.002095070663
0.2387378149
-0.001925904096
-0.2370641803
-0.002079250562
0.2267668755
-0.2266835762
0.001995951231
0.002159286935
0.2265142682
-0.002121616411
-0.2268088654
0.001541015907
-0.001570449438
-0.2439692252
-0.001647881478
0.2432234961
-0.2431994328
0.001623818174
0.001740527778
0.2431489334
-0.001670206406
-0.2428856585
-0.001724342034
0.241757405
-0.2417419254
0.001708862508
0.001835010409
0.241708918
-0.001736339164
-0.2412428784
-0.001744774933
0.2387270028
-0.2387287984
0.001746570531
0.001879481005
0.2387322218
-0.001743585876
-0.2370568593
-0.001894344921
0.2270912156
-0.2270114405
0.001814569847
0.001946350779
0.2268492625
-0.001932771195
-0.2269720178
0.00142472839
-0.001451283493
-0.2440826783
-0.00152074056
0.2433131139
-0.2432916131
0.001499239752
0.001589772609
0.2432468513
-0.001540575888
-0.2429710001
-0.001587724661
0.2418135671
-0.241800307
0.001574464482
0.001672101513
0.2417722683
-0.001597721086
-0.241287668
-0.00160352987
0.2387196519
-0.2387214841
0.001605362118
0.001707889255
0.2387251745
-0.001603274248
-0.2370535387
-0.001750226811
0.2274019687
-0.2273255273
0.001673785388
0.001776119932
0.2271701605
-0.001785897566
-0.227121273
0.001340348898
-0.001364826715
-0.244185765
-0.001428584045
0.2433943359
-0.2433746609
0.001408909062
0.001473800044
0.2433340958
-0.001446646164
-0.2430474714
-0.001488849879
0.2418625142
-0.2418508123
0.001477148011
0.001547036478
0.24182638
-0.001497473177
-0.2413254052
-0.001501903081
0.2387127467
-0.2387143804
0.00150353677
0.001576603045
0.2387178477
-0.001502493566
-0.2370538055
-0.00164480409
0.2276997661
-0.2276264985
0.001571536546
0.001644995016
0.2274776175
-0.001678663761
-0.2272609847
0.001285908082
-0.001309081894
-0.2442816251
-0.001369209267
0.2434699144
-0.2434514064
0.001350701249
0.001391040051
0.2434136558
-0.00138614001
-0.2431178259
-0.001425299253
0.241906802
-0.2418960258
0.001414523036
0.001457927199
0.241873922
-0.001433169822
-0.2413585617
-0.0014375595
0.2387073102
-0.2387084606
0.001438709866
0.001483532834
0.2387112038
-0.001438998829
-0.2370574172
-0.001576144849
0.2279851261
-0.2279149297
0.001505948432
0.00155133972
0.2277722412
-0.001608856321
-0.2273945255
0.001259111765
-0.001282073112
-0.2443731074
-0.001340371594
-0.2435243381
0.001322554531
0.001340766609
0.2434882174
-0.001356589853
-0.2431844863
-0.001394115684
-0.24193853
0.001383713338
0.001403829891
0.2419174455
-0.001401948349
-0.2413897908
-0.001409719497
-0.2387050545
0.001409059441
0.001427879259
0.23870633
-0.00141327287
-0.2370642493
-0.001540327037
-0.2281928864
0.001477197429
0.001494900571
0.2280547593
-0.001571927153
-0.2275238802
-0.05223138914
0.00315811998
-0.05199716452
0.00301600638
0.05206650317
-0.05250090771
0.002789708739
0.05257955312
-0.002868354152
-0.0547485587
0.003602754879
-0.05373079187
0.02332666382
0.05455516208
-0.05418334237
0.02155658922
0.05473015388
-0.02210340074
0.05222098332
-0.05207964215
-0.004450804898
-0.1075377493
0.00414602001
-0.004124360301
0.003839812848
0.1069337074
0.00611341605
-0.003581101481
-0.003631411225
-0.002669821217
0.005004811744
0.1050994655
0.1065218245
-0.004415674846
0.1074504942
-0.004766835814
-0.1071344633
-0.004870732473
-0.1105612762
0.004526075552
-0.004730890874
0.004394794398
0.1094975471
0.01607472083
-0.004092189595
-0.01339110182
-0.1075839969
-0.003151255284
0.005845682398
0.1079978371
-0.1088103042
0.1091664881
-0.005087074784
0.1107233792
-0.005239861327
-0.1103542503
0.1077806456
-0.004848392022
-0.005028172171
-0.1084606957
-0.003092754109
-0.1071827502
0.005779454325
0.05299044018
-0.05290164307
0.003398368149
0.00333269545
0.05269512285
0.003050359676
0.05328932557
-0.003141623897
0.0013976862
-0.02750629318
0.02759923022
-0.02787270537
0.001671161353
0.0271593579
0.001305385124
0.02725654492
-0.0275063458
0.001475032007
-0.00103614196
0.001358588705
0.02693409817
0.02703715153
-0.006062847329
0.09624251692
-0.09501098638
0.004831316788
-0.006709729288
0.006963923671
0.09468824282
0.006327602901
0.1125910004
-0.006827152789
0.08750201491
-0.009543673626
0.09540072186
-0.009034058581
-0.09242951061
0.008142713534
0.05238978473
0.006837638396
-0.05279610672
0.00219420526
-0.02790158007
0.02757764421
-0.02735145292
0.001968013967
0.00167446043
0.001486256763
-0.001472998405
-0.02574915223
-0.02669681629
0.001199754977
0.002748669268
-0.002824751053
-0.05242482592
-0.05193428472
0.002969532355
-0.00117353874
0.00143455305
0.02265203168
0.001835497097
0.02706498406
-0.001755706369
0.003988184988
0.05407977481
-0.02710138302
-0.02693725188
0.02669416774
0.001139999056
-0.0005971339581
0.001078786716
0.01255380906
-0.01281712351
-0.05392002793
-0.05332343173
0.01355461645
0.003402340255
0.05308181074
-0.007255142263
0.03737446125
-0.01644713057
-0.01883943119
-0.004259718606
0.004075186323
0.01860237561
0.01243874911
-0.001504582252
0.02472853036
-0.02488447594
0.00180558842
-0.00247297926
0.002290956442
0.02491055318
0.02375743386
-0.003563984035
0.05252022017
0.003445594986
-0.05202663022
0.02628214554
-0.00207690305
0.02624358356
-0.05184456599
-0.001928093235
0.02648096699
-0.02653001473
0.00176803981
0.001851807737
0.02644525914
0.003495578719
-0.001822989642
-0.001784716607
-0.003317642097
0.05219434689
0.003288111054
-0.05198752494
0.05192315723
-0.001654696324
-0.0520090653
-0.001573801071
-0.05185943724
-0.001686045646
0.003369376629
-0.001647026599
0.00333361691
0.001082427193
-0.02524367965
0.02517514862
-0.02551197984
0.001419258415
0.001537805986
0.02520293879
-0.02532699091
0.001531491099
-0.001693551112
0.001685906058
0.02521058385
0.02470340241
-0.003246084561
0.05190879491
0.003176845296
-0.05154569613
0.05170980602
-0.001684503107
-0.05149187364
-0.001629174441
-0.05192109033
-0.001782014151
0.003295953776
-0.001725728253
0.003160758749
-0.002986169486
0.0516796572
0.002936432946
0.05146765623
-0.001511138237
-0.05147973381
-0.00154371387
0.003023862853
-0.001512603958
0.002986237241
0.001213389176
-0.02573674275
0.02550608307
-0.02570720971
0.001414515825
0.001451172451
0.05282892075
0.003566169689
-0.001787769911
-0.001839778121
0.02616242219
-0.02621721291
0.001837286948
0.001759103271
0.02639493657
0.02677501941
-0.02645195114
0.009037384566
0.002116812048
0.02615539185
0.004942790482
-0.002098888262
-0.002996166917
0.003901943213
-0.02404347825
0.02357400815
-0.0236544355
0.003982370564
0.00255966514
0.02601123475
0.02324474231
-0.02292715995
-0.005685956659
0.02330635619
0.02426869625
-0.005631833891
0.006143278956
-0.02434692301
-0.006121945763
0.02269300946
-0.02254074629
0.02532637768
0.02533160468
-0.2260469618
-0.009045953565
0.2271697066
0.008126261358
-0.009443022473
0.007373019927
-0.112068213
0.005906943703
0.1124888723
0.2257985843
-0.1121869787
-0.0055314191
-0.005399817486
-0.1121233914
0.2271438582
0.1110971395
-0.005256824885
-0.005184500607
-0.111830332
-0.111624414
0.005989788561
-0.1116596346
-0.007545433348
0.1122575263
0.007013169268
-0.007668572471
-0.05551740522
0.006511478338
0.007527879357
-0.04404744057
-0.007194600591
-0.05172073465
0.1107027989
-0.0554602047
-0.05538328731
0.1104953975
0.05487008667
-0.003906030422
-0.004088426263
-0.05523941223
-0.002865055326
-0.04397515416
0.002792768919
0.0276924333
0.002877418272
-0.02686269802
-0.002459138023
0.002278865953
-0.00207466915
0.02694135661
0.001928622138
-0.02729189828
0.02749609509
-0.02674837194
-0.02738905878
0.02711879491
0.001778197655
0.001805163151
0.0348721142
-0.005341457132
-0.0323957124
0.05145204501
-0.05128893336
0.006674526747
0.00771347553
0.05048839255
-0.1022436819
0.1036866477
0.01114104785
-0.04920947941
-0.04244446908
-0.02624980745
0.02591185077
0.0005840168388
0.0009638861502
0.0284767061
0.02191313724
-0.004935333331
0.006305163502
0.02710687594
0.03060471625
-0.00189015872
-0.003710138151
0.05454897598
0.003636732394
0.05442895268
-0.001774560286
-0.0272940703
-0.02739212295
0.01951187392
0.02732650294
-0.05442472976
0.05458520962
0.003730184004
-0.001890463994
0.003670051037
-0.001444630067
0.02637065569
0.001655736723
-0.02677500682
0.02640916347
-0.02605956741
0.02577790992
0.001474744535
0.001675428326
-0.02469471264
0.008898122213
-0.04940267233
-0.009191105616
0.04465969411
-0.02126168543
0.004077500269
-0.02283710534
0.04570013181
0.02186834635
0.003106392642
-0.004857513831
-0.02101801655
-0.02436334482
-0.0394579356
0.0119710932
0.004869882861
-0.002422367961
-0.005869916414
0.006547781121
0.0001177233355
-0.000795588055
0.002358664921
-0.003318627631
-0.002071782882
0.02581548778
-0.02532013769
0.02553931125
-0.02533884838
-0.02605284719
-0.003089294738
0.002330164141
-0.002843700082
0.003651852607
0.0257187057
0.02586208939
0.001334244177
-0.02621948565
-0.001005830528
0.001355940072
-0.001565705824
0.02578170986
-0.0258805815
0.02567081575
-0.0260935238
-0.02547923057
0.001610843596
-0.0004400848962
0.0008572332993
-0.02555783823
-0.003262161918
0.02607868482
0.003153802746
-0.02563807103
0.02575497639
-0.02616508837
0.02690483335
0.005961594096
0.005661949227
-0.02189623072
-0.005227574391
0.0222770755
0.005085591939
-0.005384143172
0.005443842795
-0.005408923806
0.02336605582
0.02346548431
0.02189128637
-0.005894593693
-0.006170354464
-0.001538761258
0.02616656461
-0.02670684267
0.02652667011
-0.02684097674
-0.02631032806
-0.001314968457
0.001529411267
-0.001313069212
0.0009584434099
0.02657947237
0.02677267078
0.002317852655
-0.02603717921
-0.002815679924
0.002236897789
-0.001911320779
0.0262074059
-0.02636492009
0.02669049711
-0.02597916741
-0.0268460186
0.001812492476
-0.001653736547
0.02563568925
-0.0254516254
0.02548379491
-0.02549776151
-0.02565795761
-0.002200612114
0.001766326113
-0.00194048881
0.002195405134
0.02546550017
0.0259137996
0.001383143811
-0.02610703661
-0.001187716615
0.001394306502
-0.001486010179
0.02567071035
-0.02576338438
0.0256716807
-0.02586498729
-0.0255800151
0.001506181433
0.02347737582
0.005184227286
-0.005091615659
0.004914555975
-0.003536068683
0.02087372533
-0.02242423776
0.02380272506
-0.0228843473
0.02306268451
0.004900748318
-0.006582795791
0.02757323903
0.006610462971
-0.02802525686
0.02774762458
-0.02725693028
-0.001332063188
0.02701605137
0.001451491216
-0.0009607969147
0.0004366169768
0.006473349193
0.02658269601
0.02627693917
-0.006402361863
-0.003724495506
0.008355839436
0.004107940718
-0.003962521462
0.004726494064
-0.02463926209
0.001631832763
0.01400718024
-0.01324320764
0.01475962162
0.02144011545
0.008314631142
0.003410079966
-0.008163183949
-0.00940585217
0.4584038958
-0.01064535175
-0.01206824973
0.4561144052
-0.006092404409
-0.006723297548
0.2213338938
-0.2214151542
0.006725750905
-0.02636961291
-0.4596778265
-0.02954698742
0.4628552011
-0.03277517379
-0.4575745473
-0.03628507285
0.4610844464
-0.01557613661
-0.02186884654
0.2201043889
-0.2203199138
0.02186880755
0.006245675368
0.2209528904
-0.005697236895
0.2183950471
0.006172474758
-0.2170725623
0.2165632462
-0.005137791302
-0.2176362722
-0.004672113295
-0.003520654907
0.003996462371
0.2138618705
-0.214173906
0.2138917102
-0.003182600058
-0.2142727705
-0.003911086375
-0.003940382399
0.003139134515
0.216287332
-0.2168745582
0.2176120283
-0.004653822229
-0.216272233
-0.004656686839
-0.003051711267
0.05301045494
-0.05275671934
0.05284329869
-0.003138290611
-0.0526724809
-0.003108517303
-0.009702945571
-0.4642137942
-0.01106344883
0.4655742974
-0.01254702835
-0.4626885346
-0.01416176476
0.464303271
-0.008461556725
-0.008733973628
0.2214418459
-0.2207916197
0.009536600912
0.007917496374
0.2201463287
-0.0086895327
0.2176417039
0.008660939198
-0.2155060217
0.2154476938
-0.008583598589
-0.2157133793
-0.007528851213
-0.007770740722
0.008089478941
0.2126370636
-0.2132476418
0.2129805318
-0.007452091453
-0.2135214977
-0.006117729193
-0.0068161145
0.006946598918
0.2172229015
-0.2194105637
0.2194037636
-0.006785749506
-0.2191761363
-0.006009918237
-0.009937148526
-0.4669676029
-0.01129429881
0.4683247532
-0.01276195299
-0.4659084026
-0.01434215199
0.4674886016
-0.00882392696
-0.008476276184
0.2267293446
-0.2249857098
0.01033326264
0.009962571485
0.222352309
-0.01240656796
0.2201385069
0.01142911933
-0.2164501471
0.2172755061
-0.01319419402
-0.2158906179
-0.01206672725
-0.014372225
0.01417238774
0.2126798151
-0.2124834158
0.2125542821
-0.01439733168
-0.2125685618
-0.01246745284
-0.01352391424
0.01395810183
0.2157862638
-0.2182666363
0.2177389056
-0.01296843498
-0.2187707971
-0.01087948291
-0.01083260401
0.01158517718
0.2242701652
-0.2269206274
0.2262031993
-0.01011081403
-0.008683383117
-0.01015808856
0.01022663109
0.227486328
-0.2048349412
0.2058991922
-0.01122233961
-0.01252702454
-0.1071476968
-0.009885608087
-0.4696932831
-0.01119199575
0.4709996707
-0.01259013841
-0.4690279425
-0.01407619094
0.4705139951
-0.007858454472
-0.007792122567
0.2349784757
-0.2335264789
0.008196216851
0.009966619632
0.2287748933
-0.01380381669
0.227150501
0.01160578365
-0.2215393734
0.2236005025
-0.01584282595
-0.2198024263
-0.01559759371
-0.02066891054
0.01930233351
0.2163804929
-0.2141479964
0.215284635
-0.02177051859
-0.2133394392
-0.02017256309
-0.02349336795
0.02317163678
0.2157462441
-0.2167997411
0.2169285512
-0.02359559933
-0.2169322511
-0.020836661
-0.02298604161
0.02328990094
0.2221507146
-0.2244534995
0.2241748727
-0.02269883656
-0.2249165953
-0.01911086826
-0.02034940468
0.02197259181
0.2219468264
-0.2077919143
0.2084215873
-0.02098577226
-0.2072202731
-0.01743163879
-0.009597402076
-0.4722988661
-0.0108198588
0.4735213228
-0.01211234461
-0.4719364294
-0.01346548675
0.4732895715
-0.007491127454
-0.007385855086
0.2365460479
-0.236188522
0.00774169592
0.008086738087
0.2354246907
-0.009219310092
0.23576116
0.008372528433
-0.2316124686
0.2346678368
-0.01227098796
-0.2286632584
-0.01395207053
-0.02108058907
0.01831454793
0.2254883448
-0.2208422166
0.2233997226
-0.02361877971
-0.218627922
-0.02405514595
-0.0296235467
0.02790314861
0.2205630491
-0.2192299831
0.2206901788
-0.03106528432
-0.2181206945
-0.0300616089
-0.03398330145
0.03320232511
0.2236116232
-0.2246809925
0.2252992898
-0.03459592123
-0.2242806845
-0.03242798832
-0.03254550318
0.03372526591
0.2159486887
-0.2114054578
0.2128268642
-0.03397786668
-0.2101894143
-0.0313633129
-0.00913585265
-0.4747238525
-0.01025528377
0.4758432837
-0.01142418658
-0.4745693309
-0.01262965231
0.4757747966
-0.00699623574
-0.006869526756
0.2378552307
-0.2375514818
0.007174816048
0.007598007481
0.236897302
-0.008135346293
0.2372007752
0.007798172722
-0.2368019061
0.2371428579
-0.008476298033
-0.2364450054
-0.008658684724
-0.0107263543
0.009166901744
0.2368542379
-0.2327125123
0.2360739965
-0.01408515603
-0.2293907653
-0.01765953022
-0.02332509667
0.02047048957
0.2305554728
-0.2269755605
0.2295722612
-0.02591437446
-0.2245969541
-0.02870694584
-0.03195763858
0.03024926725
0.2292462824
-0.2281783021
0.2293780564
-0.03315545259
-0.2270803638
-0.03523221136
-0.033354668
0.03293051415
0.2152457182
-0.2176396371
0.2191552148
-0.03487886373
-0.2160276761
-0.03635566418
-0.008557502046
-0.4769360698
-0.009566400822
0.4779449685
-0.01060696728
-0.4769055899
-0.0116640784
0.477962701
-0.006430751551
-0.006301125081
0.238960259
-0.2387054434
0.006555196864
0.007016001701
0.2381529531
-0.007427644205
0.2384093581
0.007146042713
-0.2380734157
0.2383548619
-0.00770909038
-0.2377780188
-0.007904477379
-0.008544671316
0.008268367747
0.2380621805
-0.2376406656
0.2379134135
-0.008817419211
-0.2373507246
-0.009077042667
-0.009605021009
0.009348178938
0.2373183974
-0.2368411444
0.2370920773
-0.009855953916
-0.2351587665
-0.01187670005
-0.01241947731
0.01110298785
0.2362942399
-0.2334551645
0.2347909122
-0.01375484584
-0.2320237218
-0.02004846618
-0.0162850151
0.01533415812
0.2187081201
-0.2226838462
0.2234785045
-0.01708147145
-0.2216984092
-0.02313432986
-0.007912408355
-0.4789247144
-0.008811331681
0.4798236377
-0.009727851662
-0.4789484487
-0.01064602183
0.4798666189
-0.005836372626
-0.005722195479
0.239888371
-0.2396759761
0.005929417744
0.006390936115
0.2392120333
-0.006708097706
0.2394159172
0.006473993719
-0.2391214669
0.2393530374
-0.006939668209
-0.2388783007
-0.007131810155
-0.007612046913
0.007392230674
0.2390219344
-0.2386397397
0.2388543711
-0.007826678321
-0.2384119532
-0.008069508296
-0.008434726741
0.008238379581
0.2381892291
-0.2377461497
0.2379347227
-0.00862329976
-0.2375435893
-0.008920388088
-0.009034860374
0.008947414206
0.2367379761
-0.2347984961
0.234785672
-0.009022036304
-0.2348052637
-0.009368805527
-0.009345605361
0.008981831934
0.2204411099
-0.2247507351
0.2250582933
-0.009653163584
-0.2244043354
-0.01003261103
-0.007240925122
-0.4806943758
-0.008035584667
0.4814890354
-0.008837546116
-0.480720531
-0.009631072935
0.4815140578
-0.005251142451
-0.005156398819
0.2406660564
-0.2404892258
0.005324365447
0.005766619127
0.2401006162
-0.006012122119
0.2402521112
0.005817723805
-0.2399836157
0.2401742202
-0.006202726675
-0.2397835804
-0.006383225372
-0.006745950823
0.006570011668
0.2397880446
-0.2394281015
0.2395984493
-0.0069162986
-0.2392477734
-0.007136283898
-0.007391218959
0.007239320709
0.2388591695
-0.238428068
0.2385715033
-0.00753465432
-0.2382746939
-0.007794255673
-0.007814254118
0.00776584701
0.2369841805
-0.2347199789
0.2346920546
-0.007786329782
-0.2347454803
-0.008076564595
-0.008111980137
0.007808203569
0.2217446102
-0.2258000741
0.2259979461
-0.008309852203
-0.2255794383
-0.008623821532
-0.006573020785
-0.4822577547
-0.007272019638
0.4829567536
-0.007971031928
-0.4822507503
-0.008655409752
0.4829351281
-0.004699191758
-0.004615889338
0.2413176375
-0.2411702367
0.004753904622
0.005166067057
0.2408449456
-0.005356902577
0.2409469729
0.00519533086
-0.2406936365
0.2408508586
-0.005514124664
-0.2405287853
-0.005679660134
-0.005955378773
0.005813529958
0.2404038347
-0.2400558095
0.2401922795
-0.006091848772
-0.239911721
-0.006288187164
-0.006467485678
0.00634833859
0.2393817839
-0.2389493862
0.2390599763
-0.00657807584
-0.2388315087
-0.006803838364
-0.006768403791
0.006744034272
0.2371140875
-0.2346004639
0.2345691238
-0.006737063709
-0.2346317191
-0.006982140184
-0.00705249583
0.006803321652
0.2228211327
-0.2264782263
0.2266069299
-0.007181199489
-0.2263349999
-0.007443948205
-0.005929323694
-0.4836328287
-0.006542328523
0.4842458335
-0.007150314941
-0.4835704011
-0.00774002287
0.484160109
-0.004190722277
-0.004111591645
0.241863401
-0.2417401451
0.004226507167
0.004607147301
0.241467749
-0.004754115582
0.2415249427
0.004619670804
-0.2412797776
0.2414097951
-0.004884133132
-0.2411435657
-0.005034768912
-0.005244639339
0.00512941782
0.2409025781
-0.2405603517
0.2406706865
-0.005354974201
-0.2404441186
-0.005529890298
-0.005655436178
0.005560932827
0.2397946341
-0.2393526229
0.2394385605
-0.00574137378
-0.2392611551
-0.00593870414
-0.005870241881
0.005860474528
0.2371727012
-0.2344782777
0.2344499516
-0.005841915773
-0.2345077329
-0.006051387774
-0.006141677242
0.005939915944
0.2236967154
-0.2269198992
0.2270038886
-0.006225666571
-0.2268264922
-0.006448712763
-0.005323306866
-0.4848389576
-0.005859857537
0.4853755083
-0.006388035488
-0.4847070878
-0.006895672974
0.4852147253
-0.003723605756
-0.00365160237
0.2423218477
-0.2422184404
0.003747743213
0.004094426803
0.2419896726
-0.004206137011
0.2420068631
0.00409393287
-0.2417651851
0.2418731059
-0.00431405781
-0.2416521887
-0.004451613869
-0.00461033794
0.004516068464
0.241309541
-0.2409695913
0.2410595623
-0.004700308943
-0.240874971
-0.004857285417
-0.004942671443
0.004867224407
0.2401235475
-0.2396664487
0.2397334451
-0.005009667888
-0.2395951494
-0.00518419977
-0.005096009939
0.005094735847
0.2371890196
-0.2343734038
0.2343510644
-0.005073670531
-0.2343973932
-0.005255780539
-0.005355555038
0.005193164122
0.224402836
-0.2272082958
0.2272631411
-0.005410400301
-0.2271472671
-0.005603276781
-0.004763859649
-0.4858950836
-0.005233102498
0.4863643265
-0.005691901042
-0.4856856153
-0.006129129628
0.4861228438
-0.003301250006
-0.003237358545
0.242708084
-0.242621044
0.003318108712
0.003628573295
0.2424283308
-0.003715335017
0.242410059
0.003621349612
-0.2421687548
0.2422587224
-0.003805302627
-0.2420746549
-0.003927874214
-0.00405034696
0.003972639215
0.2416440673
-0.2413043541
0.2413783307
-0.004124323606
-0.2412267026
-0.004262399059
-0.004321041661
0.004260574275
0.2403868254
-0.2399112775
0.239963581
-0.004373345174
-0.2398556237
-0.004525262083
-0.004430319301
0.004433606342
0.2371817463
-0.2342943607
0.2342789676
-0.004414926156
-0.2343115152
-0.004571446809
-0.004678899689
0.004548191062
0.2249710237
-0.2273964936
0.2274321783
-0.00471458447
-0.2273567212
-0.00487967695
-0.00425387251
-0.4868192566
-0.004664183485
0.4872295676
-0.005062872225
-0.4865285836
-0.005439852113
0.4869055635
-0.00292300509
-0.002867032909
0.2430344122
-0.2429609351
0.00293510479
0.003210178157
0.242798114
-0.003279728388
0.2427485752
0.003200710931
-0.2425056843
0.2425810131
-0.003355057277
-0.2424270164
-0.003461785568
-0.003558962901
0.003494462961
0.2419209823
-0.2415802986
0.2416415438
-0.003620208079
-0.2415161378
-0.003739290505
-0.003780552588
0.003731979361
0.2405981288
-0.2401024224
0.2401432576
-0.00382138777
-0.2400589835
-0.003951404674
-0.003858204568
0.003863556804
0.2371628257
-0.2342431895
0.2342346419
-0.003849656976
-0.2342534026
-0.003982345354
-0.004096744581
0.003991106725
0.2254293211
-0.22751849
0.2275413959
-0.00411965043
-0.2274928509
-0.004259119635
-0.00379690696
-0.4876281254
-0.004156128477
0.4879873469
-0.004503161488
-0.4872557519
-0.00482890451
0.487581495
-0.002589087646
-0.002540054697
0.2433110284
-0.2432487804
0.002597706472
0.002839644641
0.2431107725
-0.00289510687
0.2430337722
0.00282844338
-0.2427881566
0.2428514874
-0.002958437684
-0.2427220945
-0.003051966546
-0.003129003495
0.003075170202
0.2421515895
-0.241809143
0.2418600938
-0.003179954267
-0.2417558274
-0.003283505302
-0.003310947669
0.003271908872
0.240767913
-0.2402515428
0.2402833563
-0.003342761105
-0.2402176787
-0.003455098237
-0.003365822547
0.003371712504
0.2371397193
-0.2342185385
0.2342161604
-0.00336344446
-0.2342223708
-0.003477281243
-0.003595072898
0.003509047449
0.2258012385
-0.2275961299
0.2276104345
-0.003609377477
-0.2275799912
-0.003728711789
-0.003392520822
-0.4883371191
-0.003707749299
0.4886523476
-0.004010623694
-0.4878844942
-0.00429293635
0.4881668069
-0.002297326393
-0.002253868356
0.2435464347
-0.2434934678
0.002302988149
0.002514646016
0.2433760313
-0.002558643356
0.2432750304
0.002502172446
-0.2430260488
0.2430795388
-0.002612133355
-0.2429703003
-0.002694582631
-0.002755531952
0.002710384883
0.2423446594
-0.2419998207
0.2420423713
-0.00279808261
-0.2419553184
-0.00288879088
-0.002905247535
0.002873888013
0.2409043539
-0.240367583
0.2403922697
-0.002929934233
-0.2403412649
-0.003027793492
-0.002943649809
0.002949227669
0.2371167512
-0.2342170969
0.234219874
-0.002946426874
-0.2342155072
-0.003045105486
-0.003164184051
0.003093238375
0.2261063599
-0.2276440293
0.2276526171
-0.00317277188
-0.2276342271
-0.003276005531
-0.003039777064
-0.4889602579
-0.003317464622
0.4892379454
-0.003582890869
-0.4884298995
-0.00382857444
0.4886755831
-0.002044322826
-0.002007191255
0.2437479136
-0.2437025094
0.002049540882
0.00223152177
0.243602009
-0.002268443574
0.2434801552
0.002220322339
-0.2432274187
0.243272879
-0.002313903949
-0.2431801189
-0.002384759383
-0.002435185019
0.002397116834
0.2425071216
-0.2421593233
0.2421950165
-0.002470878277
-0.2421220345
-0.00254847148
-0.002558727498
0.002533539378
0.2410139541
-0.2404575001
0.2404765743
-0.002577801703
-0.2404371421
-0.002661155472
-0.002585278181
0.002590097903
0.2370962346
-0.2342346876
0.2342415783
-0.002592168878
-0.234228732
-0.002675911002
-0.002797913573
0.002738333808
0.2263607334
-0.2276722802
0.2276771378
-0.002802771158
-0.2276666365
-0.002890181501
-0.002737085937
-0.4895103346
-0.002983156654
0.4897564053
-0.003217247236
-0.4889052464
-0.003432628523
0.4891206276
-0.001829286406
-0.001796966604
0.2439215767
-0.2438822404
0.001834897007
0.001988438779
0.2437957289
-0.002021305519
0.2436557447
0.001979992084
-0.2433989979
0.2434379245
-0.002060232108
-0.2433585838
-0.002119822258
-0.002163517949
0.002131216375
0.2426446145
-0.2422933582
0.2423234616
-0.002193621346
-0.242261961
-0.002258670535
-0.002265865497
0.002245615141
0.2411020177
-0.2405268683
0.2405415492
-0.002280546374
-0.2405111886
-0.002350190837
-0.002284022278
0.002287861207
0.2370793624
-0.2342673076
0.2342773915
-0.002294106228
-0.2342579426
-0.002363859642
-0.002489576474
0.002438456828
0.2265771193
-0.2276878113
0.2276903049
-0.002492070105
-0.2276848296
-0.002564751691
-0.002482591532
-0.4899991113
-0.002702474942
0.4902189947
-0.00291077282
-0.4893229233
-0.003101469239
0.4895136197
-0.001651275258
-0.001620546481
0.2440722742
-0.2440377422
0.001655865911
0.001783149719
0.2439627099
-0.001813538236
0.2438070917
0.001777801288
-0.2435462723
0.2435798656
-0.001847131585
-0.2435114887
-0.001896276026
-0.001935784718
0.001908171035
0.2427617732
-0.2424066418
0.2424322039
-0.001961346857
-0.242380041
-0.002014872188
-0.002021049223
0.00200472473
0.2411729059
-0.2405801938
0.2405914658
-0.002032321182
-0.2405681546
-0.002089472962
-0.002033421784
0.002036188772
0.2370666752
-0.2343114742
0.2343239651
-0.002045912702
-0.234299521
-0.002102994604
-0.002232362256
0.00218750975
0.2267653142
-0.2276954234
0.2276965094
-0.002233448315
-0.227694059
-0.00229292429
-0.002274004818
-0.4904372998
-0.002472818587
0.4906361136
-0.002660315563
-0.489693764
-0.002831113201
0.4898645617
-0.001506729899
-0.0014775621
0.2442043681
-0.2441736483
0.001510296042
0.001613906876
0.2441078676
-0.001642967725
0.2439388005
0.001611711965
-0.2436738567
0.2437031856
-0.001672296652
-0.2436435937
-0.001712171582
-0.001749278725
0.00172540595
0.2428625835
-0.2425031725
0.2425251103
-0.001771216514
-0.2424804143
-0.001814542996
-0.001821003849
0.001807750138
0.2412302738
-0.2406211508
0.2406298254
-0.001829678404
-0.240611897
-0.001875824255
-0.001829573788
0.001831270702
0.2370582987
-0.2343642301
0.2343784532
-0.001843796898
-0.2343503835
-0.001889780502
-0.002022055913
0.001981817047
0.2269327201
-0.22769851
0.2276988857
-0.002022431607
-0.2276980135
-0.002070484285
-0.002110300003
-0.49083567
-0.002292166054
0.491017536
-0.002463219787
-0.4900266033
-0.002617964139
0.4901813476
-0.001388380299
-0.001367391574
0.2443230088
-0.2442952787
0.001396998303
0.001477459488
0.2442360362
-0.001506715648
0.2440553446
0.001478816096
-0.2437859797
0.2438120894
-0.001532825347
-0.24375917
-0.001564723527
-0.001600859127
0.001579872347
0.2429506069
-0.2425864732
0.2426056054
-0.001619991287
-0.2425667086
-0.001654529178
-0.001662151855
0.001651236274
0.2412772294
-0.2406527723
0.2406595257
-0.0016689053
-0.2406455954
-0.001705579972
-0.001668402871
0.001669111494
0.2370540168
-0.2344229787
0.2344383147
-0.001683738866
-0.2344078633
-0.00172023165
-0.001854311687
0.001817395412
0.2270850039
-0.2276996189
0.2276998362
-0.001854528928
-0.2276994084
-0.001892918974
-0.001989675881
-0.49120073
-0.002159224244
0.4913702784
-0.002318186435
-0.4903297113
-0.002461455385
0.4904729803
-0.001301153822
-0.001287457594
0.2444315193
-0.2444059479
0.0013147774
0.001372111365
0.2443517815
-0.001403942691
0.2441607298
0.001378531276
-0.2438865838
0.2439103205
-0.001427679359
-0.2438623421
-0.001451210851
-0.001489129469
0.001470267972
0.2430290283
-0.242659691
0.2426767548
-0.001506193272
-0.2426421706
-0.001531633612
-0.001542788804
0.001533555951
0.2413164951
-0.2406776207
0.2406830454
-0.001548213502
-0.2406719146
-0.001575153168
-0.00154792937
0.001547754899
0.2370534204
-0.2344853671
0.2345013051
-0.001563867432
-0.234469537
-0.001590591773
-0.001727284091
0.001692624651
0.2272267471
-0.227700803
0.2277013158
-0.001727796906
-0.2277004019
-0.001756188719
-0.001911750892
-0.4915436459
-0.002072110796
0.4917040058
-0.00222227844
-0.4906119126
-0.002357814059
0.4907474483
-0.001242535678
-0.001236078495
0.2445331214
-0.2445089342
0.001261720868
0.001296783673
0.2444582807
-0.001333149868
0.2442581397
0.001309441589
-0.2439788542
0.2440009791
-0.001355274837
-0.2439564138
-0.001370174005
-0.001412261044
0.001394840106
0.2431006723
-0.2427256513
0.2427413174
-0.001427927132
-0.2427096982
-0.00144403084
-0.001460875339
0.001452709858
0.2413505669
-0.2406979865
0.2407026401
-0.001465528947
-0.2406931945
-0.001482499844
-0.001466099022
0.001465093263
0.2370562008
-0.234549613
0.2345658258
-0.001482311854
-0.2345334484
-0.00149895361
-0.001639100336
0.001605877363
0.227361579
-0.2277037124
0.2277048462
-0.001640234095
-0.2277027553
-0.001658283574
-0.001852579754
-0.4918667077
-0.002018228153
-0.002167936792
-0.490880191
-0.002302204646
-0.001212590025
-0.001206366787
-0.2446072123
0.001234163481
0.001250990472
0.2445586507
-0.001292576374
0.2443505407
0.001269907998
-0.2440657231
0.2440869008
-0.001313754105
-0.2440443681
-0.001320948164
-0.001368108056
0.001351539807
0.2431680566
-0.242786932
0.2428017878
-0.001382963893
-0.2427719231
-0.001390810205
-0.00141414958
0.001406398955
0.2413819729
-0.2407161779
0.2407207107
-0.001418682311
-0.2407116892
-0.001426752086
-0.001421253989
0.00141927913
0.2370624492
-0.234614575
0.2346308888
-0.001437567799
-0.2345983418
-0.001444749964
-0.001587587359
0.001555404418
0.2274919018
-0.2277092153
0.2277110788
-0.001589450854
-0.2277076426
-0.00159858828
-0.05258964322
-0.003075260125
0.002954559119
-0.003026614917
-0.05251758742
-0.0526678519
-0.05491041661
-0.003484363636
0.003345706102
-0.003460664326
-0.05479545838
-0.05484397795
0.005313746147
-0.0028121234
-0.1054052817
0.1062478974
-0.1059064495
0.004972298272
0.1065673065
0.005086595916
0.02378540608
-0.003211080746
-0.1088334843
0.1099778824
-0.109123353
0.02293087675
0.1103951836
0.00563229931
0.1069218229
0.00518813505
-0.005646848756
0.005284580247
0.1072840914
-0.003002899743
0.1067961085
-0.05332731102
0.05342726151
-0.00329214207
0.003188542434
-0.003291317012
-0.05322453644
-0.05339348254
-0.002742851435
0.05234956986
0.05221161905
-0.002817081806
-0.003258670004
0.05379917307
-0.05352886513
0.05363730149
-0.003367106364
-0.003308113718
-0.02528697229
0.1108208387
0.005656374259
-0.006080616042
0.005649904656
0.1112515501
0.1111636837
0.05404244601
0.004123897374
-0.003883136194
0.004166327079
0.05375925512
-0.002871577395
0.04473414384
-0.004837997687
0.03047944233
-0.03916564787
0.04069793747
-0.00637028728
-0.006720679579
0.02478998851
0.02369599257
0.004870393954
0.01101725711
-0.01168460937
-0.2178401597
-0.006210751095
0.004893039659
-0.004993885339
0.005401511352
0.004508084539
-0.004050159945
0.2165173567
0.2162914218
-0.214574907
-0.004046663405
0.0036614011
-0.003391015186
0.003275394455
-0.003359275669
0.2145510581
0.2143925161
-0.2157642657
-0.00456229507
0.003666682989
-0.004226093771
0.005041204885
0.2163835266
0.2171744081
-0.2161011447
-0.02081772898
0.01446255201
-0.01394953407
0.01491111945
0.01340744017
-0.2142805247
-0.01290288424
0.2147032798
-0.2151896787
0.2143068892
0.215718203
-0.004554197521
-0.2136784854
-0.01941294027
0.012480231
-0.01221127653
0.01212798592
-0.2151732616
-0.0122869708
0.2143193513
-0.2143516774
0.2143432838
0.2144460316
-0.003036836837
-0.2184149301
-0.02076481417
0.01273482389
-0.01351268893
0.01466177915
-0.2203763913
0.2202063488
-0.2190435403
0.2212644335
0.2180613332
-0.0056226083
-0.05293662003
-0.003214390757
0.05303192708
0.00308640009
-0.003179721427
0.003263871882
-0.05244612139
0.05274981398
-0.05266566352
0.05283588971
0.05258324872
-0.05250370972
-0.003220705409
-0.2155663624
-0.01088850922
0.009642473869
-0.009715390772
0.009416411297
0.009656750716
-0.2129296347
-0.009492431987
0.2138560372
-0.21386452
0.2140284343
0.2140237989
-0.00837237247
-0.2127407392
-0.01064543776
0.009251296343
-0.008961103537
0.00865366469
-0.2153512741
-0.008352800757
0.213653337
-0.213914496
0.2133941482
0.2141512819
-0.007168276651
-0.2191720685
-0.009155783192
0.00806266808
-0.007806364482
0.00758159309
-0.2241555613
0.2215501377
-0.221759235
0.2211128492
0.2216758592
-0.006855337659
0.05508307363
-0.05495832219
-0.003652286157
0.05522187089
-0.003796813698
0.05513528992
-0.2183846634
-0.01502047658
0.01312336653
-0.01419821731
0.01185615868
0.0150659897
-0.2135114428
-0.01572041874
0.2159540204
-0.2150469696
0.2171667398
0.2144150706
-0.01378355011
-0.2128230691
-0.01833518546
0.01615887402
-0.01638402745
0.01640507323
-0.2141953131
-0.01623427547
0.2131512771
-0.2130885808
0.2134328611
0.2131881273
-0.0142545762
-0.217268386
-0.01804703388
0.01588884097
-0.01539012453
0.0147675485
-0.2221230359
-0.01406308762
0.2192965509
-0.2198967675
0.2188125136
0.2205315524
-0.01231239812
-0.2255175754
-0.01569215254
0.01333368837
-0.0126414958
0.01211170223
-0.229140489
-0.01178383161
0.227297118
-0.2278238064
0.2268547744
0.2282342936
-0.009698936216
-0.2066140819
-0.01416738308
0.01068236913
-0.01139798232
0.2099945121
-0.2074891145
0.2123311901
0.2047716618
-0.1060232877
-0.2259815201
-0.01508532047
0.01333462336
-0.01569803567
0.01083738077
0.0178829678
-0.2181543011
-0.01985212835
0.2227815773
-0.2205736222
0.2253165411
0.21870336
-0.01768561407
-0.216774214
-0.0238333518
0.02157573069
-0.02303383449
0.02421643927
-0.2150248147
-0.025124526
0.2160665318
-0.2148523479
0.2176448303
0.2139853829
-0.02260282711
-0.2173591182
-0.0283865965
0.02577031102
-0.0261757887
0.0263722265
-0.2202280461
-0.02640513783
0.218672826
-0.218455083
0.2192022894
0.2185144455
-0.02351390277
-0.2241121605
-0.02958911589
0.02634143374
-0.02627051974
0.02619003821
-0.2274975159
-0.02554689134
0.2262446825
-0.2263213202
0.2262735492
0.2265240499
-0.02249177598
-0.2092010407
-0.02818595873
0.02386164766
-0.02464943346
0.2186663834
-0.216664619
0.2205268227
0.2145497614
-0.2360713655
-0.008839966667
0.00862044144
-0.0100235322
0.008237627207
0.01331783078
-0.2281295083
-0.01652428904
0.2345504648
-0.2312518236
0.2363631327
0.2281525578
-0.0153612826
-0.2262651559
-0.02045246532
0.01957648992
-0.02242691245
0.02503822316
-0.2209486704
-0.02738390229
0.2245190674
-0.2218911151
0.2274318603
0.219590055
-0.02589921249
-0.2224879589
-0.03047847882
0.0294490733
-0.03123107977
0.03274112148
-0.2222403881
-0.0340070548
0.2227844148
-0.2212605473
0.2246125088
0.2200631618
-0.03224662686
-0.2261097758
-0.03613050126
0.03506542877
-0.03587124534
0.0360253387
-0.2241319542
-0.03500381046
0.2266706774
-0.2265156569
0.2268351824
0.2263751211
-0.03473482619
-0.2143944162
-0.03663888345
0.03420867451
-0.03578718902
0.2249040401
-0.2236764625
0.2258821904
0.2222085907
-0.2374679318
-0.008097155889
0.007961106893
-0.008286180805
0.007637985782
0.008613194436
-0.2369775645
-0.008941478554
0.2373956515
-0.2370686379
0.2377065176
0.2367246147
-0.008820321227
-0.23704248
-0.009337503164
0.009270101163
-0.0102379155
0.01314631094
-0.2319889921
-0.01635310639
0.236778464
-0.2338681952
0.2371899113
0.2305708587
-0.01737758422
-0.2323230702
-0.0173307668
0.01934700423
-0.02209302005
0.0245674223
-0.2289338998
-0.02675134031
0.2315037835
-0.2290247123
0.2340816801
0.2267081288
-0.02822409361
-0.2306625038
-0.02547482626
0.02858999084
-0.02987319777
0.03025019072
-0.2209273376
-0.03007181743
0.2276644112
-0.2272880631
0.2282013283
0.2270278283
-0.03341615925
-0.2205184953
-0.02820524355
0.03077183509
-0.03214231386
0.2274740695
-0.2271380467
0.2276654525
0.2266187877
-0.2386229548
-0.007322222234
0.007249058752
-0.007517151599
0.006979401001
0.007783577579
-0.238190203
-0.008047669373
0.238548711
-0.238282285
0.2388017011
0.2380018286
-0.00798954684
-0.2381702043
-0.008313318694
0.008308582304
-0.008565373071
0.008817124457
-0.2375390501
-0.009063176965
0.237995635
-0.2377438836
0.2382320384
0.2374757618
-0.009085541038
-0.2373259439
-0.00922233659
0.009303317903
-0.009537184479
0.009761406084
-0.2366553186
-0.009961781484
0.2370877297
-0.2368635081
0.2372944839
0.2365369616
-0.01018236726
-0.2348041252
-0.009728819813
0.01009930775
-0.01011252007
0.01010559093
-0.2219517049
-0.01029338765
0.2298431985
-0.2298499003
0.2297361376
0.2289281977
-0.01467674812
-0.2240102269
-0.01042737409
0.01088593987
-0.01141771419
0.2277924707
-0.2277534336
0.2278743391
0.227748668
-0.2395735578
-0.006565129935
0.006532257755
-0.006752778199
0.006308082637
0.006969614589
-0.2391655567
-0.007182238379
0.2394870822
-0.2392702459
0.2396930525
0.2390420262
-0.007167887831
-0.2390568107
-0.007359996979
0.007390053638
-0.0075924932
0.007789106231
-0.238434639
-0.007979582292
0.2388597612
-0.2386631481
0.2390448612
0.2384542492
-0.008035577279
-0.2381105803
-0.008060543914
0.008163502788
-0.008339360338
0.008502045846
-0.2373483572
-0.008636919141
0.2378236324
-0.2376609469
0.2379742333
0.2374850729
-0.008799173784
-0.2347676956
-0.008377212342
0.008712731633
-0.008694755237
0.008612979944
-0.2222373936
-0.00867232776
0.2294690606
-0.2295508359
0.2293937988
0.2296394019
-0.008933470305
-0.225333264
-0.008949999289
0.009020659362
-0.009295630085
0.2280512929
-0.2280015187
0.2280938513
0.2279432893
-0.2403557306
-0.005851452725
0.005842503852
-0.006024014208
0.005656268414
0.006200884488
-0.2399519232
-0.006372766202
0.2402517738
-0.2400749036
0.2404200149
0.2398888226
-0.006388807635
-0.2397594301
-0.006492978651
0.006539325218
-0.006700306003
0.006855537585
-0.2391309471
-0.007004818498
0.2395390921
-0.2393838605
0.2396857231
0.239219331
-0.007080828068
-0.2387057336
-0.007040475919
0.007147555177
-0.007281785462
0.0074018785
-0.2378194965
-0.007494479971
0.2383633613
-0.2382432683
0.2384748844
0.2381138223
-0.007664100312
-0.2346624336
-0.007240527321
0.007535745212
-0.007506124218
0.007450298185
-0.2225267636
-0.007540431684
0.2292069278
-0.2292627539
0.2291574867
0.2293250314
-0.007724052191
-0.2261755103
-0.007721516039
0.007829924601
-0.008007488726
0.2281866221
-0.228160762
0.2282082596
0.2281300768
-0.2410006528
-0.005191557955
0.00519992649
-0.005349720692
0.005045039305
0.005494594552
-0.2405889958
-0.005634363475
0.2408771533
-0.2407322795
0.2410150988
0.2405800122
-0.005666391935
-0.2403215473
-0.005712672301
0.005768903638
-0.005898171419
0.006022149758
-0.2396792699
-0.006140671946
0.2400792836
-0.2399553053
0.2401967095
0.239824262
-0.006222892078
-0.2391637305
-0.006145628169
0.006252988489
-0.006356742691
0.00644611649
-0.2381428156
-0.006509484054
0.2387640266
-0.2386746528
0.2388470918
0.238578436
-0.00667429263
-0.2345381098
-0.006272012368
0.006529466078
-0.00649845202
0.006467680182
-0.2229147868
-0.006573725782
0.2290467496
-0.2290775214
0.2290218877
0.229114391
-0.006700194111
-0.2267225536
-0.006683994615
0.006810256066
-0.006925879801
0.2282522649
-0.2282406966
0.2282611681
0.2282261447
-0.2415338079
-0.004590899962
0.004612115323
-0.004736128129
0.004483074193
0.004855337522
-0.2411081169
-0.004969686312
0.2413907449
-0.2412715355
0.2415043402
0.2411464197
-0.00500924891
-0.2407754555
-0.005016944058
0.005079199458
-0.00518396843
0.005284053392
-0.2401164368
-0.005379239187
0.2405135296
-0.2404134446
0.2406085159
0.2403079493
-0.005460469542
-0.2395192995
-0.005362371009
0.005468530994
-0.005549269958
0.005615917813
-0.2383633578
-0.005658829378
0.2390626361
-0.2389959882
0.2391245455
0.2389242616
-0.005813100394
-0.234422941
-0.00544246256
0.005666002127
-0.005638991547
0.005630603208
-0.2233511558
-0.005743227495
0.2289807085
-0.2289890969
0.2289773374
0.2290027464
-0.005828266203
-0.2270793969
-0.005801228199
0.005934397503
-0.006009905841
0.2282744364
-0.2282720267
0.2282750882
0.2282676736
-0.2419761693
-0.004052283113
0.004079208025
-0.004182271433
0.003971362487
0.004280831834
-0.2415336644
-0.004374938501
0.2418145167
-0.2417159563
0.241908553
0.2416126667
-0.004417347426
-0.2411451958
-0.004403034676
0.004464724578
-0.004550358019
0.004631891411
-0.2404685942
-0.004708963273
0.2408660244
-0.240784491
0.2409435606
0.2406987556
-0.004786044318
-0.2397964316
-0.004680444908
0.004780346778
-0.004843333316
0.004892951861
-0.2385118175
-0.004921466594
0.2392851124
-0.2392354939
0.2393311674
0.2391820734
-0.005063088363
-0.2343304197
-0.004731837501
0.004921299728
-0.004900654956
0.004910849086
-0.2238041326
-0.00502426103
0.228994847
-0.2289846528
0.2290090651
0.228978735
-0.005079588407
-0.2273124406
-0.005048983184
0.005178086961
-0.005227386487
0.2282680471
-0.2282717561
0.2282631379
0.2282741465
-0.2423447267
-0.003573587129
0.003602104625
-0.003688108899
0.003511664143
0.003770005408
-0.2418846511
-0.003847925753
0.2421659554
-0.2420840589
0.2422442081
0.2419983398
-0.003891021677
-0.2414488686
-0.003864253831
0.003922066939
-0.003992604839
0.004059505878
-0.2407543435
-0.004122248932
0.241154499
-0.2410875979
0.2412182268
0.2410173605
-0.004194561077
-0.2400127581
-0.004088031364
0.004179495935
-0.004228672999
0.004265467313
-0.2386095774
-0.004283872686
0.2394503784
-0.2394135841
0.2394844918
0.2393739228
-0.004413006456
-0.2342653201
-0.004122059234
0.004279878371
-0.004266230858
0.004291124859
-0.2242546937
-0.004402015536
0.2290735265
-0.2290486325
0.2291015363
0.2290270744
-0.004436484243
-0.2274641834
-0.004406118488
0.004525906542
-0.004557911596
0.2282422181
-0.2282501321
0.2282334717
0.2282571335
-0.2426530636
-0.003150155532
0.003178123333
-0.003250173773
0.003102032088
0.003318548553
-0.2421759073
-0.003383432516
0.2424588678
-0.242390493
0.2425242983
0.2423189831
-0.003426567249
-0.2416999969
-0.003392355166
0.003445037617
-0.003503490738
0.003558649792
-0.2409872917
-0.003609889033
0.2413919684
-0.2413368093
0.2414445753
0.2412789352
-0.003678082153
-0.2401816226
-0.003573304355
0.003655868189
-0.003694233194
0.003721334533
-0.2386718214
-0.003732690779
0.2395724833
-0.2395453819
0.2395975613
0.239516099
-0.003850670651
-0.2342277205
-0.003597234699
0.003727093169
-0.003720171761
0.003756309609
-0.2246922423
-0.003862955691
0.2292022145
-0.2291660767
0.2292406907
0.2291324476
-0.003883286068
-0.2275618151
-0.003854574087
0.003963192381
-0.003983611605
0.2282029442
-0.2282137686
0.2281915508
0.2282239673
-0.2429121291
-0.002779451992
0.002806072768
-0.002866714396
0.002741796853
0.002924104481
-0.2424189707
-0.00297844758
0.2427042344
-0.2426468443
0.2427592254
0.2425868998
-0.003018382229
-0.2419087742
-0.002982303384
0.003029931642
-0.003078612059
0.003124258776
-0.241177718
-0.003166199694
0.2415882383
-0.2415425916
0.2416318046
0.2414947347
-0.003227811154
-0.240313222
-0.003128819644
0.003203153547
-0.003233019256
0.003252777412
-0.2387093728
-0.003259258551
0.2396619119
-0.2396421537
0.2396801327
0.2396207393
-0.00336417552
-0.2342151726
-0.003147088718
0.003253388273
-0.003252400458
0.003296778855
-0.2251116117
-0.003398511128
0.2293682725
-0.2293238941
0.2294142972
0.2292813032
-0.003406035347
-0.2276230772
-0.003382739042
0.003480359328
-0.003493002077
0.2281545541
-0.2281673008
0.2281414562
0.2281796527
-0.2431308488
-0.002457310525
0.00248254668
-0.002533856639
0.002427991988
0.00258230119
-0.2426229477
-0.002628076911
0.242910871
-0.2428624265
0.2429573383
0.242811921
-0.002662638856
-0.2420830854
-0.002628034576
0.002671327744
-0.002712041822
0.002749932273
-0.241333672
-0.002784321017
0.2417509515
-0.241713061
0.2417871248
0.2416733825
-0.002837761101
-0.24041543
-0.002746747475
0.002814015742
-0.002837176102
0.002851362134
-0.2387298869
-0.002854503989
0.239726535
-0.239712349
0.2397395505
0.2396969141
-0.00294536911
-0.2342237743
-0.002761974929
0.002849083332
-0.002852983603
0.002903031322
-0.2255110615
-0.00299980996
0.2295606849
-0.2295106372
0.2296117978
0.2294618041
-0.002995259939
-0.2276601169
-0.002980018012
0.003067616068
-0.003075115856
0.2281005091
-0.2281143958
0.2280864357
0.2281280553
-0.2433165604
-0.002181512254
0.002203195529
-0.002246876872
0.002156617255
0.002288022912
-0.2427950932
-0.002326807526
0.2430859152
-0.2430447692
0.2431254524
0.2430019455
-0.00235672759
-0.2422292094
-0.002326074363
0.002363328446
-0.002397521346
0.002429068981
-0.2414615939
-0.002457313016
0.2418862364
-0.2418546888
0.2419163841
0.2418216823
-0.002503884707
-0.2404944493
-0.002422432379
0.00248116495
-0.002499039924
0.002509016769
-0.2387388085
-0.002509925074
0.2397723742
-0.2397623973
0.239781474
0.2397514814
-0.002588717617
-0.2342493498
-0.002436264246
0.002505335334
-0.002513106833
0.002566787731
-0.2258910483
-0.00265893959
0.2297704852
-0.2297168043
0.2298248034
0.2296638825
-0.00264509065
-0.2276812959
-0.002640191497
0.002716171851
-0.002720329883
0.2280433705
-0.2280578387
0.2280288274
0.2280722005
-0.2434753714
-0.001948727975
0.001965309186
-0.002002756103
0.001925285984
0.002037949981
-0.2429413144
-0.002071033198
0.2432352481
-0.2432000542
0.2432691503
0.2431634751
-0.002096811235
-0.2423523303
-0.002072015225
0.002102060379
-0.002130929098
0.002157309411
-0.2415667729
-0.002180577012
0.2419991736
-0.2419727933
0.2420244315
0.2419452163
-0.002221198345
-0.2405552897
-0.002150499985
0.002199753136
-0.002213493599
0.002220331313
-0.2387400919
-0.002219816898
0.2398041381
-0.2397973004
0.2398103325
0.2397897637
-0.002288083056
-0.2342881434
-0.002163993045
0.002216242376
-0.0022269943
0.002282734512
-0.2262532502
-0.002370702057
0.2299907959
-0.2299350557
0.2300468624
0.2298796933
-0.002349468633
-0.227692369
-0.002356510698
0.002420060879
-0.002422124947
0.2279849468
-0.227999591
0.2279703059
0.2280142259
-0.2436122601
-0.001755098435
0.001767132347
-0.001799526807
0.001732454426
0.001829908505
-0.2430664342
-0.001858385004
0.2433636867
-0.243333305
0.2433930369
0.2433018062
-0.001878630299
-0.2424567725
-0.001861206016
0.00188497261
-0.001909541175
0.001931758724
-0.2416535926
-0.001951041627
0.2420940107
-0.2420717932
0.2421153319
0.242048615
-0.001984524979
-0.2406020158
-0.001925526791
0.001966519938
-0.001977069991
0.001981614366
-0.2387366323
-0.001980271008
0.2398255248
-0.2398209804
0.2398296068
0.2398159302
-0.002037371391
-0.2343369467
-0.001939340924
0.001977776093
-0.001990757598
0.002047318865
-0.2265993916
-0.002131503506
0.2302161897
-0.2301596284
0.2302728
0.2301031547
-0.002102386392
-0.2276973591
-0.002122270873
0.002175054632
-0.002175904236
0.2279266137
-0.2279411216
0.2279121809
0.2279556938
-0.243731585
-0.001598034468
0.00160585834
-0.00163425772
0.001575433661
0.001660840287
-0.2431745955
-0.001685677565
0.2434754228
-0.2434488403
0.2435012065
0.2434213931
-0.001699743839
-0.2425462738
-0.001690641248
0.001708752579
-0.001729916077
0.001748841746
-0.2417257774
-0.001764989763
0.2421743992
-0.2421554735
0.2421926204
0.2421357993
-0.001790890688
-0.2406379606
-0.001743973868
0.001777594369
-0.00178572963
0.001788646776
-0.2387305442
-0.00178690095
0.2398394506
-0.2398365334
0.2398420473
0.2398332635
-0.001832948334
-0.2343930117
-0.001758437405
0.001785461543
-0.001800020059
0.001856368887
-0.2269307871
-0.001937022254
0.2304422146
-0.2303858658
0.230498347
0.2303293702
-0.001900292421
-0.2276991742
-0.001933005409
0.001976319979
-0.001976608399
0.227869527
-0.2278836223
0.2278555807
0.227897847
-0.2438375169
-0.001476108618
0.001478343852
-0.001503771395
0.001451010191
0.001527494982
-0.2432695376
-0.001549570544
0.24357434
-0.2435506164
0.2435974711
0.2435262556
-0.001557186121
-0.2426241593
-0.001558587201
0.001569963744
-0.001588517691
0.001604919052
-0.2417865524
-0.001618673581
0.242243555
-0.2422271536
0.2422594323
0.2422101928
-0.001636952125
-0.2406658956
-0.001603740107
0.001629112188
-0.001635482102
0.001637305032
-0.2387233299
-0.001635459292
0.2398482303
-0.2398464074
0.2398498523
0.2398443565
-0.001670956156
-0.2344538469
-0.001618964302
0.001634981149
-0.001650513339
0.001705741273
-0.227248249
-0.001783019618
0.2306650313
-0.2306098034
0.2307198524
0.2305542353
-0.001739306932
-0.2277000878
-0.001786211627
0.001819288721
-0.001819540397
0.2278147594
-0.2278281826
0.2278015418
0.227841792
-0.2439335691
-0.001387671412
0.00138359548
-0.001406844114
0.001358560252
0.001428484628
-0.2433545935
-0.001448552007
0.2436637917
-0.2436421512
0.2436850293
0.2436200603
-0.001449770239
-0.2426934116
-0.001462932821
0.001466995171
-0.001483651903
0.001498222524
-0.2418387798
-0.001510255048
0.2423043686
-0.242289798
0.2423185838
0.2422748351
-0.001521156141
-0.2406882257
-0.001502442049
0.001519165201
-0.001524345479
0.001525531422
-0.2387160854
-0.001523826424
0.2398537919
-0.2398526059
0.2398548866
0.2398513022
-0.001549517207
-0.2345173402
-0.001518601734
0.001524211568
-0.001540246696
0.00159369685
-0.2275524465
-0.001667748815
0.230881634
-0.2308281838
0.2309345688
0.2307742556
-0.001617795598
-0.2277019599
-0.00167945915
0.001701986432
-0.001702630572
0.2277632035
-0.2277757547
0.2277508909
0.2277885347
-0.2440227792
-0.001330670834
0.001319902258
-0.001341702273
0.001296416848
0.001361962266
-0.2434326693
-0.001380699353
0.2437467071
-0.2437264471
0.2437667375
0.2437058954
-0.001375826567
-0.2427567267
-0.001401336464
0.001397852901
-0.001413262224
0.001426645097
-0.2418850811
-0.001437589864
0.2423594867
-0.2423461038
0.2423726733
0.2423324802
-0.001441550797
-0.2407071929
-0.001437666116
0.001445584694
-0.001450137519
0.001451141113
-0.238709767
-0.001449834675
0.2398579242
-0.2398569206
0.2398589679
0.2398559196
-0.001466529995
-0.2345820671
-0.001455273549
0.001451051091
-0.001467292333
0.001518556175
-0.2278439657
-0.001589520204
0.2310900597
-0.2310387959
0.2311407346
0.2309869549
-0.001534152831
-0.2277061489
-0.001610350018
0.00162246672
-0.001623769476
0.2277154023
-0.2277269941
0.2277040502
0.2277388224
-0.244107902
-0.001303152197
0.00128688072
-0.001307881908
0.00126431409
0.001327372732
-0.2435063527
-0.001345358113
0.2438256972
-0.2438062064
0.243786556
-0.001333404513
-0.2428165292
-0.001371104578
0.001361787799
-0.001376529133
0.001389344346
-0.241927993
-0.001399881421
0.2424113958
-0.2423985806
0.242385693
-0.001395851518
-0.2407253884
-0.001406902852
0.00140769936
-0.001412377065
0.001413844459
-0.2387056413
-0.001413257665
0.239862848
-0.2398613806
0.2398600951
-0.001419967834
-0.234646673
-0.001430286034
0.001415057794
-0.001430841944
0.001480347847
-0.2281232589
-0.001549975319
0.2312897281
-0.2312402222
0.2311908852
-0.001486904813
-0.2277122671
-0.001574624233
0.001581953761
-0.00158314203
0.2276708939
-0.227682021
0.2276928628
0.003098294527
-0.05216892492
0.05242084987
-0.05234917025
0.05225969644
0.002946836681
-0.05219052674
-0.003074423552
0.002984949736
-0.002900422181
-0.05243305987
-0.05235457734
0.003570471529
-0.05464897919
0.05483993095
-0.05473012374
0.05462141957
0.02267563735
-0.0539703931
-0.003542915285
0.003434211114
-0.003324904809
-0.05468615207
-0.05411391546
0.0518953063
0.1055952458
0.004712164043
-0.005151768474
0.004840564751
-0.002708915373
-0.004530605771
0.1068186978
0.004233732467
-0.1060675797
0.1063775387
-0.1067065243
0.1070262844
0.004643312633
0.004327547166
0.108429297
0.005458379536
-0.1080419941
-0.01611751786
0.0154234618
-0.004399356068
-0.01482787239
0.10969948
0.01429488055
-0.1088182586
0.109413848
-0.1084469539
-0.110154176
0.110546614
0.02219054871
0.02153577834
-0.004929063833
0.1081207201
0.004588989324
-0.1073660274
0.1077215439
-0.1080786117
-0.005396514271
0.004976179202
-0.005333247078
0.004636203562
0.005708209737
-0.003044491775
0.1076590541
0.003390342468
-0.05279640682
0.05312903966
-0.0530300142
0.05323526574
0.05292936302
0.00323922214
-0.00334431102
0.003243659846
-0.003148648733
-0.05312952532
0.1101293486
0.007329972515
-0.006489371839
0.007025688326
0.1095930321
-0.00654379518
0.09474266617
-0.006659879853
0.1130561222
0.006194758015
-0.112760346
0.1131261545
-0.009087706881
0.09004592662
-0.1049236543
0.1058515631
0.007662871
0.05259596015
-0.0259487163
-0.001389269397
0.001471893632
-0.001397231648
0.001239867492
0.02629655103
-0.05228194451
-0.002897383878
0.002784171432
-0.002854496887
0.002925076255
-0.05187312373
0.05211837826
-0.05204779889
-0.002876570872
0.02607933568
0.001632156534
-0.001450793909
0.001971613298
-0.001356787521
-0.001926862957
-0.02689250153
-0.05377064607
-0.01316039291
0.004520210935
-0.004653555519
0.004794805437
-0.05317544669
0.05357616956
-0.05343491964
0.05332949227
-0.003472533738
0.01552702824
0.003307779698
-0.003840444691
0.002920342361
-0.00147412194
-0.01015903688
0.00180331621
-0.02652816779
0.02632909875
-0.02633339853
0.02633746503
0.02627240166
-0.001845713485
0.001763455843
-0.02630524043
0.02626890584
-0.02629321991
0.02626641467
0.02630702363
-0.001745432869
0.005451999871
-0.02624200178
0.0264853959
-0.02635536435
0.02669955974
0.02628433846
-0.003067192808
-0.005251414187
0.004883822081
0.1114647317
-0.1109461634
0.1113446539
0.006050748034
0.1116802216
0.005622076554
0.1120987093
0.005571300802
-0.003980279154
0.05505355213
-0.05480307658
0.0549891245
-0.05514143073
-0.004330282848
0.004000282756
-0.004152588981
0.003814422653
0.003651582436
-0.002892592755
0.05325824858
-0.04199999296
-0.005785933249
0.00480886282
-0.00611091831
0.006879294567
-0.05092139438
-0.007246833553
0.04832088591
-0.04755250966
0.04669292777
-0.007229869171
0.02714246729
-0.006544842964
0.003725741159
0.02155268516
-0.0310394711
0.0230806029
-0.02282473631
-0.002166501373
-0.1133825271
-0.006610333225
0.0064424011
-0.00669877374
0.004302479005
-0.108491012
0.1091558893
-0.1088607514
0.1094962942
0.1085207468
-0.1082395224
-0.004262783662
0.1114230373
-0.111096904
-0.004519835893
0.003657397625
0.05536293637
0.004016440571
-0.1072266427
0.1079124311
-0.1076358068
0.1073264209
-0.003940797125
0.02095436413
-0.109979862
0.1107669138
-0.1102203628
0.109798899
-0.0138125656
0.006032454809
-0.006300775027
0.1089267132
-0.106503875
0.008684359021
0.1124742339
-0.005790552198
-0.1117365912
0.005230139186
0.005818856984
0.2235784699
0.2235963913
0.01525708217
-0.2206306113
0.2229237862
-0.2232177917
0.2229484157
0.2233582022
-0.006529073275
0.00901969715
-0.2203636258
0.2241054487
-0.2235255086
0.2249277426
0.223124567
-0.008476713325
0.01041276651
-0.2235224435
0.2289141451
-0.2273143483
0.230778567
0.2259931257
-0.01028227128
0.008406847718
-0.2310921783
0.2346590502
-0.2341106914
0.2350631445
0.2327442905
-0.009296539958
0.007858597547
-0.2358094923
0.2362031784
-0.2358357083
0.2365590192
0.2354547993
-0.007987726783
0.00731405905
-0.2372275551
0.2375498951
-0.2372320718
0.2378551844
0.2369016415
-0.007467919645
0.006705421341
-0.2384314637
0.2387030531
-0.2384283834
0.2389571249
0.2381487638
-0.006867532087
0.006076887666
-0.2394447812
0.2396845128
-0.2394439977
0.239891735
0.2392141942
-0.006241245814
0.005461459576
-0.240294417
0.2405136316
-0.2403033145
0.2406815982
0.2401167177
-0.005623923041
0.004881136861
-0.2410063343
0.2412119385
-0.2410299934
0.2413499538
0.240878186
-0.005033942176
0.004345427696
-0.2416024986
0.2417981875
-0.2416434821
0.241913103
0.2415176166
-0.004484921203
0.00385544775
-0.2421025257
0.2422927937
-0.2421609517
0.2423889346
0.2420558925
-0.003981079853
0.003413775291
-0.2425231552
0.2427112971
-0.2425987718
0.2427920472
0.2425107131
-0.003526525191
0.003019150212
-0.2428780532
0.2430662778
-0.2429701327
0.2431343497
0.2428960299
-0.003120771714
0.002671385201
-0.2431783687
0.2433681828
-0.2432858853
0.2434258346
0.2432232818
-0.002760847173
0.002367929144
-0.2434334049
0.2436258056
-0.2435552028
0.2436749254
0.243502045
-0.00244479879
0.002105101409
-0.2436509936
0.243846661
-0.2437858824
0.2438890106
0.2437403838
-0.002171337781
0.001880971758
-0.2438379262
0.244036908
-0.2439852226
0.2440748384
0.2439453794
-0.001937794857
0.001694217774
-0.2439995056
0.2442014376
-0.2441584951
0.244236757
0.2441220344
-0.001741005651
0.00154215395
-0.2441403686
0.2443453535
-0.2443099294
0.2443780874
0.244275673
-0.001579211027
0.001420893204
-0.2442651617
0.2444757406
-0.2444432277
0.2445053473
0.2444121772
-0.001449690606
0.001330931093
-0.2443783187
0.2445945683
-0.2445647911
0.2446218881
0.2445364111
-0.001351994067
0.001270506311
-0.2444830237
0.2447053729
-0.2446774022
0.2447310152
0.2446508465
-0.001284698562
0.001239710259
-0.2445826085
0.2448127798
-0.2447856596
0.244757134
-0.001245950245
4.945186448e-05
0.01671124886
-0.01669117955
2.459695726e-05
0.01224243185
-0.01221757694
0.007851694749
-0.007827097792
-7.672163779e-05
0.01671544638
-6.346269018e-05
0.0122291729
0.007788232059
-0.0002512746285
-0.01316847056
0.01298635116
-0.0001020504028
-0.008451737135
0.008302512909
-0.004059877242
0.003957826839
-0.004875603857
0.01054898831
-0.01448526607
-0.002007137275
0.007673494575
-0.01054196115
0.003478129959
-0.005485267233
2.839549938e-05
0.01668690339
-0.0166589873
6.850427706e-06
0.01223572256
-0.01221417749
0.007903961937
-0.007897111509
-0.002670946836
0.001082975597
0.0008071831235
-0.0001631436854
0.016741936
-0.0167620027
-0.0001366425681
0.01225423243
-0.01228073354
0.007711868654
-0.007848511222
-0.0005105923933
-0.009318373934
0.008929126145
-0.0001802623821
-0.004946214662
0.004615884652
-0.001486466668
0.001306204287
-0.0002441090654
-0.01403604698
0.01386311793
-0.0001093318759
-0.009188051872
0.009053274684
-0.004696585563
0.004587253688
-0.0002430999223
0.01662457376
-0.0001879878548
0.01219912036
0.0075238808
-2.996368199e-05
-0.01647345408
0.01647290768
-2.819303813e-05
-0.01204795111
0.01204618047
-0.007803355786
0.007775162748
-7.441317538e-06
-0.01647030184
-7.120880767e-06
-0.01204827155
-0.007810476666
-5.00350357e-05
0.01647388827
-4.671465133e-05
0.01204286008
0.007728448096
9.537573408e-05
0.01650048659
5.832430546e-05
0.01207991151
0.007786772402
2.41907926e-05
-0.01668367114
1.507311486e-05
-0.01220845926
-0.007812024677
6.351756619e-05
0.0167359439
4.152581148e-05
0.01225116466
0.00782975787
-0.0003563545997
0.01421987686
-0.0001535176022
0.009322102282
-0.009524939277
0.004808847902
-0.004962365504
1.446276384e-05
-0.01655967024
0.0165668775
6.812040241e-06
-0.01210994015
0.01211759088
-0.007782999752
0.007789811792
-4.734094187e-05
-0.01656198319
-3.686202264e-05
-0.01212041907
-0.007819861774
-0.0002595796672
-0.01336069324
-0.0001054924975
-0.008605824304
-0.00416536974
4.721240913e-05
0.01658572727
2.946386353e-05
0.01213533942
0.007819275656
-1.028567888e-05
0.01659983831
-1.389350624e-05
0.01213894725
0.00780538215
-0.0003547520876
0.01240528531
-0.01264509986
-0.0001610636336
0.007769443577
-0.007963132029
0.003478253011
-0.003639316645
-0.002786914196
-0.01609555443
-0.001451815348
-0.01187706
-0.006937082581
-3.351937038e-06
-0.01646677538
-2.66622457e-06
-0.01204895726
-0.007813142891
1.41237081e-06
-0.01646709678
1.824980658e-06
-0.01204936987
-0.00781131791
1.351404367e-05
-0.01653819206
0.01655861924
5.343553718e-06
-0.01211937724
0.01212754773
-0.007839861434
0.007845204987
9.255476384e-05
5.308903173e-05
-0.0001192005613
-9.193726019e-05
4.832223836e-05
1.875335166e-05
-0.0008469370388
0.009727141762
-0.01025999616
-0.0003310046612
0.005293701139
-0.005809633516
0.001722831423
-0.002053836084
-0.0005838512318
-0.0002363647543
-0.0002463127502
-0.0001122623388
-9.710476601e-06
0.01656286386
-6.290005445e-06
0.01212412726
0.007838914982
-2.27614008e-05
-1.905320803e-05
-0.0003089481531
-0.0135718354
-0.0001440520822
-0.008770720375
-0.004309421822
-3.076077023e-05
0.0166115199
-3.009387257e-05
0.01213828036
0.007775288278
-0.0003340024051
0.01218403968
-0.0001419151372
0.00757735631
0.003336337874
-0.0009088585824
-0.0005867982186
-8.964198728e-05
0.009648534748
0.00505850025
-0.005148142238
-9.613474592e-05
-0.0016369877
0.002350801932
-0.005848170407
-0.0003190246672
0.00141457132
-0.002732534353
0.0003488424483
-0.0006678671166
-4.32178729e-05
0.01633170825
-0.01633403621
-3.541465575e-05
0.01195729187
-0.01196509509
0.007688431647
-0.007723846303
-0.0004135974374
0.01055855107
-0.01085981855
-0.00016469232
0.006074729394
-0.006323634511
0.002221667918
-0.002386360238
-8.288471476e-05
0.0005296303229
0.0002659577321
-0.0004329277128
-0.0001678318346
2.288769e-05
-0.01641149921
0.01642681409
1.294607568e-05
-0.01202121631
0.01203115793
-0.007774580435
0.007787526511
1.091242914e-05
-0.01645410717
6.374317659e-06
-0.01204483176
-0.007804943592
2.597807697e-05
-0.01639265083
1.519031967e-05
-0.01201042856
-0.007759390115
3.152711628e-05
0.01634442784
1.794897811e-05
0.01197087001
0.007706380625
-0.0005603861765
-0.0002778318663
-0.000416084146
-0.01182205641
0.01154536577
-0.0001857877905
-0.007217999708
0.006987703353
-0.003055409519
0.002869621729
-0.0006402849577
-0.000280928355
-0.0006578910752
-0.0003185101949
-0.0009823842009
-0.007335136179
-0.0002138942619
-0.003501024292
-0.0008817613784
0.00774693321
-2.709629856e-05
-2.308690744e-05
0.0001977203666
0.0001218232319
-0.0007132181772
-0.01127803394
-0.000294538386
-0.006742314301
-0.002680898624
2.130346362e-05
0.01644149347
1.205357973e-05
0.01204040781
0.007799580091
9.78744345e-06
5.363501764e-06
3.787196871e-05
-0.01636860431
2.018758162e-05
-0.01199274417
-0.007739202533
5.469606357e-05
3.282190804e-05
-0.0004341121567
-0.0001887231047
-0.0008918290999
0.008154828139
-0.0002687183244
0.003992773877
0.001037485962
-0.0006474741687
-0.0001557245838
)
;

boundaryField
{
    topAndBottom
    {
        type            calculated;
        value           uniform 0;
    }
    inlet
    {
        type            calculated;
        value           nonuniform List<scalar> 0();
    }
    outlet
    {
        type            calculated;
        value           nonuniform List<scalar> 
30
(
0.9871228071
0.9870023738
0.9865010173
0.985709516
0.2443960687
0.2435421552
0.2432007045
0.2419489324
0.2413976235
0.2387057145
0.2370678027
0.228256016
0.2275554803
0.4924238982
0.4920323561
0.4915183493
0.4910144588
0.490338301
0.2446321606
0.2441289811
0.2438450995
0.2428310439
0.2424240045
0.2407303429
0.2398650046
0.2346636861
0.2313366395
0.2277149642
0.227661272
0.2448405765
)
;
    }
    wing
    {
        type            calculated;
        value           nonuniform List<scalar> 
70
(
3.388131789e-21
-1.355252716e-20
0
0
-6.776263578e-21
0
-2.710505431e-20
0
0
0
1.355252716e-20
6.776263578e-21
6.776263578e-21
-6.776263578e-21
0
1.355252716e-20
0
0
6.776263578e-21
6.776263578e-21
-6.776263578e-21
0
6.776263578e-21
0
0
0
0
0
6.776263578e-21
0
-1.355252716e-20
0
0
-6.776263578e-21
0
6.776263578e-21
0
0
0
0
0
0
-6.776263578e-21
0
-6.776263578e-21
-6.776263578e-21
-6.776263578e-21
0
0
-6.776263578e-21
0
-6.776263578e-21
0
0
-1.355252716e-20
0
1.355252716e-20
0
0
0
0
-1.355252716e-20
0
-6.776263578e-21
6.776263578e-21
6.776263578e-21
-6.776263578e-21
1.355252716e-20
-6.776263578e-21
0
)
;
    }
    front
    {
        type            empty;
        value           nonuniform List<scalar> 0();
    }
    back
    {
        type            empty;
        value           nonuniform List<scalar> 0();
    }
    procBoundary1to0
    {
        type            processor;
        value           nonuniform List<scalar> 
49
(
-0.9246179107
-0.9239721011
-0.9228101256
-0.9207006398
0.007001808747
-0.4581286871
-0.4560540206
-0.4533130406
-0.002631697557
-0.05227653964
-0.05162992065
-0.02282704766
-0.2152966177
-0.1066491599
-0.1048027585
-0.10623051
-0.05181326166
-0.02721330887
-0.0266263214
-0.05145643072
-0.4571612275
-0.4546915072
-0.2199522548
-0.2176982736
-0.2152417453
-0.2148062945
-0.2148710867
-0.2151870205
-0.02645391519
-0.02697279763
-0.05213738868
-0.2159531886
-0.2169634768
-0.2146626531
-0.2146312124
-0.2159040799
-0.2155577882
-0.105302598
-0.1057710905
-0.02578839683
-0.02602337828
-0.05198830982
-0.1070677095
-0.2218024573
-0.223831607
-0.007755880384
-0.01633636518
8.947174165e-06
-0.01196910448
)
;
    }
    procBoundary1to3
    {
        type            processor;
        value           nonuniform List<scalar> 
136
(
-0.005845512479
-0.02498370388
-0.00504122858
-0.006651461575
-0.005781652164
-0.005612897571
-0.003757736664
-0.002557960482
0.0004170381168
-0.01373948693
0.0005795922116
-0.005138876248
-0.003272511252
-0.006524031796
0.0004301426395
-0.003960459234
-0.01650866969
-0.01587467678
-0.03006022216
-0.01965782295
-0.03763118907
-0.03305984869
-0.02840378242
-0.03710519141
-0.01050924257
-0.02322232258
-0.00899255772
-0.0101015612
-0.007743153563
-0.008660047059
-0.006692897845
-0.007461833307
-0.005801879964
-0.006455218275
-0.005044074038
-0.005602335075
-0.004397372046
-0.004873672537
-0.003843180753
-0.004249615279
-0.003369641159
-0.00371681361
-0.002965944638
-0.003262604601
-0.00262564841
-0.002875946256
-0.002341869817
-0.002550150176
-0.00210783804
-0.002278312149
-0.001919059046
-0.002056150363
-0.001772994054
-0.001879130361
-0.001667146549
-0.001743181653
-0.001598997864
-0.001646215003
-0.001565002394
-0.001587400907
-0.004494261233
-0.05043917514
-0.008800419922
-0.008311514936
0.05310229011
-0.007143821778
-0.00663181222
-0.006288613524
-0.01169357853
-0.01272320532
0.02452647405
-0.005030796043
-0.005086527431
-0.006534667472
-0.005972566869
-0.005561513401
-0.01390475689
-0.01393979231
-0.02666348683
-0.02311082658
-0.03702966884
-0.03546086347
-0.03248769199
-0.03540943138
-0.01145704699
-0.01708852905
-0.009345404237
-0.00971139299
-0.008033348794
-0.008340537366
-0.0069374481
-0.007195751423
-0.006012315614
-0.006230019596
-0.005223677478
-0.005408009871
-0.004549997619
-0.004707583068
-0.003972787152
-0.004109451745
-0.003480255337
-0.003597025668
-0.003061229176
-0.00315911239
-0.002705861689
-0.002788409367
-0.002407480724
-0.00247743523
-0.00216139639
-0.002218876103
-0.00196251308
-0.00200820698
-0.001806117199
-0.001840919449
-0.001690079436
-0.001715016867
-0.001612177697
-0.001628405853
-0.001572014934
-0.001578609027
0.01051496204
-0.009375441468
-0.01078068019
-0.01001561563
-0.007869046419
-0.006125722077
-0.005313647928
-0.009336670962
-0.008553471245
-0.00744698012
-0.01444311447
0.0002040553934
-0.009762948153
0.0002197302176
0.0001629366042
-0.00531107884
)
;
    }
}


// ************************************************************************* //
