/*--------------------------------*- C++ -*----------------------------------*\
| =========                 |                                                 |
| \\      /  F ield         | OpenFOAM: The Open Source CFD Toolbox           |
|  \\    /   O peration     | Version:  v2012                                 |
|   \\  /    A nd           | Website:  www.openfoam.com                      |
|    \\/     M anipulation  |                                                 |
\*---------------------------------------------------------------------------*/
FoamFile
{
    version     2.0;
    format      ascii;
    class       surfaceScalarField;
    location    "1.47";
    object      phi;
}
// * * * * * * * * * * * * * * * * * * * * * * * * * * * * * * * * * * * * * //

dimensions      [0 3 -1 0 0 0 0];
oriented        oriented;


internalField   nonuniform List<scalar> 
6464
(
0.4583294428
0.002278671107
-0.002230077874
0.4584269505
0.002138127381
-0.002012840507
0.4584831009
0.001859739557
-0.001698841355
0.4585006737
0.001533167602
-0.001359969627
0.4584895827
0.001205386962
-0.001057440592
0.4584828583
0.000889582251
-0.0008231147806
0.4584493063
0.0007238084857
-0.0005912108907
0.458458879
0.0004823318559
-0.001817923787
0.9186036807
0.0002915242821
-0.0004272812192
-0.001137681642
0.9186697579
-3.110173208e-05
0.9157434201
0.9137688983
-0.004592341564
-0.2291478844
0.2290933836
0.004646855437
-0.004494863972
-0.2293201341
0.2293838627
0.004431135357
-0.004025448071
-0.2294214643
0.2295764473
0.003870465055
-0.003337248791
-0.2294597357
0.229656383
0.003140601524
-0.00259872378
-0.2294392007
0.2296302232
0.002407701238
-0.001940805979
-0.2293878535
0.2295472798
0.001781379683
-0.4588497828
-0.002615946703
0.4602447446
0.00122098491
4.752160432e-05
0.4608780884
-0.001697157688
-0.4592284523
-0.002017081273
0.9179687321
0.0007521522762
0.001899877654
-0.001243529915
0.9178962065
0.0002318663159
0.9142680239
0.9140007646
-0.2290341173
-0.01338255631
0.2289931346
0.01342245636
-0.2303316953
-0.01265862265
0.2308778714
0.01210640729
-0.2308423654
-0.009827366303
0.2317405716
0.008923137226
-0.2305058669
-0.006271117888
0.2309729373
0.00580387057
-0.2304262378
-0.004713584447
0.2307786371
0.004361185198
-0.003123765738
-0.2302559392
0.2309201522
0.002459552725
-0.4628180833
0.0007530191843
0.461575514
0.000489550108
-0.4599194351
-0.0007030248765
0.4598388365
0.0007836235458
-0.0004444139514
0.9194698869
-0.0006524014354
-0.0004043394641
0.001231531278
0.9162202613
0.0005658887895
0.9149336663
0.9145666534
-0.2286697605
-0.02741110727
0.228461763
0.02761461352
-0.2330480844
-0.02664857045
0.2338977713
0.02578419113
-0.2357340678
-0.02175722827
0.2374417344
0.02003010872
-0.2351357817
-0.0142373648
0.2371140212
0.01224454675
-0.2343953391
-0.002048523069
0.2386640199
-0.002220947939
-0.003081090147
-0.2317460787
0.2317409464
0.003086222504
-0.4614697667
-0.004531336423
0.4625574424
0.00344366067
-0.4604787829
-0.002347129
0.4613617649
0.001464147056
0.002181982983
0.9191150483
-0.0009888809319
-0.0008382634544
0.001574799638
0.9168274446
0.0007167684314
0.9157916976
0.9152834218
-0.2273586422
-0.03890172031
0.2267756541
0.03947875753
-0.2364881051
-0.03920534487
0.2374625131
0.03821248047
-0.2433810354
-0.03223755104
0.245711871
0.02987756803
-0.2509873004
-0.01552457307
0.2501734362
0.01630447322
-0.2387347222
-0.01214090524
0.2411360948
0.009722208269
-0.004538551469
-0.2330365518
0.2335342675
0.00404083576
-0.464068763
-0.005126376454
0.4654868403
0.00370829907
-0.4621678132
-0.00273370103
0.4629820664
0.001919447784
0.002783839362
0.9205766678
-0.002462950165
-0.001782508623
0.001459931347
0.9181513526
0.0006461536658
0.9166054752
0.9159295755
-0.2240526528
-0.04352509033
0.2228661187
0.04471048587
-0.2414747068
-0.04291459707
0.2415820983
0.0427967804
-0.258456884
-0.03284958523
0.2563749171
0.03490050756
-0.255296169
-0.02959892139
0.2584133833
0.02644073321
-0.2495439219
-0.01680989895
0.2526205424
0.01370127766
-0.004976131296
-0.2367245865
0.2382387494
0.003458154973
-0.4666725964
-0.005079853425
0.4678405883
0.003911861525
-0.463390838
-0.003076814058
0.4637368674
0.002730784702
0.002038700066
0.9223535188
-0.001797516449
-0.002018034626
0.001033490935
0.9191565618
0.0003823037648
0.9172566624
0.9163118792
-0.0312256987
-0.1087824521
0.108209276
0.0317988748
-0.02522880328
-0.250667187
0.04771294321
-0.02562910949
0.1264941013
0.1273180553
-0.04057204557
-0.2604534321
0.2633598531
0.03764565605
-0.2681200599
-0.02711222052
0.2702032619
0.02498688106
-0.2610103967
-0.01813184369
0.2640004274
0.01509706558
-0.007074386186
-0.2444767221
0.2465885519
0.004945565227
-0.4689705061
-0.003958106776
0.4695419867
0.003386626159
-0.4645212383
-0.002434058755
0.4652843157
0.001670981425
0.0006795535759
0.9234685708
-0.0007724412525
-0.001022164363
0.0001356891457
0.9197004262
-3.195030516e-05
0.9174243019
0.9162799289
-0.03221745049
-0.1402224199
0.1431218131
0.02931805735
-0.03522139882
-0.2721415715
0.2752559619
0.03209587862
-0.2788759804
-0.02341190338
0.2815893425
0.02065496951
-0.2723914033
-0.01291135394
0.2747046629
0.01054926359
-0.006425068243
-0.2520605148
0.2538756389
0.004582005423
-0.4704770478
-0.001802503106
0.4712026969
0.001076854096
-0.4658635011
-0.0005950928694
0.4663187727
0.0001398212535
-0.00137899011
0.9237430714
0.0008161353916
0.0002883540922
-0.001124945696
0.9194463818
-0.0006077179425
0.9169070741
0.915672211
-0.01432966557
-0.1562536969
0.1567912309
0.01379213148
-0.0194105942
-0.281696688
0.2826926878
0.01840733454
-0.2875004268
-0.01470301792
0.2888841445
0.01326936038
-0.2803766493
-0.008491037317
0.2818441565
0.006961830432
-0.002666034244
-0.2577492032
0.2588757886
0.00150555287
-0.4721766411
0.001080312313
0.4729449212
-0.001848592473
-0.4664714655
0.00211692963
0.4664972154
-0.002142679456
-0.003813127499
0.9227587742
0.002624737252
0.002172687533
-0.002637070037
0.9182703243
-0.001352408341
0.9156224124
0.9143198027
0.003931530306
-0.1540838855
0.1530621545
-0.00290979937
-0.0012558057
-0.2831878297
0.2824677201
0.001967139857
-0.2917969659
-0.002211091099
0.2921433374
0.001808538181
-0.2850351445
5.982796531e-05
0.2856441778
-0.0007372801092
0.002280792002
-0.2602648383
0.2604904451
-0.002543362938
-0.472763802
0.00510847564
0.4721493762
-0.004494049907
-0.4661805709
0.004236366077
0.4663877596
-0.004443554716
-0.00645812261
0.9204848243
0.004660076657
0.004071995774
-0.004247400856
0.9160596026
-0.002143374102
0.9135183857
0.9121764286
0.01371128801
-0.1441814677
0.1427890441
-0.01231886436
0.01253407711
-0.2793995473
0.2784226065
-0.01157397377
-0.2928019135
0.01143621099
0.2904890965
-0.009186307671
-0.2862770776
0.00834229188
0.2858807527
-0.008021037252
0.006805390233
-0.2588447397
0.2582460268
-0.006243043472
-0.4712189628
0.008910541496
0.4700120953
-0.007703673974
-0.4664773965
0.006610331002
0.4654750156
-0.005607950034
-0.008884403009
0.9171329467
0.006317835006
0.005918445636
-0.005796881089
0.9129720807
-0.002857584883
0.9105790895
0.9093188437
0.01700687495
-0.1333900688
0.1320438881
-0.01566069416
0.02043783466
-0.2750854886
0.2744200393
-0.01980411072
-0.2889767043
0.01538479782
0.2916332145
-0.01811895249
-0.2838058286
0.01808335955
0.2828577064
-0.01721057736
0.01070367608
-0.2539836848
0.2522127278
-0.0089631308
-0.4685737271
0.01207748769
-0.01041191923
-0.4644206388
0.008937202264
-0.007654371624
-0.01105045408
0.006620387486
-0.007146059462
-0.003480400459
0.1595220414
0.01704965862
-0.1586750961
-0.008656122607
-0.009240481311
-0.1413738289
-0.03560360127
0.1447599797
0.1563368045
-0.002063911688
-0.1574447899
0.001774423638
0.001397473529
0.1599935573
-0.007124686855
-0.007676494629
0.145332276
-0.01299659207
-0.1468039457
0.007303690607
0.007164571159
0.1551503546
0.00274428352
0.002373696634
0.1338548749
-0.01680927178
-0.1351834396
0.01813783643
0.0151942891
0.1438492749
0.01857594355
0.1322858063
-0.1052876614
0.103945097
0.03270406533
-0.1377832927
-0.03629460154
-0.1233642634
-0.02688814718
0.1250236073
0.04295918972
0.009607774935
-0.04264768985
-0.009919274804
0.02622793754
-0.0720225821
-0.02850023478
0.07429487934
0.01621737003
-0.1554214083
0.2830781476
0.02401252203
-0.2806704218
-0.02642042617
-0.2699200937
-0.03906127879
0.2737579163
0.04896495804
0.0008569715186
-0.04906249251
-0.0007594370473
-0.04583623633
0.003630339875
-0.002998777346
0.0452046738
-0.001172606991
-0.1549751902
0.2838707963
0.005575463393
-0.2848810089
-0.004565275676
-0.02090158533
0.2845690683
0.03929240607
-0.004234824173
-0.03965339476
0.004595812856
-0.04248185769
-0.001666398202
0.00121505759
0.0429331983
-0.01160225178
-0.145575808
0.2754363562
-0.009458272542
-0.2778790842
0.01189963582
0.0003454320003
0.2822694609
0.0705424931
-0.01095162924
-0.07105520302
0.01146433916
-0.07438375227
-0.01007559187
0.07390021805
0.00535090038
0.005208225707
0.00803873866
0.03066547043
-0.007771370307
-0.03093283878
0.06386130481
-0.01121335636
-0.06430267815
0.0116547297
-0.06709430104
-0.01149524856
0.01187978835
0.06670976125
0.00419896764
-0.04621994446
-0.003815259516
0.009210591511
-0.009421848833
0.04317044704
-0.1536785639
0.02500014518
0.1557845938
-0.01330098618
-0.01380518886
-0.08394743787
-0.00880187967
0.08465777668
0.01730213237
0.04467518129
0.004377944239
-0.04485415789
-0.001482863742
-0.04201526756
0.001016273612
0.0001951712551
-4.125217923e-05
0.04881103896
-0.07944724843
0.002341425401
-0.002285394131
0.07939121716
-0.04748567627
0.0472910096
0.0003898379306
0.0418586043
-0.001716266526
-0.04162520152
0.04433594825
0.003969572915
0.0008710343438
-0.0474997391
0.003068148668
-0.07960158402
-0.002913813074
-0.009889540215
-0.07489797128
0.005221850727
0.005181908495
-0.004101548141
0.004286922898
0.03910703132
-0.1511568324
-0.009871100644
0.1497094172
0.005777659771
0.00554085602
-0.07814303106
0.004086502985
0.07760359949
-0.007648619558
0.07416443092
-0.009416491913
-0.07463747922
0.04207566887
-0.001883462773
0.004076749958
-0.007378635783
-0.03966248163
-0.03941348777
-0.008644340545
-0.1524874121
0.00510674505
0.004868175243
-0.01141483048
-0.06756106174
0.01188159118
-0.01118159641
0.01159020272
0.07013388679
-0.02916807782
-0.007376497621
0.006910850363
-0.02948189198
0.00835255283
0.01145785813
-0.007376595347
0.03156741596
0.01350274346
-0.0449209569
-0.0001492025204
0.02052974017
-0.036731485
-0.02265071787
0.03885246271
0.04532048787
-0.007703947809
-0.0374425019
-0.0001740381614
-0.01554850433
-0.1346508363
0.2679055302
-0.01882651565
-0.2694078852
0.02031822639
0.01473104173
0.2732367558
0.03830945457
-0.007333771023
-0.03077076419
-0.000204919359
0.06499857075
-0.01315740738
-0.06560363455
0.006912816864
0.006849654316
-0.0334476646
-0.006603153416
0.006699660626
0.03335115739
-0.07192957813
0.07378185592
0.02437565976
-0.009910689487
0.01854218509
-0.08297115854
0.02734809589
-0.1510796806
-0.01477607693
-0.01517090228
-0.00665129424
-0.03359780698
0.006801436617
-0.03561555663
-0.006842722905
0.007300422341
0.03515785719
-0.1395061886
-0.01601952287
0.0174805029
0.1380452085
-0.07058203854
0.07009521092
-0.01069476878
0.06714107526
-0.01097302253
-0.06758288321
0.07371166171
-0.009622822656
-0.01056065384
-0.07097301394
-0.01557516643
-0.1409719455
0.01704092338
0.02190115256
-0.05216841093
-0.02056857228
0.05083583064
0.02625533685
-0.06984522612
-0.02843269284
0.04050389736
-0.1230867056
-0.02117195092
-0.02235561989
0.06249831104
0.06361206804
-0.05590447485
0.05492781938
0.02287780803
0.03233048207
-0.0007630661057
-0.08044014685
0.02336563383
0.08227485244
-0.012464986
-0.01273535342
-0.04302913604
0.05878619378
0.01657342433
-0.03648098226
0.03818573022
0.01882499221
0.01538558251
-0.04491197509
0.02444468476
-0.07853051084
-0.01305558511
-0.01329873565
-0.04125544923
0.002636734223
-0.002620847874
0.04123956288
0.002320209168
-0.0415739371
-0.00200172129
-0.03999264239
-0.003208166499
0.003125362024
0.04007544687
-0.003445399016
-0.04030570514
0.003758461763
-0.006173134131
0.03654690981
-0.03558981606
0.005216040383
-0.00969656687
0.02197688223
0.03304017251
-0.07243375093
-0.01069163384
0.01109602445
0.07202936032
-0.03844478956
0.03661330633
-0.007865083636
0.03656155246
-0.006377689167
-0.03635699742
-0.03412822451
0.03816613725
-0.003804947317
-0.0002329654226
-0.006898551687
-0.03925018568
-0.01054101571
-0.07287984561
0.005527489997
0.005459620389
0.06298027261
-0.01281030039
-0.06349500401
0.01332503179
-0.01310905396
0.06444045084
0.00684159041
0.006825583461
0.01868385741
0.02855539105
-0.008929793893
-0.04419577802
0.006370048667
-0.006129331873
0.04395506122
0.006802709148
-0.04424230716
-0.006756180003
-0.0397837645
-0.0009461868439
0.0008401515565
0.03988979979
-0.001303066568
-0.03997055632
0.001489858384
0.04061048983
-0.001014550546
-0.04089900586
0.0815293112
-0.0001839259058
-0.08184036569
0.0004949803978
-0.08261639013
0.001795120517
-0.001579314255
0.08240058387
0.08022720292
-0.002468409849
-0.0805736158
0.002814822732
-0.0007883610397
0.001097305201
0.08122036704
0.04059095798
-0.0009266549934
0.04197596404
0.002474618659
-0.04213037353
0.08307191231
0.005531692019
-0.08312612251
-0.005477481816
-0.08304534918
0.008002322246
-0.00808139177
0.0831244187
0.00250338157
-0.08279618923
-0.002323582465
0.00475277329
-0.004687641476
0.08300678049
0.04209213241
0.002520565856
-0.03830234797
-0.00462861888
0.004814551525
0.03811641532
-0.001866052092
-0.03218406656
-7.81058549e-05
-0.00465749221
-0.03852958506
0.004884729305
0.00616435464
0.03672021501
-0.006323017187
0.006938961606
0.03509028265
-0.006621099345
-0.03540814491
0.0688160205
-0.01132384139
-0.06925546569
0.01176328657
-0.03611666418
0.007440069165
0.005486096302
0.03722516815
0.01892574177
-0.0002418843557
-0.01271090745
0.01308138568
0.03761649998
-0.0398299709
0.002213470919
0.03447580447
-0.006976289294
-0.03452955495
0.007030039769
-0.0320550224
-0.006940545058
0.006585678759
0.0324098887
-0.005872295426
-0.01101905658
0.01082661802
0.006064733992
-0.007648471253
-0.03297828672
0.008571735569
-0.03011966365
-0.007649924779
0.00636008704
0.03140950139
0.0288678168
-0.04756738464
-0.0270460604
0.02245151565
0.02329411259
0.01994194889
-0.0348622878
-0.02181114609
0.02963038338
-0.0587847604
-0.0314782535
0.06063263052
-0.05228651767
0.03149797641
0.02416835912
0.02548799893
-0.04615854322
0.003940261257
-0.005867641389
0.04808592335
-0.04163850867
0.04087676703
0.0009087824061
-0.0001470407619
0.03973720206
0.0006176311262
-0.03999477877
-0.0003600544172
0.04317717954
0.002736097026
-0.04381638067
-0.002096895898
-0.04073490834
-0.003677395023
0.003825646373
0.04058665699
-0.04280645246
0.003525448328
0.04319226752
-0.003911263388
0.03802217528
0.006962646386
-0.006010594435
-0.03897422723
-0.0376615372
0.03778056676
1.52979842e-05
-0.0001343275505
0.04343631892
-0.003554041486
-0.03965507945
-0.0002271979851
0.04310485176
-0.002960270787
-0.04344387998
0.003299299013
-0.04448530792
0.006127792457
-0.007050831222
0.04540834668
-0.04045903489
-0.02830479767
0.05712062174
0.01164321082
0.001893860624
-0.04333975708
-0.0001926122132
0.04347619047
0.006739002409
-0.04341248373
0.08206750245
0.01248398329
-0.08166191041
-0.01288957532
-0.07990518292
0.01517003138
-0.01584378929
0.08057894083
0.008874828835
-0.08290431218
-0.009015865824
0.01156147199
-0.01190486704
0.0824108975
0.04343828379
0.006407955344
-0.04077544228
-0.001106484588
0.0007242063437
0.04115772052
-0.03724075908
0.03731948496
0.0001843958524
-0.0002631217343
0.000149588131
-0.03752783291
-0.0002832924199
0.04537235882
-0.002716791826
-0.04743651331
0.004780946322
0.003676819602
0.03869283089
-0.004347475216
0.002568881002
0.04192380359
-0.003504769165
-0.04098791543
0.03915477679
-0.004226734722
-0.03911692468
0.00418888261
0.07608892915
0.004547204594
-0.00855745732
-0.07673616863
-0.007183424019
0.07518851323
-0.07562097805
0.007615888839
-0.0769139165
-0.0062978572
0.006725392463
0.07648638124
0.04005304982
-0.003183072061
-0.04031537678
0.07862589283
-0.004415495014
-0.07907189984
0.004861502026
-0.002992231389
0.003349100654
0.07987033365
-0.00593673719
-0.07735999921
0.0063828199
-0.0048294068
0.005235820918
0.07821947871
0.04000660675
-0.003161723423
-0.01135984584
0.0117377113
0.06843815505
0.03482042986
-0.006572870115
0.06684576382
0.006648682953
-0.0128097012
-0.06733603982
-0.03755409005
-0.009347596993
0.01877440297
0.02812728407
-0.04242961519
0.01993444763
-0.0203637123
0.04285887985
-0.03250328795
0.04272263867
0.02739714926
0.02026427553
-0.04161447273
-0.02107941799
-0.02891610696
-0.002271253997
0.03137458027
-0.0001872193212
-0.006135653477
-0.02255414487
-0.0002263086124
0.03355211314
-0.007281167512
-0.03372019791
0.007449252278
-0.007471581753
0.008007694492
0.03393969173
0.01945136648
-0.01918110089
-0.0002702655888
0.01287580379
-0.01518565329
0.002722987386
-0.01245957279
0.01161020261
0.002314149617
0.006595269733
-0.03141128663
0.03272942668
-0.007913409783
0.009262418839
0.03327433703
-0.008148837162
-0.03438791871
0.03426400287
-0.006757605876
-0.03458967712
0.007083280119
-0.0409319769
0.02007473209
-0.02093506362
0.02770514422
-0.0001748108647
0.03232242963
-0.03154983167
-0.000772597959
0.0464831382
0.01315919472
-0.04540692823
-0.01423540469
-0.04301509482
0.01402964073
-0.01482441386
0.04380986795
0.04814735802
0.0120235301
-0.04611747032
-0.0140534178
0.01231014324
-0.01259357349
0.04676656846
0.01428042098
-0.04232317257
-0.01497234323
-0.03967748581
0.01525682551
-0.01614962301
0.04057028331
-0.04261867245
0.04390262761
0.01865049247
-0.03829082959
0.0374020544
0.001209953881
-0.0003211786907
0.02666162665
-0.02656979158
-9.183506743e-05
0.004474607281
-0.04373255574
-0.006900594759
0.002547279438
-0.001950002879
0.04257990298
0.03942035202
0.0005469848763
-0.0002301348358
0.0006669931205
-0.03878223544
-0.0001755872715
0.0004096122384
-0.03800528624
0.03940711209
-0.001811438088
0.001056629326
-0.002188665578
-0.0416744162
-0.003432674132
-0.04059225725
0.003290023047
0.0379160741
-0.03650198467
-0.0003574601023
-0.03449129903
0.03546536621
-0.0005644549409
0.03589834035
-0.03547875957
0.006543065604
0.04183845894
-0.0003969365129
-0.002167679025
-0.03218049308
-0.0001431269242
-0.003516738022
0.004401354986
0.04222023479
0.05136836065
-0.007712300486
-0.0002197412453
-0.003592855261
-0.03658011
-0.03777452145
-0.007031867675
0.007590339218
0.0372160499
-0.00546647748
-0.03632437099
0.004016327028
0.03788736099
-0.006080991918
-0.03727284655
0.03617326104
-0.005973533244
-0.03628165921
0.006081931406
-0.03718544992
-0.005850527856
0.006286987333
0.03674899044
0.03407759352
-0.006929692595
-0.0332835544
0.03730391732
-0.005858204361
-0.03765857187
0.006212858918
-0.03842841759
-0.00535766746
0.005221630092
0.03856445496
-0.005803356109
-0.03742821381
0.006046120004
-0.005656815013
0.005657794784
0.03730293755
0.03615982818
-0.004353488663
0.007300687162
0.03220131092
-0.007541594184
-0.0319604039
0.03249634467
-0.007080176045
-0.03274741773
0.007331249103
-0.007321784624
0.007671076391
0.03320282138
-0.002303834104
-0.04698355489
0.0450615272
0.00422586179
-0.008444300179
0.008897390147
-0.04091212486
0.006239585396
-0.04387076023
-0.006854133083
0.02825604545
-0.03645493961
-0.0002454060115
-0.04313031464
0.04097846652
-0.0001519859843
-4.875222691e-05
0.04198703806
0.006332389838
-0.04471929539
-0.003600132502
0.0103431598
-0.01114215871
0.04894635693
0.005182707987
-0.04811293572
-0.0002000869025
0.0093734278
-0.008425241632
0.04103885189
-0.04336303817
0.007951072787
-0.008220058997
0.04363202438
-0.04364701912
0.04400859812
0.0090118488
0.006089944855
-0.04789079176
-0.03667016735
0.03696659924
2.923843909e-05
-0.0003256703314
0.0002562889879
-0.03707271393
-0.0004243341415
-0.0009870532209
-0.04043054299
0.0006421539281
-0.003218148365
0.005790442105
0.04280006508
0.02582451671
-0.02550134114
-0.000323175561
-0.000559631728
-0.03603336981
-7.716580945e-05
0.03955518762
-0.005896245977
-0.04028910851
0.006630166865
-0.03819749197
-0.005166244543
0.004376364332
0.03898737219
-0.00519010295
-0.03802127441
0.004782959764
-0.006280505667
0.007441738187
0.0383939551
0.02308947463
-0.02270768193
-0.0003817927057
0.04196624827
-0.04058906665
0.001191699381
0.001970401284
0.03760475867
-0.006592784004
-0.03889319034
0.007288482369
-0.004279083026
0.003659946962
0.04258538434
-0.02065247224
-0.0002825913838
-0.03590693437
-0.0065373555
0.006285387476
0.03615890239
-0.02726776223
0.03038961374
-0.002997907163
-0.0001239443438
-0.00960175748
-0.04246200139
-0.005989508912
-0.02112347183
-0.0001547814861
-0.00693492349
-0.0361923996
0.007220388723
-0.03002217811
-0.0002312247827
0.02968327267
-0.1372016273
0.03772413255
-0.2666685383
-0.04097978856
-0.2570368115
-0.04324070052
0.2596931356
-0.02515151162
0.02804825528
-0.002661537655
-0.0002352060062
-0.0195929969
-0.005374362676
-0.0001841520431
0.02156589641
0.2667628687
-0.01928511687
-0.0003078800334
0.0667570701
-0.01111124339
-0.02094082884
-0.1296035026
0.01121474845
-0.01687000272
-0.1296076376
0.01817556182
0.01951168048
-0.01994645783
-0.0185111776
0.01894595496
-0.01936032536
-0.01138455883
0.01748891408
0.01325597011
-0.008276061128
0.00940184701
-0.01214484246
0.0263139783
-0.03009371642
-0.03605023279
0.02100074644
-0.02727272374
-0.0219327052
0.0282046825
-0.02268786189
0.02126101238
0.02093852999
-0.1294313083
0.03182465547
-0.03405450367
0.1316611565
-0.1260791117
0.1279842958
0.03859871329
0.02435938084
-0.07003362212
0.01055871805
-0.04170656953
-0.0108629445
0.04201079598
-0.04494709234
0.04542424834
0.01183298723
0.04715632902
0.01097640952
-0.04610920844
0.03134478525
-0.006962230568
-0.03156301336
0.007180458683
-0.007019622678
0.007417074288
0.03209889306
0.031316096
-0.008462382075
0.006575019426
0.06634743132
-0.01267984034
0.06505082466
-0.01266310486
-0.06554512718
0.06547296005
-0.01141168851
-0.06590901004
0.01184773849
0.04757582058
0.009923668234
0.007700744487
-0.04501537377
0.008193925713
-0.04328966455
-0.008267299326
-0.02614982951
0.005408400829
0.007842098546
-0.02916940748
-0.008154583055
0.03522117023
-0.02710204821
-0.0002770234745
0.01742389355
-0.006879409445
0.007012586674
-0.0597085967
0.01552793219
-0.0007402923967
-0.03339777573
-0.003806883975
-0.0002378421925
-0.03264219882
0.03280631537
-0.007497887568
0.004770598478
-0.03083124791
-0.006581549391
-0.02573726149
-0.0002629042229
-0.0333379721
0.03335353051
-0.006956103458
0.03413240017
-0.006908859661
-0.0341998298
0.03304963257
-0.006572457862
-0.03315383685
0.006676662134
0.01603175039
-0.07912502129
-0.01681191202
-0.07622834106
0.01834310031
-0.01940722528
0.07729246603
-0.07907317937
0.08057941397
0.02185939923
-0.006666023329
0.006983830371
0.03394619583
0.0333123869
-0.007687974646
-0.007254402361
-0.033732041
-0.06495762221
0.02463711315
-0.02577656696
0.06609707603
-0.06131673679
0.06239146015
0.02855566003
0.01851214355
-0.03505117693
0.01456467229
0.04487290523
-0.0006513837428
-0.04545231211
0.04513559384
0.01488139056
-0.0444960298
0.01561714202
-0.03024052576
0.03046761098
-0.0002270852284
0.01005678257
-0.04003677659
-0.0002605317404
0.007179034835
-0.0356293802
-0.007139470698
0.03329305093
-0.032196444
0.006082427903
0.002968275263
0.03554081605
0.02211632273
-0.0001394405
-0.006388252193
0.02856838507
-6.381015162e-05
0.03406922151
-0.007417301189
-0.006021878346
0.03545326222
-0.03558435787
0.006152974
-0.005925815262
0.006131032701
0.0359680436
0.03749958171
-0.006644088396
-0.007567470578
0.04608282387
-0.0003492160474
-0.03951301848
0.03856770562
-0.006622157715
-0.03855403018
-0.004763935617
-0.007371893934
0.005832555139
0.03009472985
-0.03200203316
0.03231396054
-0.007683821309
-0.008125511692
-0.03318045
0.03521125365
-0.001797003345
-0.000233800304
-0.03052541348
-0.002337836215
-0.0003172003087
-0.03669836495
-0.003721717324
0.002377906712
-0.03469096734
-0.004385304317
-0.02965346723
-0.0001526926205
-0.02365356282
-0.006581368617
-0.0002904820343
-0.02345115936
-0.0002024034682
-0.004273275384
0.004422676209
0.03900537597
0.04212850871
-0.004483788142
0.03912013688
-0.005870372441
-0.03984254844
0.02507351878
-0.0003152218681
-0.03210940634
0.03950473539
-0.007150368096
-0.0002449609552
-0.003748637531
-0.0003125135319
0.03014242729
-0.02893111121
-0.004927044375
0.03240793401
0.03362416758
-0.006141323258
0.008632453265
-0.002861368491
0.00505553325
-0.007676523283
0.01374125728
0.002190036775
0.006442416491
0.007370626369
-0.03305414154
-0.007294771544
0.0396444925
-0.03198344208
-0.00029042405
0.02686075008
-0.02033909801
-0.000161565029
-0.004955416208
-0.0001672757953
-0.006600056366
-0.03140461683
0.01788311406
-0.0186290817
0.03215058447
-0.02944497303
0.03030907295
0.02013664653
0.02561827094
-0.03180758058
-0.04665044619
0.04281332537
0.004025167289
-0.0001880464656
-0.05466740562
0.008347622685
-0.0003306632576
-0.04155271128
0.04117339513
0.0004669259867
-8.760983463e-05
0.001443502451
-0.0001828883648
0.0006575257868
0.04042466853
-0.000205427286
-0.04581044525
0.04487609142
0.001591879615
-0.04694644815
0.00204478531
-0.04404891017
0.04336522655
0.001301314741
-0.0005562473105
0.00138342856
-0.0001263575474
-7.702284777e-05
0.03831872694
-0.0004611373327
-0.04319348568
0.04402713812
-0.0009106752895
-0.04260514418
-0.0005730435208
-0.04488353595
0.04493863026
-0.003609135794
0.0009643342237
-0.001820732049
-0.0003720182796
0.009308271479
0.04781711017
-4.7599121e-06
-0.04673970076
0.04850556032
0.007542411921
-0.04380862272
0.008712132777
-0.04814251436
0.003089926834
-0.004722282852
0.005085328814
-0.0002449297626
0.0001082176991
0.03731729413
-0.0001060268638
-0.04112745407
0.0415240155
-0.0002883437266
-0.04071761432
-0.0002254439013
-0.04206327869
-0.0003922773546
-0.0002468676088
-0.0002923955834
-0.0004574063889
-0.04126329704
0.04239048195
-0.0007490381027
-0.0003781468065
3.78762071e-05
-0.0001277781169
-0.04583425793
0.05349931773
-0.007345829953
-0.000319229849
-0.003288663072
-0.0001551129098
-0.01776573192
-0.000225963145
0.01917733601
-0.0004029330381
-0.007622241947
-0.0003024702526
-0.008664365352
-0.0003418383707
0.03550892457
-0.055258752
-0.0006138848712
0.03672190929
-0.001212984721
0.01987219245
0.04308281306
-0.0003601743905
-0.03736793083
0.05545014361
0.02500060027
0.02513178095
-0.03510256252
-0.03514410881
0.03542535143
-0.000281242616
0.02075678824
-0.0004507534448
-0.001764348381
-0.0002588470759
-0.02215878147
-0.0003953633941
-0.00603280776
-0.0002530872459
-0.02937507029
-0.00748898538
-0.009051435787
-0.01179520168
-0.03300968983
-0.007660973712
-0.000261313361
-0.0002643659164
-0.005116191729
-0.0001883538796
-0.04376841462
0.06009952648
0.01599131777
-0.01354139818
0.0149085774
-0.0002183246159
-0.01184534438
-0.04606591256
0.01179378662
0.04337464984
-0.04516321165
0.05978884303
-0.04800805499
0.008407162143
-0.0004358837444
0.01266443295
-0.0005729614603
0.002920228589
0.03465654604
-0.0001747202196
-0.03968626513
0.03848073893
0.004125754791
-0.04067800731
0.002201696054
-0.03861061659
0.01060483762
-0.008297390572
0.008167512913
-0.0002106361149
0.0005002213725
0.03908221007
-0.0001620794206
-0.0427050126
0.04205912616
0.001146107817
0.001207198827
-0.04143298152
0.001421967337
-0.000561027671
0.001187172305
-0.0002610530489
-0.001255401746
0.0001032015351
0.0405593123
-0.03985347287
-0.002270724116
0.04086879525
-0.03893580423
-0.002729106732
-0.03595654546
-0.0002805504136
-0.0002648888019
-0.0003879777116
0.0239378798
-0.04978759654
-0.009629042834
0.02418912669
-0.0002512468891
0.03117682688
-0.0004446345826
-0.007684160085
-0.0002649775055
-0.02501509965
-0.007043161973
-0.0001222314615
-0.02464811828
-0.0003669813651
-0.009737373794
0.03645761616
-0.04300843811
0.04000053863
-0.00672947431
-0.00578210834
-0.03858384178
-0.003944817716
0.007165655814
-0.005748958964
0.04411103724
-0.03625450261
-0.0002661954063
-0.009396254724
0.02131084796
-0.007809585021
0.02161896696
-0.0003081189969
-0.02788726249
0.03106150084
-0.0002059630841
-0.0001858676277
0.003015463954
-0.005270613438
0.03187606446
-0.0002922154371
-0.000362111123
-0.03666136192
-0.006631150491
0.03636281981
0.009359512
-0.0074531683
0.003889673072
0.04289307562
-0.001721221491
-0.04490559363
0.04351312193
0.005282144771
0.00548872064
-0.04616845248
-0.04271528781
0.007804055243
-0.005354633688
0.006152467804
-0.003373682925
-0.03925452837
-0.000574094163
2.716654689e-06
-0.003179505202
-0.04736492595
0.005825135759
0.04054988264
-0.04331615921
-0.000413228625
0.03714981383
-0.000200063698
0.04891026419
-0.0002635798717
0.005951478013
-0.0003573730375
0.007532908989
-0.05793118953
0.01010914219
-0.0002908883841
0.02879137049
-6.679829031e-05
0.02918751061
-0.0003961401148
0.01229517297
0.0001494350639
0.03708928483
-0.0002721206566
-0.0395798446
0.03997195052
-0.0002426708582
-0.03905471887
-0.0004958872887
-0.04029020176
-0.0001711235667
-0.0001168936879
-0.0002013575575
-0.0001003227817
-0.007507798886
0.03354765674
-0.000215341146
-0.0376396292
0.03733305868
-0.00720122837
-0.009641652609
-0.03831337914
-0.00130097146
0.002232740206
-0.003213060661
-0.0002529728682
-0.03924985325
0.04713760277
-0.007789857937
-9.789158469e-05
-0.003880839243
-0.0001577603541
-0.006359776932
-0.000204215661
-0.03396794337
-0.007082800904
-0.009538022529
0.0005130901119
-0.03917246187
-0.00192969489
0.03520879488
-0.03448050472
-0.0002152000503
0.03674099612
-0.000340501858
0.03354648212
-0.0003992539624
-0.0006359593121
-0.0002980632819
-0.002203662516
0.009902147161
-0.04128185875
-0.007513478747
0.03517851096
-0.04872752316
0.03588562471
0.04070567851
-0.0003047354322
-0.007805185374
-0.0002166592692
-0.006501659791
-0.004047401422
0.03465493372
-0.0002179185653
-0.03503311739
0.03657389972
-0.005588183754
-0.03275777277
-0.005273251783
-0.03626207771
-0.008207088036
0.03486740827
0.007540107644
-0.00722828563
-0.0002669600204
-0.03537090009
0.04313793306
-0.007536898496
-0.0002301344743
-0.004004979607
-0.0003044196417
-0.03159765784
-0.007149623843
0.02087840924
-0.009338134018
-0.0002450625952
-0.004660820661
-0.0002878386712
0.01044663562
0.2287149179
-0.2288768005
0.2290622109
0.01046536915
-0.2290534303
0.009851793483
0.2300750062
-0.2297685859
-0.0101616679
-0.2292732712
-0.004588946996
0.2293673641
0.009406139934
-0.2298900588
0.007648320645
0.2308484325
-0.2302142526
-0.008286249228
-0.2294452882
-0.004177898273
0.2295977384
0.006952803981
-0.2301497168
0.005481110229
0.2305153097
-0.230202055
-0.005794376761
-0.229524136
-0.003516079661
0.2297029668
0.005148794249
-0.2301735509
0.004195026008
0.2304888385
-0.2301837949
-0.004500069578
-0.2295281799
-0.002766273809
0.2296957299
0.003884283533
-0.2301154954
0.2302993196
0.003044671269
-0.2300272049
-0.003316785914
-0.229483231
-0.002076292701
0.2296187177
0.02382445337
0.2275731185
-0.2279508841
0.228513415
0.02397132195
-0.2288201902
0.02298145485
0.2320312806
-0.231464943
-0.02355852316
-0.01306438652
0.2304756459
0.0221668894
-0.2322461607
0.01849424431
0.2353350202
-0.2339414408
-0.01990384484
-0.01067005051
0.2316844454
0.01693778556
-0.2341937554
0.01185804024
0.235622322
-0.233911943
-0.01358125959
-0.007073404883
0.2313162753
0.01016960966
-0.2334577944
0.00517887611
0.2335080919
-0.2317595018
-0.006928413526
-0.005067314769
0.2308425688
0.002727458208
-0.2319439212
0.2338780775
0.0007547345247
-0.2359061548
0.001273342795
-0.003661393596
0.2308369474
0.03665310285
0.2252326922
-0.2259613702
0.2271207229
0.03710942178
-0.2278210782
0.03659299019
0.2342262112
-0.2337298068
-0.03710485444
-0.02724080663
0.2326110366
0.03572707973
-0.2356406413
0.03095549912
0.2421228569
-0.2402853541
-0.03281891082
-0.02331223092
0.236870998
0.02884387657
-0.2412969026
0.01495409174
0.2508012994
-0.2434931298
-0.02229057994
-0.01621741923
0.2375855296
0.008862409228
-0.2449244625
0.00988284184
0.2409308846
-0.2412340991
-0.009597988635
-0.007182533456
0.2386382773
0.008264105943
-0.2371290207
0.233252796
0.00437894961
-0.2327362162
-0.004895529402
-0.00145418686
0.2322511742
0.04284859187
0.2208287651
-0.2222234771
0.2243843654
0.04392526432
-0.2251321997
0.04140197635
0.2386513526
-0.2374252096
-0.04263840812
-0.03968118894
0.2346867929
0.04162663829
-0.241713758
0.03328236259
0.2548049086
-0.2493966801
-0.03871727311
-0.03435752654
0.2442157476
0.02969622247
-0.2549023196
0.0285298864
0.2551878434
-0.2529157505
-0.03084117786
-0.01952467355
0.2547674139
0.02551934369
-0.2523251196
0.01608087741
0.2518438914
-0.2487675035
-0.01919061578
-0.01426670073
0.2430342925
0.01311885171
-0.2466107227
0.2403436759
0.005310517915
-0.2379137865
-0.007749808213
-0.005421523474
0.2341349013
0.02902249302
-0.1062920841
0.2191462448
0.02900554787
-0.108765507
0.0469752352
-0.2424493842
-0.05102533783
0.1231352234
-0.0428061353
0.2385361138
0.04315249273
-0.2468446241
0.04099446074
-0.2551531338
-0.04289410704
-0.03600772254
0.2579373934
0.03846075464
-0.2579425149
0.02921899982
0.2674715785
-0.2641067776
-0.0326233625
-0.03251935709
0.258068421
0.02578736298
-0.2647312705
0.01819809577
0.2637788456
-0.2630351135
-0.01898696018
-0.02000288706
0.255000625
0.01521653558
-0.2580717314
0.2492291964
0.00716521683
-0.2467744835
-0.009643009102
-0.007800481885
0.2431558097
-0.03968634549
0.05413442239
0.0386760213
-0.1090285731
0.03739674683
-0.1206130679
-0.03987038454
0.03042686133
-0.116804284
-0.03177592901
0.1181533517
-0.03032670783
0.1296929967
0.02876507866
-0.1281313675
-0.2543601587
0.2603628891
0.0469671869
-0.0269710389
-0.02599887837
0.04523958845
-0.2518873343
0.03485831375
-0.269289288
0.02640489918
0.2781470715
-0.2753381518
-0.02925237798
-0.03107294809
0.2713933914
0.02353725799
-0.2760526531
0.01517049569
0.2753902157
-0.2727067123
-0.01790432319
-0.02115711932
0.2667561108
0.01237403697
-0.2696432252
0.258040864
0.005417605438
-0.2560204179
-0.00746915374
-0.009503244807
0.2516323203
0.1507516622
0.02508678041
-0.1484903467
0.1440326783
0.02016234003
-0.1427543966
-0.02144062168
0.02257052578
-0.1372618815
-0.02457228548
0.1392636412
0.02217674932
-0.2798684727
0.01635096595
0.2867720518
-0.2848398502
-0.01832178438
-0.02623542925
0.2809331702
0.01431172615
-0.2855075027
0.008597451555
0.2837278809
-0.2819101251
-0.01047214216
-0.01539964565
0.2778279303
0.006867454636
-0.278702471
0.2644663111
0.002617351348
-0.2632819354
-0.003840788012
-0.008313133648
0.2598917175
0.156809816
0.006841465956
-0.1570786508
-0.003504482503
0.149217014
0.007287640334
-0.1494207375
-0.007083916856
-0.1481958071
0.01191051752
-0.01264931255
0.1489346022
0.005757811046
-0.2833778436
0.004223237519
0.2908373399
-0.290075283
-0.005029036385
-0.01605432957
0.2880820893
0.003416314201
-0.2910426866
0.0004781274712
0.2886212799
-0.2877481002
-0.001416330497
-0.01015753452
0.2853317866
-0.0004090185177
-0.2842117798
0.2677151088
-0.00209615592
-0.2673719791
0.001708180545
-0.003986993234
0.2657432558
0.1495435228
-0.00740805415
-0.1507798092
0.1446584778
-0.004288613099
-0.1456630506
0.005293185946
-0.1477385355
-0.0007870429015
0.001276257877
0.1472493206
-0.008352952316
-0.2805189751
-0.007146515938
0.2908795269
-0.2911568273
0.007370288739
-0.002373800072
0.2909533627
-0.007203024484
-0.2928082667
-0.007639330099
0.2900054599
-0.2899347406
0.007494591224
-0.0005316671292
0.2891431489
-0.007745048991
-0.2862429775
0.2670522298
-0.006765111152
-0.2675838005
0.007249201294
0.001872915368
0.2680747316
0.1386481125
-0.01420807476
-0.1400152042
0.1364713891
-0.01071570552
-0.1375300733
0.01177438968
-0.1406910337
-0.008989995513
0.009959864228
0.139721165
-0.01822164923
-0.2757173435
-0.01893854457
0.2902948523
-0.2898070269
0.01838535737
0.01117304916
0.2910873618
-0.01583396064
-0.2921526063
-0.01335446533
0.2882950144
-0.2891825169
0.01415851862
0.008586788517
0.2896834649
-0.01239142604
-0.2848481488
0.2630333743
-0.009360209405
-0.2641618729
0.01044060144
0.007299871277
0.266508094
-0.01567839556
-0.1295362084
-0.2602680679
-0.02492580968
0.01450819976
0.01457367087
-0.2645846235
-0.02466751649
0.0144948226
0.0144892495
0.01643004674
0.2891752232
0.01827598004
0.2880210689
0.01452515058
0.2591706523
-0.1574437765
0.01976119149
-0.0102181613
-0.01077434976
-0.08102409503
0.08137979559
0.01120577143
0.0820025421
0.008737724507
-0.08186543777
0.1464659408
-0.142211672
-0.02001145549
-0.01984641455
0.03428756914
-0.01902721024
0.07547766197
-0.01933496092
0.07506288082
0.1480292748
0.03101827403
-0.07895378873
-8.737158937e-05
0.0007323521129
0.0003178910046
-0.07945387273
-0.08079370285
0.08052630501
-0.0005209632057
0.0795833496
-0.002139728334
-0.07991203111
0.08212076576
0.007884098586
0.08215046524
0.005564701792
-0.08218347502
0.07983303648
0.0116581725
-0.005640103044
-0.00618748881
0.08032994017
-0.1482508529
-0.01201482156
0.006815204256
0.006646524506
-0.07488648965
0.007381933796
0.07449495677
-0.006990400912
0.07328580221
0.008062465364
-0.007677820913
-0.07367044666
0.07923822985
-0.002647111637
0.07807595746
-0.003985299995
-0.07850615248
0.1538879906
-0.005629277913
0.003577789154
0.003313852752
0.0181211087
-0.136596143
-0.01670840529
0.1356723584
-0.1370972256
0.01954597584
0.1341977015
0.01961249337
0.1447157012
0.008357790728
0.008469981385
-0.07306338204
-0.01590352167
0.008794615342
0.1431509625
0.008673645074
0.1424503777
-0.01450462451
0.1328494829
0.01992416214
-0.01830515854
0.0197641464
0.131390495
-0.0170031615
0.1309838093
-0.02022798415
0.02142270398
-0.01642507991
0.01523036008
0.008663275767
-0.01397839011
-0.0149128698
-0.01289611046
0.02155938624
0.05232187913
-0.1033680693
-0.02701999661
0.04044264572
-0.02103259705
0.007609947932
-0.01860024467
0.01300295205
-0.03603451944
0.03271287473
-0.134461648
0.1381359004
-0.03979925505
-0.1343711648
-0.02011601779
-0.02025435538
-0.1212770346
0.121282293
0.030421603
0.03507340673
-0.1237557716
-0.1277597487
-0.03199826751
-0.01026604681
-0.04229233253
0.04370239595
-0.04325073108
-0.01071771167
0.04411764129
-0.01033452015
0.07492871595
-0.07220862573
-0.031220325
0.02815690214
-0.01540502311
0.07769549657
-0.01551865966
0.07650646523
0.02594531626
0.01414165401
-0.1476655556
-0.01467190557
0.01828111298
-0.0198111003
0.1455626656
0.1526689094
0.02308289797
-0.03140446938
-0.2775424044
0.02827589823
0.2872577322
-0.2829838562
-0.01739723247
0.2901424274
-0.01516346731
0.2777594767
-0.2719746897
-0.02227554002
0.03579276493
-0.02085480435
0.03200716937
-0.001817318898
-0.04892642965
0.001681256039
0.04870716413
-0.04908098058
0.04841465307
0.0458641778
-0.04681816983
0.002538011503
0.04491804591
0.04450360694
0.003239078364
0.00100527656
-0.1484716909
-0.0002721212107
0.005219268069
-0.005230550905
0.1492282969
0.1563683347
0.004690853711
-0.001907946947
-0.009809609983
-0.2851594682
0.01008806278
0.2917691868
-0.2923350992
-0.004024429435
0.2903008377
-0.00209165008
0.2918459145
-0.0106945549
0.01531714245
-0.008518686892
0.01472672853
0.00460371354
-0.04018035834
0.03999268341
-0.04087937441
0.005490404533
0.03941363325
0.005174863024
0.04353071023
-0.04288869616
-0.001561325422
0.04418136036
0.04331038329
-0.001938510419
-0.008053422649
-0.1418216796
0.009184068469
-0.005521053158
0.006357003301
0.1438225276
0.148239231
-0.008566808851
0.008590585764
-0.2801845383
-0.006285787382
0.2820413281
-0.2852479261
0.006276130608
0.2784123192
0.007475222102
0.2880345477
0.001824679166
-0.004730098193
0.003228106659
-0.002645449677
0.01140116836
-0.07153585248
-0.01092051889
0.07114439602
-0.07169864081
0.00602959788
0.07061216601
0.005974690827
-0.03789980222
0.03786883892
-0.005326704165
0.03706407117
-0.005601584283
-0.03732069125
0.07335952432
-0.0102531974
0.005429617294
0.005364273833
-0.03152448545
0.03121070147
-0.007457586331
0.008034208862
-0.007665623985
-0.03189307033
-0.03105321297
-0.01137293004
0.01178439471
0.06506149538
0.06457843785
-0.01263666715
0.06321833653
-0.01235626435
-0.06367237257
0.0666364752
-0.06701339835
0.0122567115
-0.01183023642
0.01231470231
0.06615200931
-0.01137833535
0.06625786018
-0.005059003
-0.04610707819
0.004946136733
0.04754350252
-0.0475171767
0.04434447129
-0.00964867883
0.00889039041
-0.008812563895
0.04426664478
0.04325895778
-0.07895285179
0.0796134374
0.01450944578
0.01210794102
-0.08064805276
0.0224730161
-0.01180306677
-0.01232913208
0.01606559696
0.08521548356
-0.008429378124
-0.08310688023
0.08367994744
0.01549252975
-0.08236216723
0.01655741936
-0.08551129242
0.08559220176
0.009138084868
-0.004409678706
-0.004809315504
0.01022163845
-0.08517702897
-0.005122260866
-0.005433641037
-0.04391828351
0.04439608716
0.005649988806
0.0008895622666
-0.04156691962
-0.001337910202
0.0422646999
-0.04166753322
0.0484112771
-0.0009249975243
0.04858723652
0.04846665303
-0.0005806115928
-0.08172139907
0.0815220919
0.00199442769
8.072075772e-05
-0.08105834951
0.0007941751736
-0.07912680615
-0.0006211577583
0.04453963763
-0.001309073523
-0.04594735593
0.04218030128
0.0001384090007
-0.04229238819
-2.632208697e-05
-0.04263900138
0.0007735159081
-0.0006847562388
0.04255024171
-0.08194162914
0.08169785138
-0.003148152588
0.001777561041
0.00161436931
-0.002577619006
-0.08219540686
0.001462534759
0.001368861968
-0.04098030782
0.04118312705
-0.001309303815
0.0431058685
0.00314387421
-0.04351364568
-0.0854552662
0.08523899265
0.007126306833
-0.00336391856
-0.003546114723
0.008090510894
-0.00382821843
-0.004125356898
0.0009455049148
-0.04267097894
-0.000913527355
0.001647093252
-0.04268211556
-0.001619052037
0.04265407435
-0.04526918833
0.04652506431
0.002684385272
0.00483469562
-0.004755374911
0.07975371578
0.08208315613
0.004820082402
0.002650279395
-0.0818682969
-0.03774610691
-0.009661053056
0.005307708456
0.005166713512
-0.03796523328
-0.03901317222
0.03835576994
-0.005623103379
-0.005264919234
-0.03782498593
0.03927885401
0.004421702131
-0.00408793695
0.003901563097
0.03946522787
0.03910559735
-0.07650379507
0.07610752873
-0.005901590859
-0.006789247921
-0.07528066575
-0.01100693729
0.006345947349
0.006119554302
-0.007929635507
0.004054988664
0.07725151161
-0.0772991584
0.07685287645
-0.007483353556
-0.07777009859
-0.007177679374
0.07349153283
-0.07390863491
0.00847956744
0.007821650512
0.07474879651
0.00467895171
0.07557844748
-0.008797088926
0.04195417638
-0.00270205324
-0.04221239393
-0.08140498737
0.08092818893
-0.00432173226
0.002561039678
0.002237491023
-0.003720765839
0.002119928424
0.001893701421
-0.07827170174
-0.006877032627
-0.00646911039
-0.07877008324
0.00353494388
0.003432548004
-0.04007142091
0.03995230946
-0.003558283568
-0.007139654926
0.004384928237
0.004155305162
0.07772092878
-0.004474378126
-0.005522224765
-0.07691830749
0.01183398469
-0.06794505114
-0.01144999529
0.06750141451
-0.06789528414
0.01222785431
0.01236960735
0.07019011702
0.005993791929
0.006018459776
-0.01162253822
0.01204411624
0.06976853901
0.06970127479
-0.01118992623
-0.01233408794
-0.007202632487
0.03891464788
-0.0364335848
0.0226166676
0.04129858055
0.04075839903
0.02071073128
-0.02395149105
0.01425663863
0.01422629726
-0.1347503026
-0.1343657658
-0.01119525756
0.01229012732
0.1353765194
0.1373361621
-0.01470757247
0.01874230843
-0.2710853277
-0.01707207233
0.2668572223
-0.2707986993
0.01148852262
0.2632238062
0.2746479422
0.009505423171
-0.01703015845
0.01016369583
-0.01488332043
-0.01309934843
-0.03321238531
0.00695460914
0.006803122631
0.03377832725
-0.007117508828
0.03308454992
-0.007065578861
-0.03330013857
0.03339673025
-0.03355401456
0.006856944945
-0.006710240617
0.006730283051
0.03337668781
0.0332159362
0.02280374856
-0.07743224317
-0.07514620692
-0.02010934438
-0.07146863938
-0.02128233551
0.0727395194
-0.0814634691
0.01764348697
-0.01969846497
0.01865171961
-0.08041672374
-0.01030082415
-0.08181008131
0.02939660886
-0.01601552423
-0.01643149036
0.07653884343
0.01728191884
0.01533666811
-0.07825776951
0.006826544876
-0.0337756689
0.03374698752
-0.03394498561
0.007024542961
0.006994409575
0.03537953821
-0.03587109826
0.007791982393
-0.007207172647
0.007335913472
0.03525079739
0.03488445605
-0.006933771512
0.1385852394
0.009408813348
-0.1400974707
0.009583920806
-0.01782687462
0.01931488846
-0.01637780907
0.06881922824
-0.01090319395
-0.06923987567
0.137442684
0.01046276601
0.01042143704
-0.0695106797
-0.06950131888
-0.07023709729
0.009800928802
0.06984498184
-0.1358912166
0.1342804178
0.01052195656
0.01070133556
0.01049146012
0.01060598311
0.06842688978
-0.01096750739
0.07230923711
-0.01009592516
-0.07275432765
0.07183578504
-0.07228897573
0.00924780604
0.008754965524
0.07309435803
-0.009369433317
-0.07063865798
0.009770994004
-0.008988644496
0.009382701473
0.07144172806
0.07188243336
-0.0102648301
0.01657962166
-0.01510118944
0.1416589896
0.009082950066
0.009233008999
0.02809220822
-0.04831226635
-0.0273473265
-0.02789165564
-0.06778750593
0.02583393546
0.0695463568
-0.0671894895
-0.03024852294
-0.03109496177
-0.02306458472
-0.05742140794
0.0572288781
0.02325711456
-0.02710995813
0.02596067981
-0.06016745847
0.02300291757
-0.0635706847
-0.02438985508
0.02907437585
-0.0532686853
-0.0571961575
-0.02869856104
-0.05543291135
-0.02360825745
0.05597658407
-0.0419381908
0.04265789558
0.01330993594
0.01236044075
-0.04414833837
0.04235970957
0.0220484701
-0.01167601621
-0.01216388056
0.01893099402
-0.04128539094
-0.03877387697
-0.01630863195
-0.0723144186
-0.01744437802
-0.01770119714
0.03793183743
0.03830783132
-0.04458212692
0.01547167963
-0.01628413565
0.01607084562
-0.04436883689
-0.04566817855
-0.02728211182
0.02525806621
-0.01487524438
0.04002654385
0.0405189108
0.01360142302
-0.04125919284
0.04016650006
-0.04058565188
0.003984543657
0.04030771119
0.04189536449
0.003328742042
-0.001821380657
-0.04203944565
0.002286889205
0.04116540583
-0.04179961418
0.04006063713
-0.03966438184
-0.002880826035
0.04067073905
0.04032763717
-0.00313301634
0.004534825234
-0.04111887453
-0.003721655841
0.03985073779
-0.04106487152
0.07226222547
-0.03666442986
0.006049983483
-0.0364022825
-0.01131152941
0.005901580828
-0.01081802157
-0.007190437147
0.03638644228
-0.03760653387
0.03713240245
-0.006716305718
-0.03858650716
-0.006885110355
-0.03622278764
-0.006299591635
0.03614469011
0.006791377399
-0.006449781683
-0.03656438336
-0.03670509072
-0.03910662145
-0.006378437394
0.0049042481
-0.005459830425
-0.03855103912
-0.03815282155
-0.01039180144
0.005454276895
0.005417203259
0.03695864336
-0.005551387199
-0.005626796588
-0.03684098938
0.01336168854
-0.06393475378
-0.01292193877
0.06341662977
-0.03215222966
0.007121550759
-0.03204388501
0.06274123322
0.007038197772
0.03280814982
-0.007045384523
-0.006845482489
-0.03238692322
-0.0130038506
0.006742053458
0.006767494202
0.04451160588
-0.04515221712
0.00594097711
0.04385277354
0.04374326827
0.006152770063
-0.007497141138
-0.04400678063
0.007261614609
0.04535109868
-0.04493828293
-0.007909956886
-0.006557298443
0.03938383412
-0.03903956986
-0.000626781091
0.03976794436
0.04012496907
-0.0008619503729
0.0028651313
-0.04080283153
-0.002032856089
0.03885068293
-0.03919861229
-0.08349708472
-0.0009118787783
0.08278200303
0.0007476356628
0.0008793247977
-0.0002451718449
-0.0426061208
0.0008736839707
0.0006608252302
0.04292546735
-0.001603978087
-0.000152348896
-0.08213840124
0.0004503844457
0.08265422705
-0.08305174779
0.08223732867
0.08342693369
-0.08369764741
-0.0005350846245
0.0008561102276
-0.0003425153236
0.001118292854
0.002262757703
-0.0809033966
-0.001932976901
0.08128569293
-0.08160055423
0.08095236307
0.08190807297
0.001426560897
-0.001688350375
0.001995869116
-0.001371379943
-0.001161472455
-0.04080588859
-0.08245062954
0.001137155437
0.001113936353
0.0008551347662
0.0009027996279
-0.08501557204
0.005397940421
0.08484667562
-0.002614152496
-0.0026148915
0.006219686999
-0.00294990597
-0.003046360423
0.04273837799
0.002914769944
-0.006309901031
-0.08314482831
0.006328606827
0.08409203554
-0.08418224957
0.08401249414
0.08423200712
-0.08422288799
0.007176064381
0.007155654776
-0.003116542849
-0.08291606568
0.003236419294
0.08387879117
-0.08395824414
-0.001389996626
-0.001196933791
0.08400267739
-0.004677824723
0.003892591112
-0.003848157868
0.00398330593
0.003008635029
-0.04380321607
-0.0850538083
0.04317385666
-0.002200492789
-0.002449829003
-0.002492975926
-0.002391981481
0.03917227237
-0.005218380036
-0.005414579636
-0.03949483856
-0.004775464442
-0.03786406766
0.004893425193
0.00486146596
-0.03884384643
0.03904121962
-0.03950497355
0.005325219893
0.005277545581
0.03864840334
0.03571440111
-0.006637791683
-0.03601153292
0.06993348457
0.006446033824
0.006300937631
-0.03542879039
-0.0352075494
0.006127159591
0.03531989456
-0.06941070099
-0.0122142325
0.06884962634
0.006442000908
0.006333306246
-0.01217448692
0.006388907631
0.006308362864
0.03565917875
-0.006482133134
0.01170173856
-0.01125592945
0.06929579065
0.06884484472
0.006970821043
-0.03634741615
-0.006740069081
0.03663811714
-0.03689558172
0.03702193275
-0.00707423334
0.03655926759
0.0369171677
-0.00676623289
0.005368904894
-0.006274292256
0.03402820137
0.03390787305
-0.02402752005
-0.04241028157
0.0196699339
0.01972180733
-0.01330464257
0.01326426611
-0.01931994891
0.01771194388
-0.02108573849
-0.01657266321
0.01796343495
-0.02090880513
-0.04164846148
0.0226106204
-0.01374416394
0.01598445653
-0.02073930031
-0.03330006067
0.01917707318
0.03435537303
-0.03279165327
-0.02230302007
-0.02388935785
-0.03268983132
-0.05563641622
0.02901892349
0.02782907055
-0.0193558321
0.01823650708
-0.028325648
0.03297521855
0.03115240121
-0.01773916933
-0.01716043674
0.01920768713
-0.02418360514
-0.0263656719
-0.02026288395
-0.05422692368
0.02598289449
0.02705217428
0.04869635682
-0.04621637552
0.003640543523
0.002800037221
-0.002270039383
0.002957265656
0.04403143509
0.04323585393
0.04153643286
0.003926448246
-0.04163723473
-0.004363224208
0.005020282658
-0.003956925561
-0.00608569225
0.04159379968
-0.04257867667
0.04151326708
-0.04256349181
-0.03999420123
0.03915846982
0.007009470383
0.002238217755
-0.002371714445
0.04459884607
0.04428900929
0.04635046824
-0.04468916668
0.006375703457
0.00567697195
-0.0841665509
0.01328616324
0.08456956693
-0.006704423326
-0.00698475595
-0.0148526061
0.01436600264
-0.007656145987
0.04277061885
0.04319947738
-0.0138740302
-0.08117466188
0.01338678167
0.08286049609
-0.08236852365
0.08325708402
0.08174789449
-0.08103426441
0.01487190059
0.01427617954
-0.009998859189
-0.08268735161
0.009781898614
0.08410066895
-0.08387788969
0.08358225089
-0.01223003391
0.01092414413
-0.01121978293
0.01064769001
0.00586854741
-0.04354724552
-0.08483885805
-0.005691969018
-0.00586598483
-0.006153456203
-0.00634586882
0.04114251134
-0.0406437489
-0.0008133656086
-0.001222564705
0.002678360084
-0.001648220365
0.04797693354
0.04541204991
-0.003335548212
0.03982471659
-0.03923269673
0.03979871162
-0.0404744367
-0.004000219233
0.04096988677
0.003092893727
-0.003768618811
0.004043661333
0.03974027039
0.03992893377
-0.07634386661
-0.008060892584
0.07584730188
0.008284526083
-0.007775516245
0.004526593683
0.007306040456
-0.07605384549
-0.006873173007
0.07597562008
-0.07644509587
0.07553061634
0.07689581877
-0.07734810568
-0.007032630662
-0.006600094919
-0.08025834939
-0.005355787385
0.07966578592
0.002984915623
0.002963435233
-0.004855572394
0.002857199256
0.002668212676
0.04142858225
-0.002991143894
0.004385241246
-0.07947337198
-0.003983769102
0.07968172293
-0.08015205408
0.07918743757
0.08058069789
-0.003893088451
-0.00349612678
0.00603041955
-0.07778562371
-0.005604795048
0.07784231841
-0.07828100925
0.07872868619
0.005694572295
-0.005645681639
0.006093358586
-0.00521182664
-0.003404548222
-0.04009954682
-0.07920795225
0.003327107972
0.003204119631
0.003098436196
0.003053969768
0.06833266987
0.01224988615
-0.01189704332
0.01233442905
-0.01140393941
0.03405210773
-0.006528721245
-0.03428099236
-0.06830155664
0.06785913615
0.006387236774
0.006389612776
0.006420158241
0.006377797609
-0.06737332914
0.06693323529
0.01271366132
0.006720928075
-0.03395722217
-0.02114255024
0.02028647654
0.04091281855
0.007244154456
-0.03370361901
-0.00726073335
0.03372101573
-0.03305841067
0.03367238044
0.03286413175
-0.007683264298
-0.007447191577
-0.006834697676
0.03444793263
-0.03474598088
0.03524719667
-0.03503775911
-0.007532364575
0.03442128653
0.007600959791
-0.00739152223
0.007085525112
-0.006790746174
0.03494480027
0.03449571581
-0.014400039
-0.04454691375
0.01354002452
0.04579462781
-0.04528608941
0.04755054089
0.04489725271
-0.04410452455
0.01449255385
0.01375550805
0.04762140035
0.01086535084
0.01156600674
-0.015333369
-0.0415056524
0.01451584884
0.04360518814
-0.04286771153
0.04182195818
-0.01731567766
-0.04065590353
0.01581061348
-0.01685636683
0.01810664151
-0.0431185622
-0.0417837474
-0.005963091448
0.0041259002
0.04251213266
0.04249304988
0.001839543514
0.002380000845
-0.04183372235
-0.002918435035
0.001395654319
-0.002360581426
0.002955489099
-0.003220109177
0.04126564672
0.04290825593
-0.004886089893
-0.003784729632
-0.03724647414
-0.00617882995
0.03734431217
0.006157017708
-0.006271089399
0.006122889001
-0.03650296738
0.03678332369
-0.03693152408
0.03668642514
0.03735182326
-0.03794994628
-0.006296006544
0.00646804229
-0.0382129557
-0.005913658458
0.03769745174
-0.03868257776
0.03727916017
0.03924584569
-0.03878815121
-0.006058889782
-0.005707390527
0.00565516206
-0.03742999892
-0.005653376955
0.03828226367
-0.03808693204
0.03758576146
0.0053511935
-0.005449026808
0.004947856227
-0.005576088177
-0.003757341752
-0.03736052465
-0.03302939654
-0.007530491868
0.03301829422
0.006526494707
-0.007241930707
0.007293041505
-0.03291383365
-0.007126625586
0.03309678529
-0.03304567449
0.03289754253
0.03321794514
-0.007511550659
-0.007222562933
-0.006265996826
0.006138504864
0.04373924452
0.04432007577
-0.008577336789
-0.04396279798
0.008030902241
-0.008649109402
0.009849840114
0.04645393097
-0.04467275083
0.04587348154
-0.04423823882
-0.04663580606
-0.008672281409
0.0006061317352
-0.000911705649
0.04017271853
0.0415608394
-0.004839001261
-0.002841767715
0.004727484516
-0.03996072204
-0.00505587098
0.04062352166
-0.03977687639
0.03946383059
0.03792415283
-0.003649726901
-0.004623076759
0.005242901232
-0.03783022951
-0.005433946125
0.03772690877
-0.03686931186
0.03736754625
-0.006584566516
-0.006020840928
0.03616458034
-0.03515244464
-0.006319185141
-0.006507698893
0.007860546191
-0.007135778095
0.03508167976
0.02349819507
-0.135514296
-0.02524578063
0.04772345476
-0.02777965196
-0.02777992767
0.1337984811
0.1344005328
0.1317669932
0.02975065898
-0.04204432778
-0.2631161539
0.0384854915
0.2657411097
-0.2600624198
-0.02371517511
0.2558483474
-0.2538542698
0.04275124976
0.03931916201
0.2601212955
-0.022741133
-0.02116468179
0.06553863612
-0.01100964898
-0.06594067565
-0.1328414289
0.1313381024
0.01060049696
0.01066697593
0.0106107898
0.01075236133
-0.1299027237
-0.01955532524
0.02115781443
-0.01972243573
0.0113104407
-0.06559042275
0.0160402459
-0.01512562131
-0.01942580219
0.01755512877
-0.01549327299
0.02007600382
0.01385193796
0.01434640743
-0.01070943131
-0.01586371044
0.01422237541
-0.01773336163
-0.01117078674
-0.01186128113
-0.00965971616
-0.0256993149
-0.02916690866
0.02477250715
0.04147669695
-0.02673336614
0.005426464161
0.02608284226
-0.02172616644
-0.02628938101
0.02304388635
-0.02369441024
0.02208166019
0.02273677153
-0.02199023576
-0.02277787221
0.04195783048
0.06560828215
-0.02235067195
0.06577177264
-0.1299678913
0.1332788431
0.03864687865
0.03650123963
-0.1278704176
-0.0702467478
-0.02133790937
-0.02231837285
-0.02223133862
0.0690451702
0.06898412934
0.066720145
0.0235252503
0.04282775443
-0.01133098936
0.0105823607
-0.01100533736
0.01139927444
0.04559098064
-0.04398644107
0.04438037816
-0.04348444319
-0.0449382253
0.04558011468
-0.01127555882
0.007300493764
-0.03182530935
0.03160598057
-0.03197111079
0.03132885292
0.03243803706
0.007876579753
-0.007395134473
0.00786206075
-0.008401482327
-0.0324324919
-0.01278029887
0.06594946863
0.006605803704
-0.06651010645
0.06604450989
-0.06561587936
-0.01221151034
0.06516428484
0.01269500698
-0.01226637645
0.0084347889
0.04667394067
-0.04585510408
0.04547732909
-0.04472723606
0.008189741727
-0.007483702662
0.008233795692
-0.008460084894
0.04404035557
-0.006618824406
0.03383103165
-0.03351023712
0.03362169576
-0.03360939563
-0.03369697471
-0.006790498345
0.0335786134
0.006643090404
-0.006718369351
0.006667903058
0.03332622152
-0.01772785287
-0.07826260538
0.01686543695
0.08020268946
-0.07927882272
0.02081780276
-0.0792686256
0.01966970463
0.02057616972
-0.0779853961
0.03413439181
0.00734515438
-0.006891455008
0.007080861207
-0.007118105508
0.03383043604
-0.03407846626
0.03404122196
-0.03386938842
0.007196376501
0.06545804633
-0.02712139848
-0.0641132148
0.02711649986
-0.02884794303
0.02542606995
0.0307853964
0.06458128231
-0.0643997043
0.06633715767
-0.06296544275
-0.06897977024
-0.01723446378
-0.01719514635
-0.03289113551
-0.01851150203
0.03418401005
0.03390075284
0.006181194894
-0.03579086194
0.03587639698
-0.03614498377
0.03572977935
0.0364508957
0.006366562143
-0.006206779547
0.006512691476
-0.007015094033
-0.03706678592
0.0398660042
0.004485605775
-0.004688123222
0.005049153869
-0.00560942515
0.04123627406
-0.0409717044
0.04041143312
-0.03961689988
0.03902407302
0.006119753127
0.03182060521
-0.0192972857
0.01966097823
-0.02063202629
0.02164753431
0.03074319883
-0.0309530361
0.03196854412
-0.03011367527
-0.03337364944
-0.02370812539
0.006204183434
0.2291686216
-0.4583800932
0.006070593755
0.2292404117
0.005815641294
0.2293617689
-0.4584602869
0.005450140598
0.2293804994
0.00501723998
0.2294945373
-0.4584958982
0.004537855249
0.229451147
0.0040395053
0.229539288
-0.458503198
0.003559751079
0.2294547723
0.003094962995
0.2295151701
-0.4584829464
0.002678402523
0.2294162759
0.002319166669
0.2294542407
-0.4584164675
0.001866252067
0.4588693821
0.00146577551
-0.4584325976
0.4588371733
0.00106119977
0.006016693786
-0.00598234144
0.2290589495
-0.2292207744
0.2292837168
0.005953386702
0.004594731625
0.005509990491
-0.005690078033
0.2295635149
-0.2295001236
0.2297183525
0.005291619343
0.004292780658
0.004715048774
-0.004906377252
0.2297677758
-0.2296660601
0.2298847755
0.004496333367
0.003698942201
0.003818657568
-0.004047187039
0.2298849124
-0.2297106793
0.2299505936
0.003578743219
0.002969210188
0.002915253616
-0.003131425973
0.2298463956
-0.2296641016
0.2298783305
0.002701024749
0.002258769643
0.00274540516
-0.2299566731
-0.4598382084
0.001190658651
0.4630308665
-0.002083472968
-0.002299843812
-0.001910792534
-0.00167398049
-0.001382680035
-0.4601056798
-0.001758858848
0.4604818586
-0.0008002056313
-0.4591909214
0.459142868
-0.4589882014
0.01673875207
-0.01667316641
0.2289257744
-0.2295055793
0.2296027531
0.01663791635
-0.2294124729
0.01332676926
0.01521180837
-0.01586037026
0.2315182325
-0.2312401751
0.2320351504
0.01440770814
-0.2305924061
0.01145200114
0.0112904026
-0.01242218636
0.2328630223
-0.2317193796
0.2328810571
0.01012032035
-0.2307983776
0.007997243444
0.00667835738
-0.007762121953
0.2320542891
-0.2308974161
0.2315437163
0.006031569248
-0.2305318902
0.005438344631
0.004804763932
-0.005214837389
0.2311887105
-0.2307292679
0.2311820144
0.004352017451
-0.2304013787
0.00403329598
0.001555411487
-0.2325467557
-0.4635133104
0.002527576344
0.4618015848
-0.001827367203
0.001011516472
0.001752121331
-0.001481546019
0.002633323699
-0.4602683839
0.002006624376
0.4608950832
0.001366677916
-0.4595221521
0.4602364286
0.03109654085
-0.03082325585
0.2281831769
-0.2298168782
0.2298059564
0.0310991392
-0.2297761156
0.02756653093
0.0293264228
-0.03021582988
0.2347707371
-0.2350646213
0.2362205044
0.02815190724
-0.2339678021
0.02467080072
0.02314240588
-0.0250309381
0.2393077349
-0.2377617773
0.2397896716
0.02109185182
-0.2359176187
0.01816668663
0.01393016916
-0.01661288786
0.2397780632
-0.236491367
0.2396766591
0.01072904308
-0.2344604789
0.0102020419
0.002435761058
-0.001249439973
0.2374732533
-0.23417088
0.2334428148
0.003163105016
-0.2344276038
-0.001964224178
0.003900026926
-0.2325576291
-0.4632132411
0.005108878507
0.4648671484
-0.003439610445
-0.003323175448
-0.003123095897
-0.002819896819
0.003597557964
-0.4619916149
0.002404002808
0.46318517
0.001597954514
-0.4608623122
0.4614713858
0.04138142099
-0.04065691425
0.2260458039
-0.2292645524
0.2288563347
0.04178148945
-0.2295482999
0.0397535127
0.03914722968
-0.04094016814
0.2392377305
-0.2400751867
0.2421710274
0.03703021635
-0.2386154632
0.03673117227
0.02875378858
-0.03230128867
0.2492266895
-0.2482397814
0.253993962
0.02296397833
-0.2444526313
0.02605976526
0.02160026676
-0.02152426699
0.2500618018
-0.2463131854
0.2486586608
0.0192215386
-0.2455060997
0.01546715389
0.01101712425
-0.01370382727
0.243801346
-0.2389019782
0.2413547546
0.00854866024
-0.236626156
0.007434827748
0.003633729301
-0.2350503854
-0.4669024115
0.00502244713
0.4682155852
-0.002945546515
-0.003390074356
-0.003582301704
-0.003579337796
0.0038366911
-0.4641597681
0.002928141745
0.4650683174
0.002519370172
-0.4616083249
0.461664745
0.0467856726
-0.04573539021
0.2218158129
-0.2284328388
0.2295570064
0.04566129771
-0.2281533031
0.0444287325
0.04114620142
-0.04394813652
0.2443775127
-0.2456882272
0.2501115662
0.03671140049
-0.2435267959
0.04062055487
0.03784982588
-0.03767573282
0.2561721097
-0.2561368688
0.2580590641
0.0358944986
-0.2559692825
0.03469800033
0.02694547348
-0.03008473871
0.2615107056
-0.2579480144
0.2611741181
0.02367701617
-0.2547537398
0.0232056809
0.01357704387
-0.01686388397
0.2558724614
-0.2498232876
0.253831128
0.009540555572
-0.2467511265
0.01060254588
0.005002062285
-0.2423279053
-0.4696581561
0.004710355888
0.4715613731
-0.003228580128
-0.003385203226
-0.003323136115
-0.003199288184
0.0035804381
-0.4659033649
0.003225958013
0.466257845
0.002441587061
-0.462377495
0.4630215657
0.03366533467
-0.03336011849
0.1079040599
-0.1150081626
0.1141653992
0.03450809805
0.03149888388
-0.1147081717
0.03591262155
0.2667489396
-0.2666492169
0.2699701092
0.0325662576
-0.2634174487
0.03438664823
0.02641926998
-0.02931353667
0.2730512914
-0.2699235059
0.2728364792
0.02345730024
-0.2691911714
0.02420629203
0.01440460126
-0.01735398999
0.266903517
-0.2604717216
0.263218178
0.01161639963
-0.2576137499
0.01219923952
0.003731016211
-0.2503963518
-0.4737913587
0.003435632915
0.4755181982
-0.002436373287
-0.002733124038
-0.003042668395
-0.003148981116
0.002500571771
-0.4672104124
0.001684999503
0.4680259847
0.001105814058
-0.4636703827
0.4640037555
0.02817849894
0.1459615881
-0.1417242934
0.1441151703
0.02578762198
-0.1392155696
0.02680933352
0.02913334401
0.2781197961
-0.2775460387
0.2798103771
0.02684856243
-0.274588488
0.02911746898
0.02123350245
-0.02303343715
0.2833407914
-0.281373252
0.2831458685
0.01940597527
-0.2787545414
0.01798833106
0.01342899057
-0.01546995238
0.2766853094
-0.2705779375
0.2725104117
0.01143961311
-0.2683489671
0.008275197773
0.001635318562
-0.2567969916
-0.4789852028
0.0006904517087
0.4809054603
-0.0009673974659
-0.001659950535
-0.00245082131
-0.002833012814
-0.0002834925039
-0.4685077459
-0.000644340999
0.4688685944
-0.0007970337973
-0.4644319309
0.4644510325
0.01141395306
0.1570354504
-0.1539017151
0.1542014707
0.01111419744
-0.1533451446
0.01323556097
0.01416961756
0.2832429228
-0.284726994
0.2854835375
0.01339368735
-0.2836273813
0.01728825527
0.01005289597
-0.01128085794
0.2900616559
-0.2886320359
0.2899196133
0.008708171224
-0.2871636665
0.01174445176
0.004571575229
-0.005935195964
0.2831454279
-0.2774449404
0.2786770939
0.003280589851
-0.2759534798
0.005412161776
-0.002261685652
-0.2601336923
-0.482212597
-0.002961704883
0.4816163698
0.002159173149
0.001378371418
0.0002173455828
-0.0004655652611
-0.002780585603
-0.4691369315
-0.003400260698
0.4697566066
-0.003083616292
-0.4644810405
0.4640221615
-0.004546052626
0.1519789293
-0.1509973445
0.1500308979
-0.003579606038
-0.1518889729
-0.002018170949
-0.001838555825
0.2816507153
-0.2857462257
0.2854969655
-0.001613151441
-0.2861297216
0.002328206244
-0.0048135865
0.003952107197
0.2929506603
-0.2924513379
0.2907061497
-0.003127852017
-0.2919461152
0.001239940776
-0.003991459796
0.003725796411
0.2858422906
-0.2808933676
0.2809721951
-0.004133748133
-0.2803530072
-0.001341974086
-0.006076015643
-0.2595688591
-0.480563258
-0.007048647923
0.4776613256
0.005072036949
0.004866241495
0.003486179753
0.002655733552
-0.006118234541
-0.4694989228
-0.005353210595
0.4687338989
-0.00544284755
-0.4636506026
0.4628678317
-0.01314519185
0.1414296114
-0.1417240791
0.1404716939
-0.01189280664
-0.1429909337
-0.01105200972
-0.01363398424
0.2771529241
-0.2836597896
0.2828117292
-0.01282160778
-0.2840564627
-0.01120867202
-0.01444758927
0.01194250878
0.2929283263
-0.293060484
0.2935368688
-0.01499559444
-0.2934115681
-0.008907982996
-0.01103917155
0.01182618156
0.2850201324
-0.2804054395
0.2795392773
-0.0102408097
-0.2808031287
-0.007692734243
-0.008098890055
-0.2552778166
-0.4750305035
-0.0105690918
0.4717848461
0.006780603729
0.007032041403
0.006085375802
0.005446960245
-0.009130723579
-0.4676405559
-0.007700436422
0.4662102687
-0.006646059617
-0.4631783273
0.4628501027
-0.01577372671
0.1308144533
-0.1317156967
0.1304367926
-0.1328871414
-0.01992120803
-0.2792241742
-0.02022307943
-0.2815101034
-0.01756457526
-0.01969243182
0.01996208896
-0.2918222008
-0.01941761794
-0.2917938608
-0.01823032233
-0.01705015427
0.01812024784
-0.2768308986
-0.01568263275
-0.2780257662
-0.01608220777
0.007385812954
0.007229097043
0.1027925288
-0.1525368015
0.01540902687
-0.0185122512
0.01739182419
-0.1514163744
-0.154172468
-0.1526559546
-0.0004056252823
-0.0006596229776
0.001307234316
-0.153303566
-0.1557221847
-0.1442536106
-0.01033957488
0.01069322988
-0.009492744835
-0.1454540957
-0.1468973997
0.01156098082
-0.06464891052
0.0640695985
-0.06452110488
0.0120124872
0.0637020271
0.0120223011
-0.04372039668
0.04368866222
-0.004853229151
-0.04367648304
-0.04476125031
-0.0001342758203
0.04684467382
-0.04528218341
0.04493789571
0.0002100118843
-0.04544902272
0.0005566772408
-0.0412527249
0.04131401942
0.001569072458
-0.04120742805
-0.04139403926
0.003643696378
0.04393133024
-0.04353287823
0.04334835618
-0.04546757165
0.0008895832672
-0.001431691823
0.001248966805
-0.04528484663
-0.04725017488
-0.07441612635
0.07396620406
-0.008966569623
0.009198868291
-0.00873558892
-0.07487940572
-0.07509966398
-0.002092504094
0.04222966255
-0.04132425806
0.04135168239
0.011871712
-0.1341790071
0.0153990847
-0.1353517945
-0.1359601569
0.02407708384
0.07565008834
-0.07334943713
0.07500664351
0.02241987746
-0.07171124655
0.02273746918
-0.01076193342
0.06966721811
-0.07002785104
0.06961835755
-0.01035243993
-0.07048649464
-0.01023612518
-0.0675921229
0.06714105693
0.01106068994
-0.06795147729
-0.06797218857
-0.009777773071
0.07323623738
-0.07352103913
0.07307464479
-0.009331378727
-0.009177657728
-0.07088826845
-0.01015888003
0.01046518886
-0.01004060523
-0.07131285208
-0.07142834398
0.05163302932
-0.01987972247
0.02195079835
-0.02004633619
0.04972856716
0.02337077964
0.04941584935
0.02444993626
0.05384866277
-0.053929996
0.05394740791
0.02443252434
0.02308223442
0.01897383123
0.03992263027
-0.03741698764
0.03894644084
-0.03629319257
-0.04145341483
0.04118649995
0.00129172469
-0.04186581472
-0.04164013725
-0.0009403377217
0.04066934533
-0.04116264458
0.04107744162
-0.04253565388
0.04239612004
-0.002547579753
-0.04260296563
-0.04239106408
0.002763969955
0.04265690449
-0.04252470442
0.04279569845
0.0384306853
0.005032269568
-0.004799516117
0.004911715486
0.03831848593
0.03799585092
-0.006523564688
0.03647754681
-0.03607656229
0.03585706172
-0.006304064117
-0.006254889361
-0.03484818675
0.03466908831
0.006529902764
-0.03504478327
-0.03561831123
-0.04283447117
0.04286905025
-0.007048608261
0.006184443172
0.04340661068
-0.04293113677
0.04296212374
-0.0401982373
0.04000008086
0.003226850047
-0.04046165211
-0.04081018257
-0.003180232453
0.04005382286
-0.03989232721
0.03981053095
-0.006627646413
0.03451430476
-0.0344740158
0.03426652763
-0.1367485659
0.02721626904
-0.02980388813
-0.134304198
0.0273595202
-0.1342926407
-0.0109502342
0.06632896896
-0.06678217486
0.06644273047
0.01837329398
-0.01699712225
0.1300413533
0.1312069256
-0.1287601896
0.03548263946
0.03268214799
-0.07005755037
0.02270568466
-0.02413040254
-0.06856343722
0.02263628939
-0.0683300892
0.01184727509
-0.01149842495
0.06573290794
0.06536913609
0.0781797166
-0.07701077215
0.01857059851
0.01760045917
-0.03501551279
-0.0180266491
-0.2290020938
0.007961209048
-0.2293362023
0.01038742628
-0.007966469101
0.007913040642
-0.007736829169
-0.2295424202
0.007508708315
0.229507993
-0.2293333104
0.2297310994
0.2292462356
0.00586574889
-0.2300806562
0.008890104153
-0.007179999655
0.006815590167
-0.006374351509
-0.229793608
0.005952700059
0.2301243028
-0.2296847968
0.2307239476
0.2294953817
0.005102245536
-0.2301505961
0.006303447597
-0.005570568498
0.005304732938
-0.005031090888
-0.2299363935
0.004765429366
0.2301233712
-0.2298497291
0.2306321402
0.2296340095
0.004280613734
-0.2302122877
0.004829191714
-0.004476790928
0.004215096883
-0.003930015419
-0.229921095
0.003667315507
0.2301647423
-0.2298796608
0.2304938644
0.2296577087
0.003356791035
-0.2301132917
0.003596196577
-0.003398215725
0.003163254487
-0.002911168796
-0.2298136865
0.002697650378
0.2300455412
-0.2297934555
0.2303249519
0.2295987528
0.002506322004
0.002311353176
-0.2282615898
0.02019866849
-0.2296993612
0.0238884405
-0.02030162928
0.02020015
-0.01987352053
-0.2309425364
0.01934227156
0.2306075044
-0.2302878405
0.2309288847
0.2299895322
0.01633420187
-0.2329521853
0.02113706624
-0.01860390831
0.01767519183
-0.01657619899
-0.2327223911
0.01534426242
0.2335136934
-0.2324272178
0.2347315613
0.2314990353
0.01346987117
-0.2342880994
0.01529258515
-0.01400079279
0.01258172244
-0.01112619958
-0.2324777738
0.009683196157
0.2341823647
-0.2327375724
0.2358791049
0.2315527155
0.008928531612
-0.2328503329
0.008552047745
-0.008273347847
0.006963434695
-0.006154113334
-0.2312417784
0.005636389967
0.2320909363
-0.2312824165
0.2337107647
0.2308648943
0.005614047038
-0.2323539405
0.0006537948861
-0.004881179269
0.003709253194
-0.0005275499848
-0.2327057609
-0.002672843877
0.2349251683
-0.2317434651
0.236852306
0.2306968543
0.003305406648
0.001436593165
-0.2265867734
0.03393752737
-0.2297235716
0.03727543199
-0.03429374984
0.03436712575
-0.03412499071
-0.2331847613
0.0335649598
0.2317591036
-0.2315290249
0.2319172998
0.2312446079
0.03080350159
-0.2374042926
0.03449464875
-0.03267731667
0.03147328701
-0.02996494619
-0.2385318472
0.028187336
0.2389759546
-0.2374900108
0.2406278988
0.2360720916
0.02671355236
-0.2419723538
0.02633517726
-0.02617291611
0.02396448471
-0.02145327018
-0.2398792063
0.01781481699
0.2424381124
-0.2399524128
0.2464540434
0.237809968
0.01892732496
-0.2442629704
0.007590463276
-0.0126456633
0.008039270342
-0.004685831772
-0.2424896554
0.005926414421
0.2456640116
-0.2423291332
0.2436319364
0.2367222607
0.005109814721
-0.2346479709
0.006278649293
-0.006262006321
0.005053651809
-0.004619656693
-0.2322860958
0.004169536329
0.2331179256
-0.2326841816
0.2344989156
0.2334338949
0.003912818331
0.00387789672
-0.2233929928
0.0419452294
-0.2283889968
0.04415622966
-0.04285453168
0.04331515018
-0.04286899358
-0.2354851673
0.04091629437
0.2324317057
-0.2319950184
0.2339423932
0.2319775295
0.04175287111
-0.2425816984
0.04066365776
-0.0384240225
0.0379930351
-0.03695639502
-0.246726307
0.03425858609
0.2461531166
-0.2451406445
0.2480774521
0.2429769984
0.03484135011
-0.2576219453
0.03131310506
-0.02855183997
0.02488906493
-0.02654614448
-0.2527849869
0.02637697899
0.254608556
-0.256303248
0.2550423115
0.2529574469
0.01957980983
-0.2516311519
0.02235804452
-0.02407603397
0.02106739461
-0.01800862517
-0.2458153858
0.01502647216
0.250510715
-0.2474856189
0.2536414701
0.244805623
0.01651125933
-0.2439784357
0.01032295071
-0.01219178813
0.009548519093
-0.007167769316
-0.2357976748
0.005045780621
0.2410754625
-0.2387077615
0.2436319351
0.2365070392
0.006338734495
0.004673099312
-0.2167529906
0.05053068091
0.1072318613
0.02795994169
-0.1155616089
-0.02920261677
-0.0506191972
0.04706397167
0.1151810609
0.117931171
0.1122474609
0.1094798357
-0.04686692679
-0.2394911022
0.043908359
0.2365124299
-0.2363153851
0.1198597345
-0.02768973532
0.235560868
0.04490591271
-0.2522455388
0.04350748462
-0.04143881391
0.03929722097
-0.04047116981
-0.2551646165
0.04046277778
0.2532501093
-0.2544378619
0.2526703904
0.03492652896
-0.2606354519
0.03564950735
-0.03866666938
0.03605902001
-0.03315813842
-0.2610930283
0.03010442409
0.26275591
-0.2598911753
0.2657471211
0.2571832415
0.03314947824
-0.2646699732
0.02122214428
-0.02684137286
0.02330192053
-0.01981231838
-0.2584369899
0.0151740409
0.2635481353
-0.2601016881
0.2657408731
0.256805059
0.02033907965
-0.2548067354
0.0123719338
-0.01294027708
0.01193141226
-0.00931064264
-0.2444331375
0.006949249253
0.2509732652
-0.2483805066
0.2536712833
0.2464139143
0.007553410958
0.006260606184
-0.1130568282
0.03882341264
0.05747652551
-0.03458099276
0.03568956381
-0.03570550595
-0.03522031221
-0.1196976939
0.0343049382
0.116442458
-0.1159732064
0.05797407815
0.1150509636
-0.1153280087
0.03358585531
0.03204151311
-0.2718455605
0.03209254042
-0.03592927797
0.03402829363
-0.03125416556
-0.2724842621
0.02836020508
0.2738553931
-0.2711146937
0.2766642652
0.2690271026
0.03044580256
-0.2759666458
0.02070104921
-0.02531363578
0.0221348003
-0.01907043208
-0.2697494743
0.01606336039
0.2747656108
-0.2717514754
0.2775120057
0.268740525
0.02039640812
-0.2658065613
0.009787330979
-0.01327619825
0.01064462075
-0.008245275538
-0.2539168064
0.006111951585
0.2612354978
-0.2588733594
0.2635151706
0.2563338295
0.009041313615
0.006728877405
-0.1462998816
0.02307711788
0.1483095441
-0.0268678503
0.02468313909
-0.02274144062
-0.1408677604
0.1443862608
-0.1424445623
0.146022757
-0.2817483743
0.02027891582
-0.02651809211
0.02455979858
-0.02250418159
-0.2827218526
0.02034635469
0.2834968622
-0.2814719247
0.2854246699
0.2795165572
0.02486241439
-0.2853124677
0.01240845423
-0.01813229298
0.01591277301
-0.01368424337
-0.2797733474
0.01149012428
0.2840930489
-0.2819208091
0.2859736973
0.2800504113
0.01747640457
-0.2743939109
0.005255545242
-0.009416952143
0.007481157966
-0.005709916217
-0.2617364724
0.004125759194
0.2692939818
-0.2675691834
0.270662054
0.263436855
0.007260591625
0.005377905954
-0.1542698115
0.006990128758
0.1541211487
-0.009095161139
0.009026820339
-0.004303665955
-0.008870139214
-0.1490692852
0.1516504266
-0.1514937455
0.1515566385
0.151208786
-0.1506225376
0.01082923792
-0.28594282
0.005550142871
-0.00994613119
0.009467028482
-0.008735048966
-0.289176083
0.007793383847
0.2882738516
-0.2875736761
0.2887620011
0.2866276258
0.0124164953
-0.2910208122
0.00243168593
-0.006761000295
0.00560172478
-0.004395451612
-0.2866490768
0.003232352489
0.289974603
-0.2888307123
0.290926446
0.2874997852
0.007315755777
-0.2796951516
-0.001126767236
-0.002102958047
0.001025508183
-0.0002234648685
-0.2667118203
-0.0004815167489
0.2738798366
-0.2731310054
0.2744077911
0.2720349838
0.002131753096
0.001118633347
-0.1489426317
-0.006293474383
0.147828052
0.005940534856
-0.004852268654
0.003923403117
-0.1463583471
0.1471928788
-0.1481217444
0.1461925904
0.1489856977
-0.1497276108
-0.002715652655
-0.2847707168
-0.007667318504
0.005166066893
-0.004466204328
0.004129424013
-0.2930542999
-0.002285924358
0.2884583086
-0.2888347642
0.2881193088
0.2886811563
-0.001803230141
-0.2933213992
-0.007362790434
0.002206977523
-0.004888566492
0.005548879022
-0.2893751461
-0.006179404461
0.292386675
-0.2917967934
0.2924451063
0.2915667896
-0.003425026638
-0.2810913409
-0.007523002834
0.006648613725
-0.006831048162
0.006774984468
-0.2679756542
-0.006428740171
0.2747890675
-0.2749006514
0.2744572544
0.2748812407
-0.004209809591
-0.004158184617
-0.139128002
0.1378564714
-0.01293654414
0.01368678221
-0.01234309034
-0.2815470494
-0.01822669085
0.01565992442
-0.01443438846
0.01324945152
-0.2907415501
-0.01238061816
0.2861570712
-0.2873954528
0.2862608357
0.2880392907
-0.01222723589
-0.2927721336
-0.01493686179
0.01168025471
-0.01099745957
0.01047004954
-0.2861095023
-0.01362140433
0.2916943065
-0.2923068229
0.2908319354
0.2920471916
-0.01532877235
-0.2790361391
-0.01145283845
0.01352398131
-0.01308769561
0.01216186177
-0.2654949689
-0.01087320395
0.2721580671
-0.2731405938
0.2710845502
0.2740035667
-0.009436994543
-0.008471813296
0.2850641094
-0.02004114524
0.290793708
-0.01896691575
0.26947236
-0.01399806961
-0.01181227204
0.01039775804
0.08162972756
-0.08047322443
0.08065282117
-0.08004180276
-0.08095852826
0.08104013016
-0.009546188405
-0.00106781968
0.08022274475
-0.07990917936
0.07957371179
-0.08011225156
-0.07934892205
0.07898361736
0.001622263263
0.007115389681
0.08216103086
-0.08124773412
0.08123843695
-0.0813571108
0.08128170955
-0.006306162666
-0.007244828602
0.007673967132
0.07406581824
-0.07422045698
0.07379083264
-0.07456433339
-0.003132853931
0.078874957
-0.07871020235
0.07832163194
-0.07802052011
0.07761300927
0.003614964584
0.03130785729
0.1220159488
-0.1220612958
0.1243748089
0.02899434426
0.02822004168
-0.1263129085
0.03351589757
-0.03256511541
0.03062701581
-0.02950661576
-0.1267338006
0.02848066767
0.1272425595
-0.1261221595
-0.01631205952
-0.1465169634
0.1498854163
-0.1488056516
0.1475886469
-0.02137699018
0.01835153022
-0.01956853493
0.02096945751
-0.1500154519
-0.001824211879
-0.1487391291
0.1504053573
-0.1509223349
0.1513402703
-0.005014182684
0.003535261665
-0.003117326213
0.002623072419
-0.001182747322
-0.1537978198
0.008389966658
-0.1427364241
0.1429510911
-0.1440538693
0.1417955847
0.1451491517
0.007400441985
-0.007362234134
0.008457516558
-0.009665105975
-0.1466616851
-0.005487282111
0.03764873051
-0.03736338099
0.03722699926
-0.03748185945
-0.03700565389
0.0368336869
0.005585619202
0.06495142638
0.01220210442
-0.01172302556
0.01215334706
-0.01252570345
0.0641002907
-0.06472972211
0.06435736573
-0.06387583228
0.06354186904
0.01249402064
0.0137445952
0.08014502174
-0.07873870093
0.07918230994
-0.07803444401
-0.07973692851
-0.01288375065
0.005311808803
-0.0434869351
-0.04327058733
0.001330265091
0.08131011966
-0.08076764971
0.08057030022
0.001527614581
-0.08092064255
0.002147420531
-0.08035054376
0.00031901296
-0.0007021545973
0.00092191106
-0.04433393782
-0.0004668569374
0.04349172123
0.0007509024709
-0.0001469445783
-0.000198655463
-0.04243624805
0.04309929982
-0.04344489986
0.04365597894
-0.04378405794
0.0004210909634
-0.001433476918
-0.04117837021
-0.04111881206
-0.04317719167
0.04295714732
-0.003374950213
-0.001184726547
-0.04268318618
0.04380800203
-0.04374376177
0.04353001747
-0.001975212841
0.001419108462
-0.001632852762
0.002074926649
-0.04484277274
-0.04413360031
0.00407274452
0.08199371754
-0.08122665525
0.0811491367
0.004150263078
0.0048751367
-0.08105528928
0.002784926129
-0.003361839939
0.003455687351
-0.005573516281
0.03790844529
-0.03795931405
0.03769350623
-0.03841570392
-0.03752492795
0.005350486769
-0.00619104905
0.07569848286
-0.07575682484
0.07534343556
-0.07611755967
-0.07500763396
0.006455355899
0.008333035959
-0.07432840784
-0.007913263025
0.07421453764
-0.0746170906
0.07372753546
0.075059153
0.008293113845
-0.008094355803
0.008536418207
-0.009000339282
0.004703658338
-0.0753433268
-0.04123472759
0.04109371403
0.002354445825
-0.003667097737
-0.03954564163
-0.0396713772
-0.004808563125
0.07731766527
-0.07729393631
0.07687030142
-0.07653303939
0.005205437272
-0.01500180385
-0.1366057305
-0.01374786785
-0.01345683159
-0.007149490197
0.03348062587
-0.0332642272
0.03306934614
-0.0328387544
0.03268599241
0.007080246056
-0.07653072855
0.02134908101
-0.02347591137
0.02195182633
-0.02059236748
-0.07388880036
0.07577103552
-0.07441157667
0.07298739472
-0.07153226104
0.02099569551
0.01669851618
0.07744078643
-0.07591330931
0.07659630125
-0.07747385284
-0.01604845386
-0.06921120757
0.06877077963
0.01082858701
0.06993553585
-0.07037073223
-0.00992758377
-0.01094923819
-0.06840925536
-0.07260875938
-0.00970169567
0.07221452988
0.009909891711
-0.009444006302
0.009045273143
-0.0726606038
0.07247846698
-0.07287720014
0.07202457735
0.07330484325
-0.008903735613
0.009618146738
-0.07102379572
0.07075861826
-0.07118107675
0.07160008211
0.009807196712
-0.009500882406
0.009919887772
-0.01036393219
-0.0717568965
-0.04661720409
0.04504656313
-0.04312537542
0.02314096307
0.02113495001
-0.02424687218
0.02535045517
0.046616645
0.0235027408
0.0585150317
-0.02478889439
-0.05887557282
0.06120636269
-0.06224350987
0.02523874693
-0.02411244769
0.02307530052
-0.02576487446
-0.0234230456
0.06326432296
-0.05437818781
0.02922563997
-0.02593043264
0.02549965275
-0.02648842234
-0.05647260962
0.05510933729
-0.05609810688
0.05695050249
0.02528491994
0.01306640139
0.04334700225
-0.04162379542
0.04222521081
-0.0410492129
-0.04280001865
-0.0127386884
-0.04034921113
0.01749645775
-0.01892371587
0.01752094559
-0.01636069919
0.03946807772
-0.04050337499
-0.0137755668
-0.005539155925
0.03692171111
-0.03669950296
0.03661462393
-0.03650158909
0.00557265523
-0.006970316089
0.03255590298
-0.03246619134
0.03233746566
-0.03214731404
0.006957645825
-0.001556437621
-0.04254856837
-0.04114312907
0.001048248904
0.002727314757
-0.04282555684
-0.04332545807
-0.002979588621
-0.004924648293
0.03947384391
-0.03883796256
0.03882502975
-0.03872022092
-0.005110062638
0.005076865637
-0.004972056803
0.004835441596
0.03818187073
-0.03548823514
0.03529647728
0.00666976421
0.03560204958
-0.006130804931
-0.006466831373
-0.03512270701
-0.01855166336
0.01408256784
-0.01237246573
0.01349073627
-0.01197060731
-0.01486895129
0.01623472846
0.02191589756
-0.01465545141
-0.02961633752
-0.01775785077
-0.01825442821
-0.02353582075
0.01996563568
-0.01753912225
0.01817166062
-0.01863720562
0.02658662928
-0.04309400894
-0.005997870024
-0.003166329953
-0.04077078281
-0.03974881744
0.003265833137
-0.03409870664
0.00655743377
0.03015650055
-0.1319273494
-0.1299566181
-0.06599957476
0.01111013164
0.02381612575
-0.06706568432
0.000291626516
-0.4584050506
0.002128849484
0.2297297835
-0.2295616399
0.2297796968
-2.910701799e-05
0.2323858524
-0.2315905527
0.233313567
-0.230612546
0.003508263259
0.2321105798
-0.2314857063
0.2318708736
-0.2312193806
0.004143353519
0.2340640062
-0.2331920997
0.2337531515
-0.2327306017
0.004295805121
0.2401956082
-0.2353684652
0.2363398017
-0.2351097433
0.004730159521
0.2485680441
-0.2413147274
0.2429925054
-0.2395256782
0.003749073436
0.2554759741
-0.2475242382
0.2488045915
-0.2457923458
0.0003038051815
0.2596562047
-0.2515674628
0.2520658215
-0.2505497496
-0.003958739261
0.2602547856
-0.2523909875
0.2518950198
-0.2523027185
-0.007333659997
0.257073203
-0.2491205817
0.2478524399
-0.2499381487
-0.009517657033
-0.2426776359
-0.2444254941
0.1244671179
0.02733930272
0.08013277514
-0.08027074874
0.001707696672
0.07995269305
0.07919096689
-0.003521506512
-0.07958456001
0.08039963569
-0.08046545485
0.02741057199
-0.1131039086
0.02740128477
-0.02812490072
0.02726845306
-0.1281625783
-0.02766735539
0.1405365995
-0.1382995515
0.02387965916
0.01119632516
-0.1385627026
0.1383277529
-0.1394745181
0.1371655985
0.1407034392
-0.01066388556
-0.1292915861
0.01571887741
-0.07343751235
0.007517891447
-0.001118586581
0.07975601753
0.08044970196
0.004134510189
0.1359988942
-0.01249927621
-0.02543098995
0.1363290631
-0.02145593298
0.07016448576
-0.2299506138
-0.002470760771
-0.2314913363
0.002833747154
-0.2322701852
-0.003722487063
-0.2344215605
-0.004058483317
-0.2377572542
-0.004805646638
-0.244510541
-0.004262624069
-0.249901157
-0.002775362316
-0.2524277606
0.0009935681053
-0.2509633041
0.005776795877
-0.2457598766
0.009108507773
-0.02807028331
0.1171293407
-8.758871466e-05
0.03155891479
-0.0316205286
-9.817439086e-06
0.02600965063
-0.0260874219
0.01239944601
-0.01240926344
-7.920069467e-05
-0.02136479115
0.02126995368
-1.655664329e-05
-0.01457549028
0.01451284623
-0.008383521897
0.008366965253
-0.0001268001739
0.01759177466
-0.01770685884
-3.33330808e-05
0.01194870874
-0.01204217583
0.006933864706
-0.006967197787
-0.0008580423876
0.03165389108
-0.0004834393947
0.02563504764
0.01191600661
0.001077800399
0.03096932642
-0.0298336559
-0.0004646617076
0.0261245903
-0.0245821282
0.01668262967
-0.01714729138
-9.543015865e-05
0.02990865758
-0.03000583964
3.791725799e-05
0.02149535324
-0.02162870066
0.01101418347
-0.01097626621
-6.175768395e-05
0.02982337451
5.517828014e-05
0.02137841728
0.01106936175
-0.0002429514749
0.02951999889
-0.02963710183
-7.996812614e-05
0.02098039596
-0.02114337931
0.01107891944
-0.01115888757
-0.0001479603043
0.02634185664
-0.02647718876
-4.997584184e-05
0.01819354092
-0.01829152538
0.01054626576
-0.0105962416
-0.0001339051916
-0.02685595007
0.02672673353
-3.943833515e-05
-0.01856586111
0.01847139425
-0.01076969955
0.01073026121
-2.310289372e-05
0.02623063198
2.896911747e-05
0.01814146891
0.01057523488
-0.0001053591116
0.02580965395
-0.02593149282
-2.33131215e-05
0.01780767944
-0.01788972543
0.01026964879
-0.01029296191
-0.0001051789312
0.02169787262
-0.0218190023
-3.315489019e-05
0.01480830064
-0.01488032468
0.008501538653
-0.008534693543
-8.187563836e-05
0.02159252893
-1.195148481e-05
0.01473837649
0.008489587168
-7.12612307e-05
-0.01948820481
0.01938465518
-1.369776616e-05
-0.01327620936
0.01321864589
-0.007735816159
0.007722118393
-0.000123288383
0.01722389825
-0.01733183465
-4.911437897e-05
0.01169668903
-0.01177086303
0.006719475507
-0.006768589886
4.939831783e-05
-0.03023390565
0.0301357551
0.0001652280062
-0.02195677947
0.02184094979
-0.01071856329
0.0108837913
-7.514381896e-05
-0.03059554694
0.03051870478
5.767652423e-05
-0.0225728899
0.02244006956
-0.01070958107
0.01076725759
-0.0001396318021
-0.03033967986
1.053881492e-05
-0.02210695009
-0.01070802448
-0.0001142131812
-0.03068142066
3.300129812e-05
-0.02272010438
-0.01067657977
-7.096549071e-05
0.02909389962
-0.0291985214
3.958668079e-05
0.02049532324
-0.02060587541
0.01116123687
-0.01112165018
-0.0001171803893
0.02940704444
1.577605491e-05
0.02084743952
0.0110946955
-0.00020203579
0.02897475672
-6.220061531e-05
0.02035548806
0.01109903625
-0.0002070859165
-0.02734068158
0.02722209717
-0.0001014533375
-0.0189462063
0.01884057372
-0.01102707076
0.01092561742
-0.0002865508279
-0.02699373339
-0.0001569538829
-0.01869545805
-0.01092665343
1.755915393e-05
-0.02743540655
6.40911485e-05
-0.0189927383
-0.01096297961
-0.0001178925009
0.02570780521
-4.262531926e-05
0.01773241225
0.01022702347
-3.627509342e-05
0.02534344592
-0.02545029775
1.510314109e-05
0.01749654412
-0.01754792235
0.01019491114
-0.010179808
-0.0002464603796
-0.02473325678
0.02458278065
-0.0001249518573
-0.01701994448
0.01689843595
-0.009706918363
0.009581966505
-0.0003903998484
0.02516939083
-0.0002290484591
0.01733519273
0.009965862678
-0.0002155345261
-0.02487518236
-0.0001070770751
-0.01712840193
-0.009813995438
-0.000155918931
-0.01961487726
-5.180667607e-05
-0.01338032161
-0.007787622835
-0.000157911793
-0.0169369112
0.01681779952
-6.761294456e-05
-0.01147536633
0.01138506748
-0.006522381965
0.00645476902
-0.0006318664778
-0.03172895452
-0.0004082922145
-0.02631099617
-0.01281755566
-0.0001251981823
-0.02147743516
-4.639215011e-05
-0.01465429631
-0.008429914047
-0.0001842139314
0.01746076672
-9.529549849e-05
0.0118597903
0.006838569208
-7.746158887e-05
0.02323905365
-0.02336399553
1.548609775e-05
0.01587648459
-0.01596943227
0.009009968572
-0.008994482474
-4.6998002e-05
0.02117751118
2.185400364e-05
0.01444399422
0.008388819257
2.178439917e-05
0.02109191663
4.708113869e-05
0.01441869748
0.008435900396
0.003043637858
0.004558526116
-0.002546630721
0.001320075455
0.00319879829
-0.001475235884
0.00230550111
-0.0009854256546
-0.0002511385815
0.01707210379
-0.0001166916681
0.01156224211
0.006602783839
-0.0001672776596
-8.040187399e-05
-0.0001568400733
-0.03009392933
-1.613248015e-05
-0.02176940825
-0.01099239869
3.70658624e-05
0.0001086073949
-0.0001095926762
0.0297275399
1.870558541e-05
0.02125011902
0.01108806734
-3.591947835e-05
7.082023133e-05
-0.0003120544891
-0.02662254066
-0.0001756140401
-0.01842796583
-0.01077185564
-1.833991167e-06
4.15944264e-05
-0.0003097566378
0.02607925129
-0.0001744013694
0.01800611364
0.01040083351
-0.0002242598128
-0.0001078715967
-0.00104213863
0.03165129065
-0.001551162832
0.0266336145
0.01513146684
-0.0006941509074
0.03175357116
-0.03134066287
-0.000705625936
0.02680031585
-0.02678884082
0.01413048893
-0.01483611487
-0.0003262361351
0.03146592242
-0.0002855422136
0.02675962193
0.01384494672
-0.0001437532987
-5.967312123e-05
-8.670634832e-05
0.01928300765
-2.492505439e-05
0.0131568646
0.007697193338
-0.0001448085042
-0.01917630278
0.01905674537
-4.434032342e-05
-0.01307627845
0.01297581027
-0.007623170993
0.00757883067
-0.0001546084928
-7.40223454e-05
0.00029730007
-0.009092002597
0.007140075136
-0.006842775065
-0.007230809949
-0.0001589065967
-6.997932166e-05
6.238642029e-05
0.03045903501
0.0001472661498
0.02235518983
0.01091452374
-0.0004547390075
-0.000206499267
-0.0002147088732
-0.03075760017
-4.851205859e-05
-0.0228863012
-0.01072509183
-0.0001505614518
-0.029309013
-1.790274607e-05
-0.02073853411
-0.01113955293
-6.404797804e-05
4.485743209e-05
-6.94814462e-05
0.02886951795
3.476177772e-05
0.02025124484
0.01113379803
-0.0001126708801
0.02877155272
-8.82068565e-06
0.02014739465
0.01112497734
-0.0001463493644
0.02709632587
-4.629137916e-05
0.01874051574
0.01087932604
2.26970764e-06
4.732739298e-05
-0.0001387279026
-0.02754965151
-4.207503105e-05
-0.01908939117
-0.01100505464
-0.00010287657
-0.02766211609
-1.813124243e-05
-0.0191741365
-0.01102318588
-1.525810313e-05
-0.02555727111
3.694980134e-05
-0.01760013026
-0.01014285819
-0.0001423210067
0.02446012415
-4.984198354e-05
0.01680595693
0.009532124522
-0.0002283006782
0.0250097138
-0.0001098744957
0.01721676655
0.009855988182
-0.0001303573653
-4.199274421e-05
-0.0001474942517
-0.02083192718
0.02071322603
-6.423184122e-05
-0.01423213349
0.01414887108
-0.008228127277
0.008163895436
-0.0002235035658
-0.02097053474
-0.000119653117
-0.01433598394
-0.008347780394
-0.000170833547
-8.812000181e-05
-0.0001756300113
0.01861450156
-0.01874675158
-6.635035292e-05
0.01267071833
-0.01277999798
0.007399021525
-0.007465371878
-7.793446719e-05
0.01850828398
-1.957164521e-05
0.0126123555
0.00737944988
0.0133690554
0.01095144041
-0.00276110956
0.006336102664
0.01010147718
-0.003068524437
0.00924043369
-0.002904331025
0.008949834843
0.01723196565
0.004162763248
0.01488854877
0.01340319694
0.007100913439
0.02313400425
0.002818767779
0.01917069443
0.01622196471
-0.000106520647
-0.01780525755
-3.50691408e-05
-0.01211362734
-0.007002266928
7.119244178e-06
0.0222273155
-0.0223125406
4.456080819e-05
0.01518381804
-0.0152212596
0.008800431852
-0.008755871044
-0.0001214649849
0.02211581506
-4.947266981e-05
0.01511182572
0.008750959182
-0.0001576391899
-0.03130848336
0.03123903733
6.82621904e-05
-0.02421115448
0.0239852531
-0.01077362422
0.01084188641
-0.0001819605885
-0.02310883149
0.02297359177
-7.660493573e-05
-0.01578384482
0.01567848916
-0.008942348473
0.008865743538
-0.0001602598708
-6.762009865e-05
0.001638749002
-0.007085172277
0.008169410661
0.0007210959587
-0.00537340829
0.006291061335
-0.004046661444
0.004767757403
0.003915770332
0.001741160334
-0.0001328991929
0.0181616851
-0.01827374687
-5.50800423e-05
0.012370772
-0.01244859115
0.007174951769
-0.007230031811
-0.0002021417642
0.01667810291
-7.761916916e-05
0.01126054488
0.006377149851
-0.0001102310693
-3.461092392e-05
1.400232603e-06
0.02826112936
-0.02835013943
6.42357135e-05
0.01969440901
-0.01975724449
0.01120734333
-0.01114310761
2.811217085e-05
0.02865160548
0.0001097429738
0.02006576384
0.01123472032
-0.0002355860331
0.02855652825
-0.0001122076278
0.01994238544
0.01112251269
-3.627076021e-05
0.02816962201
3.258795187e-05
0.0196255503
0.01123993128
-0.000168744442
-0.02781654721
-3.201238951e-05
-0.01931086855
-0.01105519827
-0.0002086103333
-0.02792716672
-0.0001008226981
-0.01941865618
-0.01115602097
-5.750396592e-05
0.0199177681
-0.02001504562
-2.355240593e-06
0.01358177927
-0.01363692799
0.007892097276
-0.007894452517
0.001337983988
0.00914557629
0.00058899576
0.007040049564
0.005356753163
0.0001984819758
0.008776453825
-0.008412689934
0.00658310665
-0.006384624673
-0.0001501682893
0.0180415878
-5.068444774e-05
0.01227128816
0.007124267321
-0.0002353538656
-0.02267632107
0.02252988223
-0.000100156502
-0.01548854077
0.0153533434
-0.008863510393
0.008763353891
0.0002596684159
-0.0007412126981
0.03149933659
-0.03153072185
-0.0003615792093
0.02485217466
-0.02523180815
0.01121112776
-0.01157270696
-0.0005085198761
0.031434895
-0.000252841065
0.02459649585
0.01095828669
-0.0002164472707
-8.416527482e-05
-1.50946227e-05
-0.02275911803
2.583227304e-05
-0.01552946766
-0.00883767812
-9.715378241e-05
0.02035924176
-0.02046805106
-2.676347812e-05
0.01390489688
-0.01397528719
0.008061904195
-0.008088667673
-3.424034882e-05
0.0198280641
1.596230324e-05
0.01353157662
0.007908059579
-0.0001837139475
0.02023853607
-9.227760548e-05
0.01381346054
0.00796962659
0.008433516997
0.00388975668
-0.0001798520287
-0.0188573236
-9.624296531e-05
-0.01286360705
-0.007561614843
-0.0001222583787
0.01839533635
-4.783918225e-05
0.01253793631
0.007331610698
-0.0001442018983
-0.01792395988
-6.143329601e-05
-0.01219639594
-0.007063700224
-0.001476016816
-0.001027391057
-5.433806672e-05
-0.02241089515
6.476063697e-06
-0.01528207373
-0.00874939498
-0.0002160472875
0.0219826463
-0.0001150888045
0.01501086724
0.008635870378
-0.0002317193925
-0.0001011768349
-0.0005584426767
0.03156095001
-0.0003016462846
0.02537825124
0.01161436033
-0.0001981166088
-0.0313708985
-3.363426062e-05
-0.02437563683
-0.01080725848
-0.0002096004193
0.03118505787
-4.714868433e-05
0.02382280137
0.01079473772
-0.0002821491917
0.03110983403
-8.228946249e-05
0.02362294164
0.01071244826
-0.0002846246477
-0.02431399934
0.0241539894
-0.0001538576248
-0.01670496463
0.0165741976
-0.009527994753
0.009374137128
-0.0001051220726
-4.129768714e-06
-0.000117375711
0.02285716718
-3.203102908e-05
0.01559314448
0.008833712509
-0.000241621012
0.02399635645
-0.0001161613774
0.01644873797
0.009257975751
-0.0001623826344
0.0238606758
-5.832737018e-05
0.01634468271
0.009199648381
0.002397076876
-0.02680426861
-0.0001553162635
-0.02202973506
-0.01730260765
-6.061353302e-05
0.01895579387
-4.516281063e-06
0.01291971302
0.007574314389
-6.880552255e-05
-1.269954542e-05
-0.0001909240434
-0.0001015788867
-8.201921327e-05
-0.02845100858
6.659026962e-06
-0.01984592274
-0.01113644859
-8.252679862e-05
1.393589985e-05
-0.0002476276824
0.02803910288
-0.0001145776181
0.01949250024
0.01112535366
-4.317674905e-05
3.066730638e-05
0.0007747160613
-0.01040256775
0.0003377104406
-0.007975684312
-0.006046914233
0.001625795817
0.0006901610695
-0.0001354593196
-6.056709789e-05
-0.0001401256601
-0.0002953519758
-8.522858369e-05
-1.395891154e-05
-0.0001880964543
-4.165336144e-05
-0.000371887235
-0.0001510282115
-0.0001264378112
-0.03101743061
0.03094380472
2.880802628e-05
-0.0234079053
0.02325265946
-0.01060665939
0.01063546742
-0.0003208252073
-0.0001057888718
-1.147855155e-05
0.03088848498
9.984799966e-05
0.02314133291
0.01073531542
-0.0002652553026
-1.022358591e-05
-5.971120602e-05
3.965611749e-06
-0.0002054178965
-0.02374160012
0.02360651616
-9.541701932e-05
-0.01626334415
0.01615334327
-0.009184862573
0.009089445553
-9.612436763e-05
-1.478580807e-05
-0.0001727568649
0.02347453759
-7.022813086e-05
0.01605081454
0.009019217423
-0.0001061172092
-2.473494842e-05
-7.803403864e-05
-0.02057588465
-1.395051288e-05
-0.01403937071
-0.008102618186
-0.0001707776175
-6.127724984e-05
-0.0001553208863
-0.0197265164
-7.366870731e-05
-0.01346197379
-0.007861291542
-0.0001163708598
-4.676803694e-05
-0.0001204813855
0.02012888298
-4.370067602e-05
0.01373667983
0.007925925914
-0.0001312252366
-3.147339702e-05
0.003939683569
0.001080642931
)
;

boundaryField
{
    topAndBottom
    {
        type            calculated;
        value           uniform 0;
    }
    inlet
    {
        type            calculated;
        value           nonuniform List<scalar> 
20
(
-0.4583335
-0.458335
-0.45833
-0.458335
-0.458335
-0.458315
-0.45835
-0.45835
-0.91665
-0.91935
-0.91685
-0.9138
-0.4583315
-0.458335
-0.458335
-0.45833
-0.458335
-0.45835
-0.4583
-0.45835
)
;
    }
    outlet
    {
        type            calculated;
        value           nonuniform List<scalar> 0();
    }
    wing
    {
        type            calculated;
        value           nonuniform List<scalar> 
162
(
-6.776263578e-21
0
0
0
0
0
0
0
0
0
0
-1.355252716e-20
-1.355252716e-20
1.355252716e-20
1.355252716e-20
0
0
0
1.355252716e-20
0
1.355252716e-20
0
0
1.355252716e-20
0
0
0
0
-1.355252716e-20
0
0
0
1.355252716e-20
0
1.355252716e-20
0
0
-2.710505431e-20
1.355252716e-20
0
2.710505431e-20
-1.355252716e-20
0
0
1.355252716e-20
0
0
2.710505431e-20
0
0
0
0
0
0
0
0
1.355252716e-20
0
0
0
1.355252716e-20
0
0
1.355252716e-20
0
-1.355252716e-20
-1.355252716e-20
-2.710505431e-20
0
1.355252716e-20
1.355252716e-20
-1.355252716e-20
0
0
1.355252716e-20
0
-1.355252716e-20
-1.355252716e-20
-1.355252716e-20
0
0
-6.776263578e-21
-1.694065895e-21
-8.470329473e-22
0
0
-1.355252716e-20
1.355252716e-20
2.710505431e-20
0
-6.776263578e-21
0
-1.355252716e-20
2.710505431e-20
0
0
0
-1.355252716e-20
-2.710505431e-20
1.355252716e-20
-1.355252716e-20
1.355252716e-20
6.776263578e-21
6.776263578e-21
0
0
0
-1.355252716e-20
6.776263578e-21
1.355252716e-20
0
0
1.355252716e-20
1.355252716e-20
6.776263578e-21
0
1.355252716e-20
0
0
0
-1.355252716e-20
0
0
6.776263578e-21
0
0
-1.355252716e-20
0
-1.355252716e-20
0
0
6.776263578e-21
0
0
0
1.355252716e-20
-1.355252716e-20
0
1.355252716e-20
0
1.355252716e-20
-1.355252716e-20
-6.776263578e-21
1.355252716e-20
6.776263578e-21
6.776263578e-21
0
0
6.776263578e-21
-1.355252716e-20
0
0
0
0
1.355252716e-20
-1.355252716e-20
5.421010862e-20
-1.355252716e-20
1.355252716e-20
0
0
0
)
;
    }
    front
    {
        type            empty;
        value           nonuniform List<scalar> 0();
    }
    back
    {
        type            empty;
        value           nonuniform List<scalar> 0();
    }
    procBoundary2to0
    {
        type            processor;
        value           nonuniform List<scalar> 
58
(
-0.002274613867
-0.02988313433
-0.02376830605
-0.000413137879
-0.005022925246
0.0004647443755
0.0100969098
-0.001200414832
-0.001321922379
-0.002882787275
-0.01028419457
-0.2290773413
-0.004577215229
-0.02344758874
-0.01318057894
-0.03592736576
-0.02696027863
-0.04145517642
-0.03805632072
-0.02801807028
-0.0418430429
-0.04080856626
-0.01808203358
-0.02166404913
-0.01035927239
0.01877862708
-0.006991469975
-0.009405580409
-0.003046367561
-0.00619124664
-0.03220755027
-0.007835457181
-0.005921996564
-0.01988825259
-0.01642115525
-0.03331480166
-0.03029149814
-0.04077776588
-0.03966816265
-0.04715373951
0.106144188
-0.04334212643
-0.03628104647
-0.04841489298
-0.01847569523
-0.01921376229
-0.01026879204
-0.008748428683
-0.009380426191
-0.02647079483
0.007462977325
-0.0007218752207
0.009516577749
-0.0002321673748
-9.073481317e-05
-0.0005622458655
0.01094977407
-0.000575217187
)
;
    }
    procBoundary2to3
    {
        type            processor;
        value           nonuniform List<scalar> 
51
(
0.4669081586
0.4631378081
0.9145024719
0.007060541453
0.9090676861
0.9069134305
0.9058384432
0.02963372507
-0.01105836169
0.06346180837
0.03066556816
0.06260979437
0.1281162266
0.1283020785
0.02765227905
0.03121160802
0.0234000959
0.1283446013
0.2561120069
0.06284151703
0.03103673861
0.06220351545
0.006739694008
0.2651679452
0.2579338089
0.12851722
0.03113880711
0.2731400617
0.2794758027
0.2912806733
0.2914603614
0.2817095264
0.2753949157
0.4692473389
0.4647355518
0.4618161185
0.06328817324
0.1286615899
0.2890210151
0.2848179207
0.2870896835
0.2902553082
0.2569477022
0.2677317071
0.06307949309
0.2498908242
0.2405349235
0.1281213903
0.01656237084
0.01118492474
0.006342538928
)
;
    }
}


// ************************************************************************* //
