/*--------------------------------*- C++ -*----------------------------------*\
| =========                 |                                                 |
| \\      /  F ield         | OpenFOAM: The Open Source CFD Toolbox           |
|  \\    /   O peration     | Version:  v2012                                 |
|   \\  /    A nd           | Website:  www.openfoam.com                      |
|    \\/     M anipulation  |                                                 |
\*---------------------------------------------------------------------------*/
FoamFile
{
    version     2.0;
    format      ascii;
    class       volScalarField;
    location    "1.18";
    object      nut;
}
// * * * * * * * * * * * * * * * * * * * * * * * * * * * * * * * * * * * * * //

dimensions      [0 2 -1 0 0 0 0];


internalField   nonuniform List<scalar> 
3259
(
1.103102658
1.07957113
1.156676741
1.156475482
1.156321257
1.15620272
1.15610269
1.156062894
1.155822451
1.15582592
1.155848972
1.155874981
1.019062154
0.9909040276
1.038808869
1.157714355
1.156841926
1.156145194
1.155599404
1.155329568
1.154980236
1.154974799
1.155032226
1.155110355
0.7838593713
0.7739874613
0.8260016553
0.9467576612
1.152751649
1.15661787
1.155407299
1.154772795
1.154211924
1.154153628
1.154218033
1.154340316
0.5255968124
0.5309045306
0.5865020162
0.6894241865
0.8587718922
1.132760622
1.155814974
1.154543041
1.153578854
1.153399265
1.153435097
1.153585273
0.3108808505
0.3278523278
0.3902121419
0.4869850307
0.6316013896
0.8645866307
1.157192448
1.154774274
1.153166848
1.152710957
1.15266352
1.152816666
0.1571281679
0.1826933759
0.2518429026
0.3472203059
0.4766600293
0.6741031265
0.9975308008
1.155577213
1.152956755
1.152099271
1.15190761
1.152033577
0.05757888702
0.09095259595
0.1664500815
0.2593870817
0.3777058076
0.5469843727
0.8452203306
1.156973199
1.152971015
1.151560289
1.151145741
1.151210894
0.05204643281
0.1268466287
0.2134143755
0.3218926093
0.4736526946
0.7425231936
1.110780584
1.153245035
1.151135827
1.150409351
1.150379115
0.06344983138
0.1241732689
0.2010062895
0.2991722124
0.4376365392
0.6868487639
1.024344422
1.153759971
1.150848184
1.149746508
1.1495923
0.08914135397
0.1411322832
0.2103514654
0.3041889452
0.4352245174
0.663919402
0.9707090963
1.15453656
1.150787126
1.149254396
1.148950138
0.1215203066
0.1706760016
0.2370328297
0.3245080741
0.4470116852
0.6679854109
0.9445377147
1.155508117
1.150965947
1.149003127
1.14853857
0.1589013388
0.2122972108
0.2799986617
0.3663365252
0.4854824942
0.696771233
0.9481865149
1.156703956
1.151434376
1.149050572
1.148422059
0.05658757305
0.04495116709
0.08177518784
0.0595658873
0.1149018566
0.08568613044
0.1457162967
0.1197876074
0.1496780986
0.0578494951
0.04642275405
0.08638108148
0.02883362983
0.01935887822
0.06091349167
0.1054441142
0.1076558342
0.03029229803
0.04493437219
0.08571715171
0.1211718974
0.1078699241
0.05271516314
0.03761277513
0.1173670747
0.1492472939
0.1272391028
0.09768360273
0.07179959729
0.01743033426
0.1368207474
0.1317317125
0.04613551081
0.03006817952
0.04845546322
0.03191637869
0.0479764088
0.03724060683
0.03012648639
0.07114702423
0.04450865619
0.05037604586
0.04929677829
0.0447385488
0.0696364947
0.06837151054
0.05400735049
0.1023547542
0.07395536957
0.09479578255
0.05087106665
0.07124132534
0.09798464303
0.1278248545
0.1017233748
0.01304015142
0.012057796
0.1387369685
0.01974003621
0.0175422546
0.008383934253
0.009333003404
0.15189881
0.1861796106
0.1576585357
0.01108685115
0.05686328019
0.04933384232
0.02218991725
0.03022635172
0.04689471854
0.04780445069
0.03441423797
0.1343578413
0.1248500203
0.1333926132
0.09813942318
0.1214230962
0.1311744461
0.02290802028
0.01954406056
0.03009979031
0.0217758214
0.01597536406
0.02299325859
0.02026023995
0.009980156159
0.01659545525
0.02176500189
0.03861884911
0.03926053751
0.04521799813
0.04415548261
0.01767696033
0.009960517769
0.08610726679
0.01488544698
0.02703545914
0.009359923281
0.01281008793
0.08230413058
0.07243854203
0.0608686468
0.01082806869
0.03939496858
0.03861990802
0.03567607184
0.0353987823
0.04790562695
0.06869257504
0.06403149512
0.07515132957
0.07035043851
0.04818513331
0.05344115936
0.05622768827
0.05106415622
0.06237268619
0.05766597188
0.05245193388
0.06460351718
0.009203941371
0.06332469522
0.02875409897
0.04223489638
0.1133060955
0.03210176722
0.01900762887
0.007343908322
0.07654206324
0.003535439963
0.0184029407
0.01404867885
0.005854866758
0.01262064826
0.01070615807
0.009491422063
0.008573818893
0.01264771306
0.008914484606
0.03273238678
0.01392405299
0.01304010152
0.04203397413
0.04907054664
0.01420458881
0.01950566876
0.009418240082
0.009495210989
0.03932805137
0.04594131818
0.01582045921
0.01403903751
0.03780460199
0.04287527649
0.03856565364
0.04942570334
0.04441009077
0.03936350914
0.03644135634
0.009675496661
0.009461458333
0.03146076633
0.02069962156
0.02259187112
0.05765640518
0.08229753159
0.1025055377
0.09480834892
0.0570971718
0.08277709647
0.07706908866
0.0920107814
0.08501869965
0.0582303838
0.1172506777
0.04450233058
0.06067997873
0.01123515959
0.01211032929
0.006296261221
0.01172974226
0.009355288254
0.009184723193
0.02694385308
0.020660795
0.00719204552
0.011113929
0.007208122408
0.01167716637
0.01055800362
0.01303870002
0.04026228986
0.01028602542
0.01014122188
0.01570202654
0.02179512818
0.01824091834
0.02873015534
0.02307756406
0.01782747236
0.01597762219
0.01244276052
0.01196320303
0.009321666876
0.03465124826
0.04134576025
0.01279564979
0.01207220247
0.01333648363
0.01381145937
0.04784452936
0.009075251208
0.009130141941
0.01134418044
0.009226813819
0.009146599545
0.04046484022
0.009225302576
0.01310257105
0.0124817275
0.01138326001
0.01963917156
0.05084183374
0.04593711143
0.01056666852
0.03737585443
0.03191827094
0.0441595378
0.03938418676
0.0109394906
0.01143429513
0.03508103718
0.02934712046
0.02225843917
0.02107948655
0.04450544973
0.01514592234
0.01525666191
0.01195062089
0.02225585975
0.02638237359
0.01587683137
0.02245379851
0.03448473357
0.03065137987
0.02336899535
0.01005130968
0.00978675201
0.03621882843
0.03279923823
0.009799000438
0.01015733844
0.02339867713
0.0198758553
0.03034113654
0.02531862413
0.006669568953
0.01270846306
0.01189256662
0.01856540021
0.01304875334
0.006736424184
0.02663203141
0.009956543761
0.01016259944
0.00991605424
0.02480043949
0.01112464162
0.05344506528
0.1129210811
0.1455022839
0.01067853955
0.0104325444
0.1975179911
0.007061868638
0.1376610367
0.1435185306
0.1609986816
0.004804806883
0.007403124138
0.005460918692
0.004881524227
0.005779564222
0.004521153795
0.05708887136
0.03561686638
0.02246597562
0.02565875078
0.02319580628
0.02722748438
0.0426235646
0.03706877817
0.01230579033
0.06455740514
0.07621611898
0.1351186735
0.02849118178
0.03176643108
0.03299839832
0.01120379207
0.01138627172
0.01141547252
0.01115033334
0.04421147782
0.01551781696
0.009533047433
0.01137568107
0.01087246252
0.01103563301
0.0226075988
0.02804572999
0.05669207617
0.03720987964
0.03398778196
0.02506839436
0.04221884768
0.01475080633
0.0204715735
0.02315855275
0.01467860722
0.01007915914
0.01865241654
0.01968730388
0.01805431086
0.01489296995
0.01839765315
0.01616323611
0.01041619549
0.01098218807
0.006512668712
0.00946079059
0.01045600197
0.05756013149
0.05241913743
0.02134382569
0.009228483415
0.01306555846
0.01197851276
0.01097405485
0.01388969433
0.01243752325
0.009138225865
0.009136131083
0.01158654705
0.01115222587
0.009195851612
0.00902080119
0.006897103521
0.05891235677
0.02350676188
0.02889631807
0.01097657757
0.0108314572
0.01080479849
0.01067760803
0.0109234897
0.01532199877
0.006430474409
0.004140580442
0.007687513578
0.0115263692
0.01042178162
0.01063176782
0.01035903295
0.01052779771
0.01079126609
0.01016517187
0.006719925903
0.00528746945
0.01193329754
0.01228435124
0.01156120757
0.01165416981
0.01352360262
0.02075987429
0.02104859514
0.02034319652
0.02058524346
0.01339625966
0.009349476036
0.01568619854
0.01567042285
0.01619463439
0.01579751213
0.009227156707
0.01500232924
0.0233735241
0.02599881212
0.02133933498
0.02203449903
0.01453635526
0.00964273131
0.01570299099
0.01570842451
0.015640601
0.01568743067
0.00954423755
0.01118119186
0.01137832678
0.01078932995
0.01133244198
0.01119951455
0.00772263626
0.01121471885
0.01107732145
0.007629659906
0.01082411821
0.0110741069
0.01505475165
0.004351765712
0.009135298647
0.007062385046
0.006272542698
0.007201633852
0.009380610025
0.006520614289
0.01079421874
0.01077674824
0.01064418876
0.008329248313
0.01036796697
0.00685229651
0.01032668501
0.01944253323
0.02058967449
0.01959555014
0.02680387687
0.02402867204
0.01870614878
0.01753416656
0.01884152597
0.01143699168
0.01831715508
0.01941443423
0.01319181001
0.01830209817
0.01229831124
0.01254886803
0.01993344456
0.02015520928
0.01947509994
0.01978587856
0.01236973958
0.01349946769
0.02344664582
0.02303383407
0.009124042707
0.009119793522
0.01007626604
0.007595002365
0.008987528483
0.009035753003
0.009055325843
0.008802722533
0.01073752999
0.01940149541
0.01733492119
0.02239924168
0.02124718434
0.01231308688
0.009498500206
0.01008454445
0.0142322116
0.006542374061
0.009722522248
0.009681676757
0.01109755577
0.009496787049
0.009684124608
0.01709648554
0.0151939509
0.009753302751
0.02218636968
0.03184647207
0.03232586834
0.02894092096
0.02993446018
0.02089415828
0.01436005722
0.0154457623
0.0237578979
0.01686764754
0.0160056043
0.01802589348
0.01707282795
0.0241099026
0.01632436879
0.01703682788
0.01342031733
0.01749427865
0.009946377295
0.01578282784
0.01581270144
0.01575295294
0.01578436769
0.009898604121
0.0101928558
0.01469264264
0.01278402561
0.0157383701
0.01547290817
0.01019134061
0.009103957722
0.009276132721
0.009039523486
0.0106923091
0.00976963893
0.01236159013
0.009118841623
0.009099539396
0.009048837959
0.009083250141
0.01226104393
0.01661459837
0.009838089456
0.01093120159
0.009227566929
0.009046145012
0.01436786092
0.01012374076
0.01120776971
0.01093052337
0.01371005628
0.01208943892
0.01012282547
0.009726799213
0.009897677713
0.01047152346
0.01021023532
0.006621548147
0.01125388292
0.8766280912
1.027775154
0.8657888705
0.8280115184
0.9906789183
0.8326928827
0.8678840731
1.026983665
0.8850151437
0.978468324
1.157993975
1.011134876
1.158119241
1.157042406
1.157757039
1.156690013
1.15629561
0.5933343253
0.8109961583
0.5873167639
0.5841918233
0.7687493444
0.5895916923
0.6261121633
0.808484462
0.644245323
0.7186544949
0.9118171781
0.7501272057
0.8753912154
1.097411042
0.9296657294
1.120083257
1.156950603
0.3668013412
0.5311128276
0.3580367647
0.365139729
0.5245882385
0.37312175
0.4139687909
0.5683438446
0.4324789596
0.5026443787
0.6589156337
0.5302711501
0.6393825348
0.8095131066
0.6822110853
0.8421863281
1.049978509
0.1955210279
0.3236397092
0.1921243899
0.2027628375
0.3188277482
0.2135201198
0.2614184689
0.3712965477
0.2806185893
0.3505080806
0.4571761808
0.3768834671
0.4718061501
0.5905089575
0.5093691881
0.6490451646
0.7859780214
0.06915892738
0.1608127875
0.0690879735
0.09645594188
0.1706657451
0.1087743698
0.1629267168
0.2319729648
0.1835377278
0.251854553
0.3210242026
0.2773076898
0.3633000093
0.440118675
0.3972447836
0.5225377091
0.6128688789
0.0281267181
0.0367568668
0.06194738539
0.07021002038
0.09295920989
0.1086152155
0.1325973971
0.1976951372
0.2347182506
0.2215204072
0.3018284938
0.3445046634
0.3326542932
0.4439670538
0.4982678349
0.05290815816
0.0752870612
0.07792659478
0.1225396525
0.1799625314
0.1901612884
0.2014941399
0.2743353766
0.2918106132
0.3023934277
0.4040450608
0.4296156348
0.07288494439
0.08901992598
0.08259465631
0.1355055637
0.1859447938
0.1799615555
0.2046549482
0.2739482522
0.271877312
0.3008122367
0.3988318953
0.3978887498
0.1007846326
0.1155262168
0.1050512934
0.1622320335
0.2108070614
0.1914145265
0.2292048906
0.2923621461
0.2769837203
0.3166991559
0.4049898052
0.4004590183
0.1341075414
0.1505374808
0.1369325523
0.2004559616
0.2490825831
0.218739669
0.2674045152
0.329769185
0.3001845387
0.3541463921
0.4393450586
0.4125630555
0.1671771306
0.1842399093
0.1725726828
0.2616592257
0.3422375791
0.4515548972
0.05349743306
0.04727971878
0.05185196499
0.03770957845
0.0377947092
0.04472676513
0.07832241901
0.07346986289
0.07829580152
0.05345028342
0.05910151905
0.0619651842
0.1108575662
0.1082895226
0.1127280227
0.0805465712
0.08544693754
0.08960431166
0.142615123
0.1389893401
0.1412923231
0.116741593
0.1208821943
0.1239738711
0.1437700506
0.1465320398
0.1526617106
0.003027390002
0.003748182927
0.003669459856
0.03003948641
0.003083252445
0.002769665061
0.04865254076
0.04120380771
0.03841148254
0.06663869018
0.04157836048
0.06266834346
0.0280218911
0.02727306564
0.02821823383
0.01670241149
0.01695913846
0.01966189547
0.07980794788
0.07659166484
0.05425102089
0.1044056471
0.08874038035
0.09068853282
0.09051620802
0.08857330754
0.104995019
0.03065807858
0.01905770083
0.01886261832
0.03157757494
0.03090704896
0.04378114153
0.1009535948
0.09245085322
0.07504841582
0.1158991357
0.1036126257
0.109555011
0.09405143981
0.09841823765
0.1114137479
0.05143563737
0.04004496877
0.04149950307
0.02618690923
0.02635756793
0.03800525975
0.1323346211
0.1199668576
0.1048821494
0.1414066394
0.1307664683
0.1388866631
0.115939731
0.123011683
0.1340275349
0.09386105616
0.06884653778
0.07265545392
0.04362230818
0.04822273484
0.07512687681
0.02647568842
0.02437222168
0.01549169262
0.1356831209
0.08043239054
0.09294443847
0.1094884982
0.1134823996
0.1317698215
0.04748585126
0.0335300731
0.0322812073
0.02935335585
0.03033896685
0.03079798909
0.04157269624
0.0456754009
0.05091688465
0.03373774945
0.03517183403
0.03339401498
0.0465637359
0.04474747018
0.04474352297
0.03695771846
0.02594381353
0.02601512679
0.01879934093
0.0187679787
0.03017160056
0.06650406367
0.07053798502
0.07881133252
0.04523053472
0.06762296777
0.06233560359
0.07650378226
0.07479752063
0.04921814674
0.05326508147
0.05054023203
0.04849718692
0.06134235005
0.05793768909
0.04713071215
0.06244395158
0.05992450599
0.06459657347
0.06522337601
0.03705549105
0.04204424929
0.04280017394
0.04391116424
0.05521206788
0.09799916269
0.104103692
0.1067666261
0.07653945498
0.097913225
0.09531543778
0.1105524101
0.1052423178
0.08546522823
0.05284767803
0.08006286269
0.07826711889
0.0926282453
0.08922935401
0.06270393513
0.09369567385
0.0883521139
0.0942672859
0.1246743698
0.101041355
0.1051610032
0.0762929838
0.08017854652
0.1055726147
0.0974450866
0.02881866045
0.007299606671
0.009226827603
0.008910218669
0.1616182698
0.1581888674
0.1380956792
0.1759132358
0.1654406511
0.1752629123
0.1473761758
0.1559111522
0.1666186775
0.053237093
0.03004751868
0.03586469858
0.04085058613
0.04213901333
0.0514934592
0.02395429979
0.03269054313
0.03251244249
0.03170881639
0.03025349417
0.02846784311
0.04538963162
0.03810069185
0.03991182719
0.04584801289
0.03683137566
0.0385749939
0.02471343977
0.02669071665
0.03615571629
0.1327379527
0.136380827
0.1381596136
0.1302635719
0.1308487865
0.1319861968
0.1382556443
0.1348167759
0.1342546723
0.1080979669
0.1191839963
0.1144305519
0.1278731851
0.1215335956
0.1115742273
0.1276477993
0.1249166776
0.1285845838
0.01226998118
0.02032044052
0.01734317273
0.01668917081
0.02726256658
0.01693552844
0.02588913452
0.01190526605
0.01493763184
0.02426193489
0.01980706742
0.02228415393
0.02454399939
0.01112969698
0.0153564206
0.01375364732
0.01639214283
0.01492100612
0.01540043453
0.02035428721
0.01812463732
0.01916340069
0.02799493831
0.02691710234
0.03765082695
0.03999183778
0.02881249661
0.02820639318
0.03420973555
0.03488634091
0.04601286264
0.04307835474
0.03209556418
0.03333115777
0.06183583111
0.06534169395
0.08987099141
0.01685127897
0.02606488033
0.02409743793
0.03728177951
0.03565862695
0.0253466875
0.02208755196
0.02050836026
0.011703298
0.07888339899
0.05006758189
0.05278931343
0.06850018899
0.05050022527
0.05419509088
0.03813488634
0.0422390694
0.06450869003
0.03929374864
0.04112423966
0.04116208918
0.03776934198
0.03678057104
0.03771461023
0.02564474159
0.02567823263
0.03585093011
0.03492931821
0.02505091042
0.02547998984
0.06940645883
0.06763426721
0.04606453492
0.06729611822
0.06666103778
0.06845269422
0.06267998123
0.06348972187
0.06564050698
0.07355891305
0.07328435037
0.07497072105
0.06999649451
0.07162243487
0.0719399706
0.04890792513
0.07310035481
0.07135363006
0.05482049603
0.05262816927
0.05457287637
0.05451671818
0.05300716851
0.05480291377
0.04941536285
0.05120572926
0.05280251852
0.06090379871
0.06073041778
0.06154658716
0.05641801013
0.05877469741
0.05926335376
0.04855598243
0.05841930232
0.05703524172
0.03063768843
0.03515681848
0.07200058672
0.06170369996
0.05010860839
0.05136470304
0.03461910628
0.0584896076
0.05877987452
0.06571782425
0.06215772853
0.03659626278
0.1095839538
0.08424039895
0.08832806226
0.03021513664
0.02044190303
0.02252792468
0.01121615113
0.01224773352
0.0207252485
0.05816198224
0.01660227009
0.01110635285
0.01162603015
0.011003795
0.008417352139
0.005751275924
0.009426395325
0.01304670811
0.00715664256
0.008610587552
0.008848207828
0.007557196138
0.007243396075
0.01088045254
0.007760858225
0.01070168713
0.005624210432
0.006704223839
0.009612923021
0.02081146357
0.01957804644
0.03140120117
0.04294902383
0.03047545204
0.02992428001
0.03727756627
0.03857596747
0.05015316651
0.01548202503
0.02645415251
0.0251015538
0.03013700989
0.02829765226
0.01764972203
0.03858026859
0.02673451434
0.02737423728
0.03803355854
0.0353254118
0.04690127161
0.03968713377
0.03711684699
0.03556702524
0.04138488156
0.03879843572
0.04047618408
0.03551737138
0.03711134606
0.04001857509
0.04776515391
0.04590599549
0.04767017865
0.04213892249
0.04404037787
0.04613262381
0.04335136436
0.04296001166
0.04131618622
0.02579087943
0.02584666032
0.03667294042
0.03051943127
0.01909862518
0.02009248969
0.02140825912
0.03269911537
0.03161625765
0.03466215575
0.03371469708
0.02199813773
0.05641185857
0.0450071604
0.04605558393
0.1028738763
0.1004448604
0.07942795317
0.10013189
0.09902950881
0.1016644844
0.09369037773
0.09635734211
0.09727336364
0.0834521114
0.08179159012
0.05388045254
0.08090004682
0.0803519
0.08220433907
0.07673642864
0.07853894002
0.07886900691
0.08967076951
0.08860362119
0.09109907153
0.08418089635
0.08638091419
0.08713963806
0.06096862211
0.08718599686
0.08524640037
0.09254041529
0.09671882624
0.1207352472
0.04841581052
0.07333406071
0.06963437295
0.08143452438
0.0773076259
0.05705039185
0.01028138938
0.01017508529
0.01280042945
0.02505809742
0.01609349284
0.01788841346
0.0128938306
0.01437993524
0.02285183406
0.007280348599
0.01086842478
0.0174631025
0.01571090468
0.02153569902
0.01938451184
0.01163513754
0.03860987846
0.02870275499
0.03077016616
0.02033750758
0.02041475946
0.02281230832
0.01727537644
0.01890532673
0.01930847198
0.02396331367
0.02407033628
0.02485289641
0.0169362938
0.01529718766
0.01637894455
0.01450681155
0.01473935225
0.01624671559
0.01385397485
0.01356420703
0.01294159294
0.03632933364
0.02592662685
0.02332188553
0.02958543397
0.02907564248
0.0405621194
0.02433313422
0.02383541351
0.01356303262
0.04701945411
0.03555788317
0.03631157417
0.02869726766
0.03041582482
0.04171577532
0.0295050455
0.02792312161
0.01837300192
0.04925071376
0.03885019836
0.04058242382
0.03484537218
0.03684535463
0.04754665636
0.0356055713
0.02447411702
0.02631794859
0.02105925813
0.02253378253
0.03354143088
0.04273052359
0.03105273646
0.0328049271
0.02803672347
0.02945293702
0.04078172542
0.01138041672
0.01941160276
0.01839029228
0.0172160767
0.0153315662
0.01095697472
0.033500513
0.02443212477
0.02655106935
0.02016729776
0.02231582154
0.03108563658
0.04287933614
0.04265563993
0.040436638
0.03431798535
0.03590768146
0.03550903
0.02777535351
0.03584136842
0.03478549133
0.03449224078
0.03598716999
0.02454334074
0.036041751
0.02572233902
0.0257410286
0.02213667777
0.02402615132
0.03405942403
0.02191890048
0.01230043755
0.01351234625
0.01142953717
0.01190822634
0.02086816024
0.02893057165
0.01897098024
0.0199503023
0.01572865031
0.01764509901
0.02723104799
0.01727735109
0.01864648643
0.02826438559
0.02277747561
0.01385572961
0.0157506839
0.07988105952
0.08410869017
0.06578391784
0.1206927671
0.1022786607
0.09366525952
0.12607117
0.1124742694
0.1316204341
0.185043475
0.1956025058
0.2098255586
0.1338894519
0.1443312586
0.1410658041
0.1490922316
0.146655275
0.1404503223
0.005517986148
0.003971242338
0.003682897028
0.006576528183
0.005593955802
0.006234496059
0.004438253039
0.004353698443
0.006316661289
0.004140926528
0.003780721268
0.003162455184
0.004981727388
0.003836281656
0.004978623286
0.003586256471
0.003638428616
0.004516917221
0.03055155361
0.037432618
0.04196412162
0.03285971673
0.03317315226
0.02814760898
0.0256240088
0.02630292686
0.02646459367
0.02432598636
0.02575187895
0.02504784637
0.02754612375
0.02633055999
0.0258103454
0.04068016269
0.03287628969
0.03472828825
0.02871881887
0.03084261918
0.03881332624
0.01369551177
0.02192458279
0.01954453597
0.0682271278
0.08981800508
0.08560884506
0.0984116086
0.09418496345
0.0722254311
0.02986872567
0.03008950597
0.02875311887
0.03302495008
0.0313938123
0.03152809456
0.03214427791
0.03150335914
0.03281392604
0.03684883728
0.02434579591
0.03325660378
0.03171898506
0.03701010659
0.0355453639
0.02610623454
0.05273375352
0.04501625812
0.04469706422
0.03589999015
0.03268088446
0.03402404247
0.02632665605
0.02880641142
0.02771629838
0.03284821502
0.03476019092
0.04408357445
0.01644382022
0.02562987999
0.02374108907
0.02953440195
0.02771710653
0.01840508371
0.02014314251
0.01835617645
0.02166704984
0.01308194996
0.01568797633
0.01727280144
0.01383974731
0.0146405683
0.01167695783
0.05560770203
0.04637598124
0.04758602505
0.04258323329
0.04420280632
0.05413050687
0.02328821639
0.03333088032
0.03151247319
0.04730552371
0.04854220106
0.06034608191
0.02492229132
0.03737599718
0.03593309806
0.0407959808
0.03924430551
0.02694833998
0.009389531946
0.008301940316
0.009802751912
0.005964003815
0.00697937666
0.007799365236
0.006208137697
0.006413363944
0.005215500597
1.062252201
1.041501312
1.078365236
1.042103938
1.06679321
1.106919631
1.117263976
1.157373516
1.156570314
1.157100944
1.156772956
1.15640148
1.156510772
1.156288739
1.156250732
1.156089797
1.155951481
1.156142739
1.155835157
1.155742562
1.156077737
0.9735076257
0.9572525362
0.9956253479
0.9384421755
0.950550405
0.9945407841
0.9903675969
1.037121103
1.083513019
1.129816912
1.157917127
1.157488735
1.157074145
1.156805392
1.156640841
1.156419961
1.155792994
1.155791744
1.155452627
1.155204067
1.155443917
1.155021839
1.154924074
1.15526004
0.7144622119
0.7091727079
0.7692701232
0.711498088
0.7201463077
0.7818194167
0.7654286745
0.7888743599
0.8508454991
0.8801376475
0.921634798
0.9917069916
1.07861258
1.142510136
1.157773722
1.157605093
1.156223278
1.155906838
1.155520299
1.154997367
1.155045069
1.154614208
1.154379701
1.154589384
0.46652008
0.4640076746
0.5210750039
0.474862414
0.4848618365
0.5404025207
0.5317225854
0.5526830516
0.6077069198
0.6322811096
0.6659693465
0.7244198487
0.7948428073
0.8496593904
0.9150115637
0.9071547286
1.1493814
1.156815028
1.156351529
1.155336092
1.15508877
1.154600651
1.154090294
1.154172322
0.2701844326
0.2669722617
0.3112008248
0.2862486904
0.2986865182
0.3395834171
0.3494632825
0.3703319752
0.4114264467
0.448276124
0.4771098824
0.5192386011
0.5863809841
0.6309110546
0.6775104081
0.701974638
0.9163813055
1.028322303
1.08875391
1.15640939
1.155782615
1.155098762
1.154154565
1.154048344
0.126841787
0.1275414649
0.1577832199
0.1549044572
0.170097681
0.1975699166
0.2263963319
0.2479369922
0.27381359
0.3210069004
0.3490384202
0.3755888502
0.4471981868
0.4873546358
0.5170223323
0.564856475
0.7475193237
0.8226324436
0.9170471476
1.093128318
1.157272168
1.156175629
1.154654342
1.154288902
0.04657546408
0.04690735338
0.05767299405
0.1521830384
0.1738663082
0.1881010255
0.2441850016
0.2703336733
0.2853119121
0.3602591143
0.3954853904
0.4138290727
0.4843631616
0.6431266959
0.6901620893
0.7862049748
0.959833263
1.017540562
1.157757148
1.155596876
1.155005275
0.05193310765
0.05965802866
0.06003900486
0.1235728569
0.1429146935
0.1469472325
0.2074740639
0.2313983567
0.2379420158
0.313131424
0.3449332923
0.3545875606
0.4430629571
0.57731394
0.6044835702
0.7102976843
0.8735842712
0.9119104946
1.063521165
1.156843628
1.156118851
0.06676527322
0.07189803998
0.06919138754
0.1269597808
0.1437981359
0.1414862253
0.2018818055
0.2232096756
0.2231622149
0.2980659382
0.3277231549
0.3290129167
0.4360779293
0.5504584874
0.5592430807
0.6716152735
0.8204708526
0.8429550871
0.9934229409
1.158318548
1.157487143
0.09284095916
0.09671334015
0.09318445085
0.1474765988
0.1629620182
0.1567483706
0.2166243277
0.2368579267
0.2304041756
0.3073877179
0.3349179853
0.3332367632
0.4388119895
0.5502314393
0.5479133849
0.6627098101
0.7966523496
0.8054175134
0.9505773464
1.125370406
1.14208959
0.1257642307
0.1301845923
0.1259163271
0.1798290117
0.1951087892
0.1858866992
0.2462718585
0.2657286421
0.2565671923
0.3331083732
0.3597618482
0.3512380035
0.4695981617
0.5745634663
0.5595575246
0.6794196366
0.7992302888
0.7953266551
0.934013984
1.091198047
1.09016324
0.1587975221
0.1667377905
0.1612329006
0.22510576
0.2411266832
0.2278672819
0.2938194924
0.3135452105
0.2995348561
0.3802916793
0.4061936088
0.3922406253
0.5943693911
0.8108762332
1.067821749
0.04788370391
0.06693591706
0.06477189989
0.05838425787
0.08990089997
0.08687198388
0.0820834213
0.1213665949
0.1172141824
0.1133078017
0.1363488638
0.1326854763
0.1322520002
0.04641605532
0.04560995578
0.04684426313
0.04444056645
0.06035893515
0.06047387764
0.06392303668
0.06344366418
0.04995320134
0.05069519804
0.04889551231
0.04794593106
0.06083215493
0.06131116138
0.04522123737
0.1109127991
0.1089973147
0.09157011436
0.05140354322
0.06499924914
0.06440413968
0.1363603701
0.1574493631
0.1533358271
0.1513246787
0.02245531704
0.02570977137
0.02575042068
0.1274038268
0.1276440095
0.126189825
0.1376071884
0.1361466777
0.135956018
0.1014231532
0.1149134387
0.1132712966
0.1244644853
0.1236253469
0.1182704475
0.02443236496
0.02088501391
0.01880202083
0.01864975565
0.01864064249
0.02174558855
0.009870732996
0.01138190522
0.01148675833
0.06159726091
0.06145842355
0.04751875346
0.04839849187
0.06192495571
0.06180342583
0.05652846639
0.05564192237
0.05447241117
0.05133038177
0.05919431651
0.05833298886
0.05307283379
0.05403959015
0.06638605992
0.03060407704
0.04111408495
0.03957082922
0.05190309938
0.05002837221
0.04047744459
0.03733218591
0.0361309231
0.03610889341
0.04068866259
0.04042185828
0.03957878189
0.07005512573
0.06906575125
0.05612418649
0.05903304293
0.0719969683
0.07095070609
0.04583958099
0.05552254372
0.05342051871
0.06162277056
0.06312529963
0.05573256626
0.1354265468
0.1410709893
0.1390520993
0.157038682
0.1503211714
0.1546427045
0.04878192824
0.04447930182
0.05252266163
0.02596625701
0.02644354726
0.02334675752
0.1331247125
0.1176313667
0.1214882142
0.03070112451
0.03158741061
0.0351520113
0.01168647446
0.01199217259
0.01090522413
0.9221688446
0.9733628179
0.8381241329
0.9109528475
0.9305709405
0.8830511467
0.8987727459
0.8274604282
0.9932899331
0.9588713075
0.9385883642
0.8414140975
0.8974819022
0.8838053033
0.9274811587
0.903014714
0.8487577125
1.000043608
0.9543486137
0.9839077143
0.9138660962
0.9786830526
0.9412885931
1.047318828
0.9957777881
0.9393823649
1.101030596
1.048950862
1.114893059
1.064019593
1.139156716
1.072299085
1.157694819
1.15804867
1.107866549
1.157262952
1.157628199
1.157310888
1.157340599
1.157040616
1.157359465
1.156496695
1.156769206
1.15700821
1.15646781
1.156592744
1.156364364
0.6576274736
0.7297482554
0.5808498831
0.6443851785
0.650779049
0.6445132827
0.6419768263
0.5801824225
0.7677374213
0.7054044116
0.7056553113
0.5985246949
0.6586828875
0.6498678552
0.6861735667
0.6702842377
0.6105120315
0.7912722444
0.7310754306
0.7475090747
0.6659437392
0.7267640702
0.7042824376
0.7811859149
0.7516599128
0.6903289549
0.8773609749
0.814368546
0.8456696424
0.7867081122
0.8528438826
0.8138540326
0.9457967784
0.8958230576
0.8279999259
1.038172681
0.9662758254
1.020906516
0.9907696347
1.065930478
1.001519858
1.157718255
1.130574124
1.05426016
1.157324608
1.157763542
1.157279865
0.4149343968
0.4713997031
0.3584516283
0.4096052913
0.4109659519
0.4146993578
0.4107950477
0.3606037874
0.5206144161
0.4641349311
0.4679301019
0.3840287385
0.4327635273
0.4222333566
0.4619906987
0.4460331068
0.3977288528
0.5527980023
0.4977340938
0.5134595922
0.4533435565
0.5013187309
0.4804144882
0.5508578349
0.5247231512
0.4767512707
0.6316257308
0.5762384497
0.6027527644
0.5620965849
0.6141254748
0.5814921267
0.6894019133
0.6482344799
0.5982192991
0.7638285284
0.7046049745
0.7464119038
0.7297107935
0.7875848388
0.737540155
0.9085078754
0.8430523856
0.7833921651
0.977736857
0.9078971079
0.9760692804
0.2364368148
0.2802775956
0.1911602559
0.2266412301
0.2305328623
0.2377489216
0.2305896707
0.1950459909
0.3132820166
0.2700725301
0.2766600768
0.2271410999
0.2612352957
0.2482419288
0.2941091135
0.2766490498
0.2434160628
0.3542525181
0.3133512859
0.3302979863
0.3020650384
0.3339059095
0.3132236595
0.3829496891
0.3568897479
0.3256883908
0.4337956704
0.3926552605
0.4184923189
0.4055214496
0.4390303689
0.4107703112
0.507302742
0.4712315954
0.4372364842
0.5512760215
0.5090743216
0.5467190782
0.5513899994
0.5889744817
0.5458584804
0.6892182298
0.6367771375
0.5981343014
0.7292235902
0.6807275675
0.7339528639
0.1036370912
0.1288707457
0.0740199966
0.1008119711
0.09844571457
0.1164310647
0.1075924338
0.08504332869
0.1622962846
0.1324962938
0.1423464995
0.1241938373
0.1461681174
0.1296044783
0.1829852166
0.1637466625
0.1431887798
0.2141016025
0.1871504838
0.2058680108
0.2050520279
0.2247786617
0.2035868576
0.2720970094
0.2475010842
0.2279016942
0.2965128405
0.2703321638
0.2948262059
0.3043760248
0.3246651767
0.2979367176
0.3868333028
0.3544883295
0.3330212499
0.406569019
0.379097141
0.411120886
0.4349899358
0.4586574625
0.4212387658
0.549720216
0.5008958766
0.476174621
0.562238361
0.5307065824
0.5789431933
0.02986437155
0.03784346321
0.0372847342
0.0437330833
0.03967093273
0.03265976088
0.05905967801
0.04869167102
0.05280003915
0.1533534481
0.1622227751
0.1409003363
0.207491597
0.18440885
0.1750745241
0.2108139568
0.1961873971
0.2194273006
0.2466259367
0.2573822776
0.2318239581
0.3138525175
0.2847004673
0.2733104902
0.3138373945
0.2982536153
0.3279079055
0.3662694455
0.3796119541
0.3454257513
0.4581741542
0.416906921
0.403105096
0.4535103973
0.4341125371
0.4771215078
0.06038984113
0.05964510563
0.05207087241
0.07598610608
0.06779154343
0.06749904387
0.1404634703
0.1408484184
0.1222665486
0.1815244713
0.1605657188
0.1595771465
0.1680393218
0.1632822896
0.1848125748
0.2242500086
0.2270097051
0.2036254764
0.2783921197
0.2518391218
0.2484134096
0.2639756479
0.2567779805
0.2838985658
0.3330723967
0.3382420147
0.3070482754
0.4103483502
0.3727329212
0.3669632614
0.3899517717
0.3800697065
0.4193813792
0.07690262045
0.07436708217
0.07068663636
0.08720323507
0.08035704906
0.08314073571
0.07559829452
0.07792599897
0.08398142443
0.1514548897
0.1470938095
0.1307331479
0.1825653802
0.1644794732
0.1684362315
0.1600438669
0.1618369102
0.181230969
0.225982167
0.2239857296
0.2021431411
0.2722292909
0.2475823491
0.2492956313
0.2466497993
0.2459793539
0.2709832806
0.3301212953
0.3281153572
0.2987463608
0.3944678894
0.3601665933
0.3626276498
0.3618986823
0.3600544032
0.3948260376
0.1044386828
0.1005782751
0.09675180624
0.1121128844
0.1064167829
0.109651154
0.09874167576
0.1021909328
0.1079673518
0.177548296
0.169960921
0.1545281979
0.2037495491
0.1862236923
0.1935418303
0.1735558834
0.1795525975
0.1973840047
0.248845909
0.2425174815
0.2225753635
0.2864654354
0.2637636191
0.2699371324
0.2522713183
0.2583854199
0.2819485011
0.3434645238
0.3376531866
0.3109021448
0.399347367
0.3670615886
0.3729090462
0.3651130059
0.3649364316
0.3974083908
0.1388647047
0.134789981
0.1298537468
0.2158755872
0.2049875257
0.1896829702
0.2381067391
0.2209326947
0.2320021363
0.2016898368
0.2109959275
0.2281234755
0.2869176969
0.2760159542
0.2563844987
0.3190724603
0.2966685382
0.3074900297
0.2775842349
0.2863453173
0.3089698943
0.3802829918
0.3694156756
0.3431711144
0.4293128864
0.3981602979
0.4089812352
0.3805345112
0.3887457688
0.4198869329
0.2443289337
0.2579584046
0.275362997
0.3199459824
0.3340387805
0.3563389452
0.4205537522
0.4341953654
0.4643470957
0.04874738599
0.0506560672
0.04962346402
0.05380379444
0.05271888377
0.05031069696
0.07533950809
0.07681387778
0.07573215
0.08029724491
0.07892996422
0.07709580538
0.0551909889
0.05709247029
0.05589261657
0.06083205497
0.05906169999
0.05693554187
0.1090723812
0.1108226569
0.1085680542
0.08177875505
0.0840448
0.08277906497
0.08778564086
0.08631520253
0.08425159628
0.03797164498
0.05727311311
0.06334501308
0.07098349632
0.04794916839
0.05530586765
0.04903630162
0.06846419962
0.06097760311
0.05435958491
0.07893352694
0.07165298064
0.07342040788
0.06891279511
0.06979502589
0.07675109047
0.05621637817
0.06304248517
0.06142791079
0.09831897738
0.09200885664
0.094953953
0.08601278856
0.08894330663
0.09459725409
0.07718624554
0.08339763756
0.08000572338
0.1282935145
0.1232763982
0.1261274615
0.1145711038
0.1177351912
0.1237291657
0.1090843141
0.112767494
0.1086488966
0.04508684736
0.05520024873
0.05373183015
0.05830269595
0.05666145484
0.04684014968
0.1253734169
0.1289642072
0.1345478544
0.08448412467
0.1069846796
0.1028491037
0.1152586057
0.1114440565
0.0888857764
0.04274532906
0.0448593501
0.04399442121
0.04764749982
0.04671313372
0.04435921729
0.04592077335
0.04439556645
0.04365476402
0.06802727154
0.07240629261
0.07084443085
0.07284524612
0.07360669154
0.0693048368
0.06062369753
0.06036404831
0.04467492026
0.06561901872
0.06807792458
0.06974798686
0.06579651762
0.06655136538
0.06308221269
0.04956277919
0.06306167154
0.06269806987
0.05136811273
0.05047008462
0.05199773796
0.06062052092
0.06416525164
0.0649374329
0.05969715919
0.06212578247
0.05862889115
0.0459723692
0.06205222995
0.06300312061
0.06072375733
0.06594568958
0.06415624966
0.06897761171
0.06707508434
0.06244236715
0.03886605065
0.04943512957
0.04806451348
0.05228150473
0.05094379579
0.0405682672
0.09915994582
0.1011778713
0.09922358722
0.1059551666
0.1039290662
0.1031531832
0.1096547897
0.108420591
0.1104768134
0.1041252032
0.1064540727
0.1073559753
0.08837611755
0.107090355
0.1051320364
0.06637531606
0.06561568581
0.05207740765
0.06152999863
0.07902169986
0.07486617271
0.08963197937
0.0919436821
0.09023568088
0.09645959581
0.09459630609
0.09298192066
0.1197285587
0.1426185815
0.1474922045
0.1432280082
0.03205793562
0.04081244411
0.03899011048
0.04462783648
0.04262399425
0.03406547432
0.02678406887
0.02611575359
0.02310675366
0.0325879251
0.02955797156
0.02989525778
0.02960895521
0.02867774666
0.03211825963
0.03812864315
0.03980747959
0.04000691205
0.04233054452
0.04157208901
0.03923460408
0.1302505487
0.1300057063
0.1313682715
0.1288984324
0.125328711
0.1318343973
0.1316961117
0.1339454959
0.1321007437
0.1183737487
0.1169627212
0.1048384073
0.1173928259
0.1187751102
0.117977085
0.1152997178
0.114935595
0.1155825516
0.125592266
0.1261664945
0.1251695921
0.1223992918
0.1215914242
0.1234787027
0.1148040114
0.1217291725
0.1204717468
0.02248472648
0.0270696278
0.01587741461
0.01888325746
0.01558694676
0.01721132285
0.01383527804
0.02313514434
0.02632694603
0.02835703261
0.01950244952
0.0221693363
0.01969059057
0.0276304233
0.02610334331
0.0224662472
0.01227750039
0.01539084768
0.01515908131
0.01770666672
0.01620934377
0.01326070005
0.02290953971
0.01933617627
0.02069632011
0.02035492164
0.02158699646
0.02089462191
0.02331339863
0.0227075961
0.02128215365
0.01216657241
0.01169278775
0.01031954738
0.01510557024
0.01423754054
0.01401018767
0.01967696285
0.01941965987
0.01870145549
0.05109894308
0.06157340978
0.05968262576
0.06706940692
0.06275351455
0.05346890457
0.03947956338
0.04845829639
0.04620976444
0.05358443404
0.04972936193
0.04240075948
0.0468683428
0.06115088523
0.0608766297
0.06239346527
0.06216070493
0.04864911755
0.05551510366
0.05393789103
0.05300597967
0.06133865235
0.06051624071
0.05001302774
0.03200659082
0.04367765711
0.04253836765
0.04650238729
0.04534588178
0.03351921556
0.06749553194
0.05626294283
0.05539511193
0.0447967919
0.04304679897
0.03262872949
0.05027099525
0.04981364487
0.0628592469
0.0384165605
0.0483643014
0.04660812935
0.007169898871
0.008630163424
0.009348270947
0.007080339724
0.007712586245
0.006593323991
0.01083594814
0.007402605734
0.008055797899
0.009150019935
0.00974610072
0.009097152952
0.00555514602
0.00665191344
0.006689004363
0.007739336233
0.007236878222
0.005930449031
0.04237651593
0.04159912954
0.04196645895
0.05491945349
0.06812367436
0.06721038588
0.07405670265
0.07284454182
0.06025189671
0.06082479981
0.05680040816
0.04875208002
0.05974833922
0.0679022695
0.07323623243
0.1416806037
0.1431843188
0.1396165676
0.02508869094
0.02837369456
0.03016501135
1.155677579
1.155647894
1.15605433
1.156188764
1.1560318
1.156029716
1.156871475
1.156490737
1.156290764
1.043040796
1.08885834
1.157562244
0.7936178842
0.8528991248
0.9536988099
0.6259928476
0.6759251227
0.7389775997
0.5162745211
0.5662778586
0.6036956333
0.4599039109
0.5021623321
0.522582034
0.4332981001
0.4723833029
0.4799355179
0.4311791653
0.4701957104
0.4694792726
0.4517549187
0.4909576767
0.4792235698
0.49337095
0.5352409375
0.5142792159
0.08200461944
0.07002890985
0.07931205223
0.07145363701
0.07310569443
0.07221857512
0.06867149804
0.06843713613
0.07014122204
0.08168430975
0.06839234382
0.0788551227
0.07860915404
0.07948493473
0.08688905731
0.08063969614
0.06941296029
0.06708621546
0.07583785086
0.145767094
0.1414723073
0.1436428827
0.1322368852
0.1347782794
0.1412392561
0.1779459217
0.1714334167
0.1665789222
0.1170780472
0.1162383121
0.1126622804
0.075905848
0.0754602662
0.07814941515
0.06266517616
0.06571519615
0.06500408013
0.1498950989
0.1502510316
0.1599150635
0.08530995744
0.07766395014
0.07104481758
0.03423885795
0.03181638366
0.0295265316
1.156154067
1.156086754
1.156284086
1.157059984
1.156741874
1.157212654
0.9655097588
1.091603873
0.9935719853
0.7569859823
0.8348939647
0.7600676362
0.6138253174
0.6613868643
0.6038240403
0.5292580852
0.5577136995
0.503197289
0.4828173645
0.4972427857
0.451819219
0.4711738035
0.4721076374
0.4321700701
0.4772565098
0.4702880707
0.4342911349
0.5101974645
0.494151823
0.4634097436
0.08219931423
0.0815702964
0.07087567749
0.01025715339
0.003621542172
0.0005608966758
0.01039849642
0.007066950417
0.0005766586375
0.01040110607
0.007062059346
0.0005502717022
0.01034844154
0.003658719038
0.0005546710524
0.003977286166
0.005259220038
0.0004770319264
0.005750614993
0.006082522519
0.000565960012
0.005720930849
0.006187716425
0.0005721501394
0.005656614958
0.006498519594
0.0005853548088
0.007117236476
0.007188107999
0.0006272887511
0.006834825875
0.007282121343
0.0006295037539
0.007165770132
0.007266735285
0.0006276583676
0.007519511082
0.007024636838
0.0006228242305
0.01023260861
0.006963509959
0.0005814642074
0.01028500328
0.007049345674
0.0005790840816
0.01088122141
0.007162984922
0.0005635133838
0.01101355219
0.006912660365
0.0005494772676
0.005951826336
0.005613930319
0.0005508559327
0.006385745964
0.005147730946
0.0005246236929
0.006063139355
0.005449256547
0.0005418149884
0.006550545955
0.005024748265
0.0005194516286
0.005626257046
0.006838852763
0.0006013092985
0.00564653965
0.00654149339
0.0005896363965
0.005693475703
0.006868660468
0.0006042007419
0.006467814208
0.007469290056
0.0006326035667
0.006729111934
0.007395898364
0.0006323138184
0.006395466353
0.00744455687
0.0006311332154
0.007593867843
0.007062917839
0.0006212483362
0.007811553931
0.00725348418
0.000612579199
0.00836532086
0.006803687173
0.0006086750004
0.007946397716
0.007137445755
0.0006136893435
0.008273833539
0.006878172164
0.0006093915467
0.01024085347
0.007175698836
0.0005661433363
0.0109672905
0.006715770682
0.0005472007699
0.009639160806
0.003614768396
0.0005630039984
0.01036532658
0.007061747616
0.0005773746195
0.01105076465
0.006985201074
0.0005498321373
0.009161825128
0.00680384681
0.0005857223621
0.009885775539
0.007116853561
0.0005737077744
0.01053596481
0.007281995341
0.0005755004609
0.005795984322
0.006334205824
0.001930170036
0.01050586243
0.006860160843
0.0005488424672
0.01099673726
0.006760971111
0.0005477919601
0.005819139497
0.005994839466
0.0005609816941
0.005862837179
0.005851222788
0.0005603597169
0.005674590769
0.006298882093
0.0005762656944
0.005626337487
0.006440160153
0.0005822188205
0.007002388543
0.007314664353
0.0006304824659
0.006873442718
0.007374408772
0.0006300859963
0.007307624645
0.007219582897
0.0006260288142
0.007403381472
0.007069532804
0.0006260740552
0.004796840867
0.006234406207
0.0005107462093
0.006254831277
0.004795317346
0.0005399293285
0.00660111957
0.004512057071
0.0005452927209
0.01033520422
0.007093478803
0.0005783208835
0.01095960718
0.007263422767
0.000562896491
0.0103074422
0.007193998896
0.0005626067634
0.01095006693
0.007236930205
0.0005626276797
0.01125692021
0.0005620408029
0.0005156311177
0.0005317463973
0.01104246136
0.006909632167
0.0005494910579
0.006298189952
0.005391396969
0.000533763455
0.006182553689
0.005435513368
0.0005371840627
0.006658325398
0.004929016504
0.000515452529
0.00565273358
0.006728674443
0.0005971201745
0.005625610876
0.006638795056
0.0005948118599
0.00568697083
0.006935095352
0.000608190992
0.00572936583
0.006984049658
0.0006101427248
0.006577022179
0.007372434477
0.0006295995892
0.006605619866
0.007451116711
0.0006314646451
0.006350085853
0.007353902851
0.0006294515643
0.006252337897
0.007362615736
0.0006322783073
0.007778225313
0.007063632579
0.0006148173312
0.00846914298
0.006732062485
0.0006058695331
0.008077314783
0.006919320264
0.0006136178046
0.008168163218
0.006870902018
0.0006125704085
0.01060249227
0.007074435844
0.0005778095858
0.01059276124
0.007224721461
0.0005768493018
0.01055887923
0.007353276441
0.0005749571096
0.01037852026
0.007162621164
0.000559482187
0.01091804987
0.007140251198
0.0005585479201
0.003064677557
0.00317482447
0.001047489419
0.002741902265
0.002344487445
0.000688558255
0.00280377186
0.002210852094
0.0005610991743
0.01101811863
0.006983467803
0.0005518483788
0.00997465116
0.007150937483
0.0005807017006
0.01003960293
0.007277136654
0.0005801108129
0.008491251288
0.00402312027
0.000521093701
0.009442042255
0.006838831154
0.0005835899269
0.00934907488
0.006873665598
0.0005851054804
0.01022528184
0.0102282669
0.0009618846076
0.008151285132
0.008057832422
0.00129116481
0.01101968937
0.007043526474
0.0005574117317
0.01034133403
0.006702570453
0.0005452851718
0.01092474688
0.006697314253
0.0005430597543
0.005914644443
0.007276749586
0.0006249913031
0.005692943761
0.007152545448
0.0006169224982
0.0058076924
0.007171168845
0.0006182054129
0.005896528292
0.007452493242
0.0006269183037
0.006234918824
0.007321640747
0.000630131709
0.006142566774
0.007362148457
0.0006321800295
0.01071912444
0.007112880725
0.0005656727892
0.01243174863
0.01237972636
0.0008451251601
0.01210722213
0.0006274980006
0.0103724505
0.007036407621
0.0005564663338
0.009505991281
0.007015550437
0.0005803280128
0.01165622238
0.0005934335913
0.009632948444
0.00371679324
0.0005439242187
0.009294979662
0.00369490812
0.000536977836
0.007697975195
0.007045554243
0.0006163537377
0.009635919843
0.007005546857
0.000582066865
0.01073214961
0.007166856392
0.0005708454136
0.01085242117
0.007230984359
0.0005648331581
0.01073859363
0.007137191427
0.0005713882845
0.004538907117
0.004866549595
0.002016897426
0.01101259251
0.007278337411
0.0005599299142
0.01106116999
0.007193091641
0.0005569211842
0.01105152717
0.006995812554
0.0005532441536
0.007789545815
0.0040706021
0.0005534396761
0.009907212137
0.007029670218
0.0005787326936
0.0100634769
0.007159499519
0.0005813830423
0.009703546954
0.007016979365
0.000582527109
0.009934636292
0.00360021012
0.0005540491245
0.00878056814
0.003792875377
0.0005266350524
0.00813665141
0.004177897519
0.000514515195
0.007885835751
0.004287451464
0.0005126558943
0.008643922811
0.00680325569
0.0005996916931
0.008506589247
0.006828362598
0.0006021270386
0.009511445208
0.006835578137
0.0005844093707
0.008734061341
0.006710207073
0.0005995725593
0.008838455899
0.006648694151
0.0005975995183
0.003924880516
0.003319293641
0.0004696611847
0.01093564531
0.007179564857
0.000560377284
0.01102972154
0.007309891495
0.0005590077158
0.0110536599
0.007149104828
0.00055819691
0.005883682442
0.007196170268
0.0006216797017
0.005829597084
0.007153776149
0.0006203844917
0.006036500282
0.007393290404
0.000626924304
0.006041966338
0.007420032189
0.0006294464789
0.02057627498
0.01274469157
0.0006718754019
0.01547268919
0.01338066254
0.0007358974126
0.01104262667
0.006998554947
0.0005535105329
0.005239516575
0.005481594444
0.0005304718777
0.009828240382
0.006982762449
0.000580976163
0.009870470056
0.003622339425
0.0005468427768
0.009092962636
0.0037285507
0.0005359804903
0.007348341819
0.004442056378
0.0005109541659
0.007608575131
0.004323777896
0.0005122678526
0.007134454394
0.00460421684
0.0005147430152
0.00692598028
0.004821164581
0.0005139158988
0.009580326687
0.006864571182
0.0005808353073
0.008998310189
0.006742589808
0.0005920247551
0.008928154189
0.006718741794
0.0005947090658
0.009100460882
0.006711910808
0.0005909816512
0.009148821668
0.006703758472
0.0005890206717
0.01065683846
0.007053750495
0.0005731283619
0.01002996028
0.007026605346
0.0005763369611
0.01087088032
0.007247513291
0.0005653747424
0.01087280318
0.00733072954
0.0005651792695
0.01074653705
0.007073251346
0.0005706687752
0.01011537924
0.007056814366
0.0005697597842
0.003157219882
0.002414963702
0.0004969548272
)
;

boundaryField
{
    topAndBottom
    {
        type            calculated;
        value           nonuniform List<scalar> 
12
(
1.155874981
1.155110355
1.154340316
1.153585273
1.152816666
1.152033577
1.151210894
1.150379115
1.1495923
1.148950138
1.14853857
1.148422059
)
;
    }
    inlet
    {
        type            calculated;
        value           nonuniform List<scalar> 
20
(
1.106047131
1.081971386
1.15625
1.15625
1.15625
1.15625
1.15625
1.15625
1.15625
1.15625
1.15625
1.15625
1.08070795
1.110076686
1.15625
1.15625
1.15625
1.15625
1.15625
1.15625
)
;
    }
    outlet
    {
        type            calculated;
        value           nonuniform List<scalar> 0();
    }
    wing
    {
        type            nutkWallFunction;
        blending        stepwise;
        Cmu             0.09;
        kappa           0.41;
        E               9.8;
        value           nonuniform List<scalar> 
162
(
0.0002930879639
0.000237845071
0.000213107982
0.000289914234
0.000289060964
0.0002744847576
0.0002756073254
0.0002778261463
0.0002746335665
0.0002770431914
0.000274294294
0.0002706025455
0.0002407413801
0.0002399258307
0.000225986841
0.000210396553
0.0002706568414
0.0002661095052
0.0002688851308
0.0002652787543
0.000279904713
0.0002781812924
0.0002800006009
0.0002801728894
0.0002784653494
0.0002802408561
0.0002697743769
0.0002668808889
0.0002609197963
0.0002661494207
0.0002620353127
0.0002270749997
0.0002068936905
0.0002951355017
0.0002385126936
0.0002122099197
0.0002486499896
0.0002369450313
0.0002373743705
0.0002188251942
0.0002092212478
0.0002079156328
0.0002736363747
0.0002733256881
0.0002762624749
0.0002775820145
0.0002762232366
0.0002768628819
0.0002732104517
0.0002721095637
0.0002948672745
0.0002980541161
0.0002983780583
0.0002393085733
0.0002255802942
0.0002241469813
0.0002249450053
0.0002039538561
0.0002009918587
0.0002018257233
0.0002112655612
0.0002687324847
0.0002687858481
0.0002648464913
0.0002791795004
0.0002789980659
0.0002804692141
0.0002804911104
0.0002788565441
0.0002789544234
0.0002800309748
0.0002811117526
0.0002673211375
0.0002593909665
0.0002647021656
0.0002634455099
0.0002355546092
0.0002364515708
0.0002370358744
0.000221210583
0.0002203100518
0.0002451625283
0.000258407918
0.0002663784043
0.0002139921954
0.0002435752647
0.0002433446719
0.0002702956394
0.000247081198
0.0002480759676
0.0002120690903
0.0002139921327
0.0002179419913
0.0002054949492
0.0002042427118
0.0002823401191
0.0002820437038
0.0002818807689
0.0002829235588
0.0002812069333
0.0002823167389
0.0002289367748
0.0002118878411
0.0002070619468
0.0002169413137
0.0002446878699
0.0002052872284
0.0002814907777
0.0002774247473
0.0002681464149
0.0002455053004
0.0002324984288
0.0002286733289
0.0002319179758
0.0002278654571
0.0002222630708
0.0002195673577
0.0002149704542
0.0002974025066
0.0002432639263
0.0002428569359
0.000241888229
0.0002870659448
0.0002719774248
0.0002683109178
0.0002671767027
0.0002567528916
0.0002581359224
0.0002464792207
0.0002556031252
0.0002540914077
0.0002808748852
0.0002231681415
0.0002227077759
0.0002189993927
0.0002817482925
0.0002818802898
0.0002823773488
0.0002824344934
0.0002091682921
0.0002097332401
0.0002156842739
0.000297646309
0.0002441382879
0.0002840771881
0.0002754130354
0.0002647003644
0.0002658656948
0.0002655338827
0.0002652019276
0.0002453163808
0.0002517896668
0.0002529418456
0.0002507897699
0.000249671334
0.0002332022847
0.0002343430909
0.0002277982288
0.0002284367532
0.0002309885224
0.0002301072365
0.0002749910038
)
;
    }
    front
    {
        type            empty;
    }
    back
    {
        type            empty;
    }
    procBoundary2to0
    {
        type            processor;
        value           nonuniform List<scalar> 
58
(
1.155304409
0.06188782127
0.01609338862
0.01159038615
0.008732380207
0.01229382975
0.01498644347
0.01040774927
0.018774013
0.01498644347
0.8873547365
1.10944209
1.068247809
0.604420468
0.8290049337
0.3900999984
0.5399903591
0.2033245476
0.3402521691
0.07412235316
0.169571474
0.03388133602
0.02876990199
0.01846491567
0.01121689575
0.01177705937
0.008797520092
0.01032448668
0.009635550306
1.10944209
0.05118832825
0.9484685931
1.01608706
0.6763399664
0.7550167854
0.4332503964
0.481691937
0.241757572
0.2872426872
0.111990274
0.08684782745
0.1378162603
0.04169527185
0.03388133602
0.025173449
0.02157295862
0.01177705937
0.009015828081
0.009663747968
0.08684782745
0.0005012207881
0.02762725107
0.01073338482
0.0105305029
0.01073338482
0.02583393045
0.02583393045
0.02806581318
)
;
    }
    procBoundary2to3
    {
        type            processor;
        value           nonuniform List<scalar> 
51
(
0.7202223697
0.9448998535
1.157985213
1.084432801
1.152129352
1.149380748
1.148614354
0.01411358064
0.1458800287
0.1393561144
0.02179179484
0.08047963234
0.1458800287
0.1658329511
0.01115100111
0.04637282707
0.01163435607
0.1762698921
0.1957469131
0.1014570837
0.03051622587
0.06176292012
0.04637282707
0.2237182327
0.2080539524
0.1520677336
0.03819227606
0.2395233694
0.2561155585
0.3092092931
0.3289080537
0.3956807169
0.421543503
0.6189659352
0.82587378
1.084432801
0.1337454719
0.1586684583
0.2905081354
0.2732463801
0.3718132117
0.3494949925
0.4797685383
0.4492985062
0.1231149856
0.5154101555
0.5413124083
0.1824777652
0.01096900117
0.006773177257
0.0005409035186
)
;
    }
}


// ************************************************************************* //
