/*--------------------------------*- C++ -*----------------------------------*\
| =========                 |                                                 |
| \\      /  F ield         | OpenFOAM: The Open Source CFD Toolbox           |
|  \\    /   O peration     | Version:  v2012                                 |
|   \\  /    A nd           | Website:  www.openfoam.com                      |
|    \\/     M anipulation  |                                                 |
\*---------------------------------------------------------------------------*/
FoamFile
{
    version     2.0;
    format      ascii;
    class       surfaceScalarField;
    location    "2.44";
    object      phi;
}
// * * * * * * * * * * * * * * * * * * * * * * * * * * * * * * * * * * * * * //

dimensions      [0 3 -1 0 0 0 0];
oriented        oriented;


internalField   nonuniform List<scalar> 
6464
(
0.4583291755
0.002326184866
-0.002276861101
0.4584286018
0.002183259298
-0.002054775336
0.4584871358
0.001897639548
-0.001733419848
0.4585044879
0.001563931961
-0.001386912706
0.4584931839
0.001228728846
-0.001077473967
0.4584858019
0.0009066720489
-0.000837451132
0.4584516616
0.0007357895094
-0.0006011280323
0.4584601151
0.0004910129329
-0.001800702296
0.9186135873
0.0002732378672
-0.0004361228427
-0.001127313915
0.9186766116
-2.610302307e-05
0.9157487891
0.913773897
-0.00462471888
-0.2291475331
0.2290796438
0.004692690942
-0.004603154305
-0.2293242269
0.2293891288
0.004538252432
-0.004119546733
-0.2294294952
0.2295874517
0.00396159022
-0.003416113323
-0.2294673157
0.2296686443
0.003214784657
-0.002659201539
-0.2294462526
0.2296417206
0.002463733499
-0.00198536698
-0.2293933787
0.2295563904
0.001822355291
-0.4588592416
-0.002685082247
0.4602657178
0.001278606017
-1.32256279e-06
0.4608933716
-0.00165754123
-0.4592345078
-0.001969117681
0.9180058707
0.0007107434717
0.001866090746
-0.001214831508
0.9179223255
0.0002451509266
0.9142888067
0.9140190479
-0.2289059471
-0.009217228972
0.2288293846
0.009296328748
-0.2294656474
-0.00901746439
0.2297475187
0.008751350089
-0.2300775242
-0.007688849521
0.2304822267
0.00730016041
-0.2305372022
-0.006313432423
0.2309110226
0.005940429732
-0.2304572387
-0.004825096269
0.2308180386
0.004464296418
-0.003203398223
-0.2302809878
0.2309522661
0.002532119954
-0.4628550228
0.0006378943356
0.4616328296
0.0005842989198
-0.4599460003
-0.0007805856614
0.4598798421
0.0008467438132
-0.0003737771145
0.9195446452
-0.0007088862136
-0.0004561111543
0.001273081741
0.9162754666
0.0005851549643
0.9149767335
0.9146042029
-0.228422332
-0.02288155752
0.2281973011
0.02311307216
-0.2313933266
-0.02233359345
0.2321798757
0.02158124308
-0.2333515553
-0.01812563077
0.2348417199
0.01668448669
-0.2333885175
-0.01206648007
0.2349304477
0.01056256808
-0.2344653076
-0.002026738657
0.2385772351
-0.002083615707
-0.003187725294
-0.2318034801
0.231808167
0.003183038438
-0.461551531
-0.00467762457
0.4626666408
0.003562514705
-0.4605367034
-0.002443285578
0.4614384564
0.001541532606
0.002261584886
0.9192360134
-0.001052601073
-0.0009003520059
0.001621548523
0.916915503
0.0007383262655
0.9158599557
0.9153425291
-0.2270879924
-0.03744595708
0.2265146658
0.03802683714
-0.2349584463
-0.03749607375
0.2361174888
0.03637759331
-0.2406692157
-0.03011257972
0.2431328821
0.02771974184
-0.2483499959
-0.01322393305
0.2472959289
0.01435090832
-0.2372414785
-0.01101266819
0.2393421609
0.008953043516
-0.004653627425
-0.2331326717
0.2336424161
0.004143882945
-0.4642072122
-0.005280743339
0.4656546675
0.003833288125
-0.4622644516
-0.002833160952
0.4630995832
0.001998029376
0.002858944249
0.9207424417
-0.002522403347
-0.001842969163
0.001503022953
0.9182714243
0.0006657463131
0.9166972324
0.9160082755
-0.2238992961
-0.04589994692
0.2227664346
0.04703428592
-0.2410241344
-0.04451830113
0.2415037238
0.04406165725
-0.256720464
-0.0331596346
0.2551154373
0.03483468794
-0.2527120356
-0.02897451628
0.2560725549
0.02570870139
-0.2473376553
-0.01610612538
0.2504392253
0.01308090318
-0.004912378143
-0.2365989047
0.2379784158
0.003543448293
-0.4668681417
-0.005209337755
0.4680600036
0.004017475898
-0.4635278628
-0.003161180845
0.4638923143
0.002796729303
0.002093047465
0.9225585351
-0.001839925998
-0.002069214875
0.001063513511
0.9193009582
0.0003955358397
0.91736521
0.9164038113
-0.03300301071
-0.1087237205
0.10816
0.03356673124
-0.02665180569
-0.2515593293
0.05030554807
-0.027033519
0.1270751113
0.1278639946
-0.04227450777
-0.2603490017
0.2635857027
0.03908381062
-0.2666629018
-0.02792380435
0.2691576436
0.02552895036
-0.2593109156
-0.01807936231
0.262508483
0.01497684422
-0.006951542436
-0.2438610141
0.2459640828
0.004885001869
-0.4692116073
-0.004037626997
0.4698020112
0.003447223085
-0.4646922879
-0.002482121476
0.4654670774
0.001707332054
0.0006980047722
0.9236930937
-0.0007861919955
-0.001046371392
0.0001437695729
0.9198551934
-2.940218395e-05
0.9175383818
0.9163744091
-0.03340388841
-0.141235176
0.1441965033
0.03044256107
-0.03693433376
-0.2731839433
0.2764601036
0.0336820107
-0.2788004383
-0.02456541892
0.2818102846
0.02164985246
-0.2716930719
-0.01343503426
0.2743005211
0.01093394124
-0.006430989486
-0.2516499369
0.2535779062
0.004554500755
-0.4707508976
-0.001807865377
0.4714834645
0.001075298554
-0.466052324
-0.0005917975403
0.466508697
0.000135424616
-0.001407301018
0.9239642501
0.0008383758815
0.0002977687474
-0.001145668412
0.9195935608
-0.0006187691492
0.9170114825
0.91575564
-0.01480016011
-0.1573632611
0.1578659484
0.01429747279
-0.02057654798
-0.2831456011
0.2841527163
0.0195824693
-0.2885455148
-0.01570143402
0.2901701466
0.01416492854
-0.2808804573
-0.009008682625
0.2826431678
0.00735302493
-0.002748277273
-0.2578801058
0.2591644094
0.001521848035
-0.4724564776
0.001160525779
0.4732168461
-0.001920894263
-0.4666562685
0.002179950464
0.4666725139
-0.002196195826
-0.003894497725
0.9229496717
0.002687700354
0.002221375767
-0.002690439585
0.9183895027
-0.001379033046
0.915700076
0.9143766069
0.003740161275
-0.1548975586
0.1538441803
-0.002686782955
-0.001991908466
-0.284646611
0.2839321761
0.002719902328
-0.2937548672
-0.002865157841
0.2943161351
0.002390431
-0.2866771582
-0.0002600017592
0.2875523585
-0.0005101565288
0.002280824967
-0.260997327
0.2613632723
-0.002590108825
-0.4730201804
0.005268643786
0.4723839201
-0.004632383539
-0.4663413929
0.004355807891
0.466531654
-0.00454606895
-0.006592541341
0.9206203193
0.00476166607
0.00416022773
-0.004333938239
0.9161308996
-0.002185933643
0.9135520714
0.9121906733
0.01359112636
-0.1447757525
0.1433619092
-0.01217728308
0.01208496448
-0.2809879194
0.2801168217
-0.01119124878
-0.2956625825
0.01136336945
0.2934553742
-0.009069208146
-0.288914993
0.008393996348
0.2887383405
-0.008116265681
0.006971917919
-0.260017747
0.2595022226
-0.006407567506
-0.4714263098
0.00913632968
0.4701884615
-0.007898481428
-0.4666003607
0.006779277286
0.4655737728
-0.005752689399
-0.009067358436
0.9171914157
0.006453578244
0.006042683782
-0.005914460793
0.9129780019
-0.002915223171
0.9105528338
0.9092754501
0.01688661585
-0.1338491211
0.1324916619
-0.01552915668
0.02027805272
-0.2772183946
0.2767721006
-0.01979543465
-0.2926179159
0.01551365331
0.2957740755
-0.01857966816
-0.2872556643
0.01880335701
0.2864841155
-0.01793680801
0.01107193528
-0.2553069473
0.2535146867
-0.009242771953
-0.4687167464
0.01235180339
-0.01065126459
-0.464492291
0.009146004929
-0.007834236033
-0.01127572392
0.006774539831
-0.00729116621
-0.003551528207
0.1606968178
0.01758629207
-0.1598901824
-0.008896128698
-0.009496798832
-0.1424581282
-0.03686552085
0.1459197607
0.1571616091
-0.001854260628
-0.1583044173
0.001688360021
0.001308708811
0.1611244632
-0.007330942289
-0.007896863176
0.1459228364
-0.01287324424
-0.1474183099
0.007254575141
0.007114142589
0.1559404094
0.002667886858
0.002293474107
0.1343089882
-0.0166906044
-0.13565004
0.01803165621
0.01509627046
0.1444176923
0.01846762387
0.1327279802
-0.1051239098
0.1037615869
0.03397297178
-0.1387814812
-0.0376496188
-0.123767171
-0.02835525763
0.125470623
0.04343673413
0.009815670966
-0.04312759341
-0.01012481168
0.02708372676
-0.07278558165
-0.02941807477
0.07511992967
0.01678343618
-0.1565604052
0.2846511643
0.02531652197
-0.2822461036
-0.02772130398
-0.2712760862
-0.0408898563
0.2752356736
0.04929314522
0.000878331639
-0.04939272766
-0.0007787492036
-0.04617596929
0.003674966616
-0.003031883444
0.04553288611
-0.0009301317418
-0.1558216875
0.2852588326
0.006394527127
-0.286327972
-0.005325327213
-0.02204082635
0.2861155362
0.03945008867
-0.004229823735
-0.0398148257
0.00459456076
-0.04270525452
-0.001655209519
0.001204485389
0.04315597865
-0.01145602684
-0.1461929699
0.2766383197
-0.008940058204
-0.2791049936
0.01140876946
-0.0003207740921
0.2835878897
0.07074301741
-0.01092891555
-0.07126011427
0.01144601241
-0.07462715543
-0.01006014057
0.07413621686
0.005347095447
0.005203983685
0.007965471554
0.03059730908
-0.007731306933
-0.0308314737
0.06402907947
-0.01116205221
-0.06446740574
0.01160037849
-0.06726554859
-0.01145587291
0.01184295787
0.06687846364
0.004249379436
-0.04657018533
-0.003855163396
0.009401454727
-0.009610086568
0.04364536597
-0.1549515514
0.02579492345
0.1570535072
-0.01368500621
-0.01421187302
-0.08484607874
-0.008979612757
0.08554325858
0.01768388765
0.0450131337
0.0044398976
-0.04520365187
-0.001471148554
-0.04223901026
0.001004904287
0.0002128228421
-5.515877251e-05
0.04913548115
-0.07993671811
0.002490544185
-0.002424029567
0.0798702035
-0.04775776078
0.04755930792
0.0004112757066
0.0420545453
-0.001703299774
-0.04182239408
0.04466161423
0.004026486094
0.0008949276547
-0.0477743568
0.003225771837
-0.08010221357
-0.003060276366
-0.0098748305
-0.07514965291
0.005218771795
0.005178556188
-0.004095276068
0.004284019531
0.03926134521
-0.1518514729
-0.009728383296
0.1503755611
0.005721736578
0.005482558518
-0.07843663943
0.004080583712
0.07788882314
-0.00762804349
0.07440758462
-0.009397045738
-0.07488536939
0.0422699957
-0.001870659921
0.00407091616
-0.007357699804
-0.03981582998
-0.03956384954
-0.008492452398
-0.1532117351
0.005046850483
0.004805864139
-0.01137706055
-0.06773574312
0.01184725508
-0.0111576585
0.01157040963
0.07033026628
-0.02895148885
-0.007313116786
0.006814751713
-0.02921853903
0.008232521733
0.01139845337
-0.00733973479
0.0320430536
0.01384038961
-0.04566630843
-0.0002171347764
0.0211634969
-0.03724666421
-0.02334293034
0.03942609764
0.04510819512
-0.007682986495
-0.03724783323
-0.0001773753865
-0.01541600316
-0.1351237223
0.2693663507
-0.01857735767
-0.2707398151
0.01996330469
0.01428072829
0.2744462388
0.03781595569
-0.007244333837
-0.03035969318
-0.0002119286768
0.06517178
-0.0131228976
-0.06578483165
0.006900133001
0.006835816257
-0.03354796434
-0.006592531441
0.006691317391
0.03344917839
-0.0726517361
0.07455748058
0.02517798228
-0.01013091677
0.01897570912
-0.08387520013
0.02824224237
-0.1523402772
-0.01521788189
-0.01563563472
-0.006640866987
-0.03370164678
0.006794549424
-0.03574010487
-0.006841404819
0.00730142338
0.03528008631
-0.1400185888
-0.0159048932
0.0173820626
0.1385414194
-0.07079180527
0.07030110142
-0.01066695465
0.06732757489
-0.01093311587
-0.06777151957
0.07395043558
-0.009602991526
-0.0105338268
-0.07118689402
-0.01546017087
-0.1415016409
0.016943223
0.02305796679
-0.05202028678
-0.02173073428
0.05069305426
0.02715173054
-0.07053958948
-0.02939772271
0.04242536651
-0.1236506641
-0.02223597987
-0.02337797881
0.06288109044
0.06395816585
-0.05587071765
0.05487271698
0.02405596746
0.03303674734
-0.0009936937373
-0.08138595348
0.02398561793
0.08324015074
-0.01277734118
-0.01306247402
-0.04364857261
0.0597332064
0.01695211355
-0.03697061915
0.03872178719
0.01941232886
0.01575930486
-0.04556748787
0.02512709304
-0.079448423
-0.01340305142
-0.0136615721
-0.04152787282
0.002669251237
-0.002651543124
0.0415101647
0.002350988516
-0.04185084234
-0.002028018993
-0.04017606012
-0.003201426702
0.003121577882
0.04025590894
-0.003439804302
-0.04049402421
0.003757768392
-0.00617573884
0.03662647302
-0.03565461598
0.005203881805
-0.009678495736
0.02183426097
0.03295242988
-0.07265219137
-0.01067293789
0.01108181632
0.07224331295
-0.03849936004
0.03669503796
-0.007874173664
0.03670096652
-0.006381862336
-0.03649484303
-0.03400042673
0.03802602473
-0.003792036915
-0.0002335610832
-0.006903714995
-0.03927863154
-0.01052324474
-0.07310385322
0.005521307505
0.00545359908
0.06313102047
-0.01275860564
-0.06365001597
0.01327760114
-0.01307030751
0.06460667344
0.006826196771
0.006809217294
0.0184010498
0.02824767754
-0.008832771643
-0.04460732781
0.006466796685
-0.006211590471
0.0443521216
0.006909845574
-0.04466756895
-0.006849604432
-0.04001427105
-0.000933423411
0.0008298989732
0.04011779549
-0.001292620975
-0.04020598812
0.001484338036
0.0408198042
-0.0009998791997
-0.04111254598
0.08199831255
-0.0001025005042
-0.08232206961
0.0004262575646
-0.08313775085
0.001895930768
-0.001665973236
0.08290779331
0.08065088539
-0.002403822386
-0.08100821465
0.00276115165
-0.0007124733267
0.001032821562
0.08167796431
0.04079749629
-0.0009111154968
0.04223955375
0.002511286383
-0.04239985162
0.08365168209
0.005679747989
-0.08372203101
-0.005609399063
-0.08369292581
0.008194107428
-0.00825558765
0.08375440603
0.002611737413
-0.08333151689
-0.00241797137
0.004889217374
-0.004808648728
0.08357111344
0.0423518082
0.002556996788
-0.03843824793
-0.004621761739
0.004810302304
0.03824970737
-0.001854590426
-0.03206640879
-7.942751139e-05
-0.004651511383
-0.03866801896
0.004881282409
0.006167426803
0.03685990969
-0.006326369967
0.006939180952
0.0352082015
-0.006617228037
-0.03553015441
0.06900083858
-0.01129454854
-0.0694438491
0.01173755905
-0.0362426859
0.007441761985
0.005475730709
0.03731816911
0.0186459117
-0.0002448619085
-0.01265492523
0.01302890372
0.0387504602
-0.0405518229
0.001801362695
0.0344756298
-0.006960110294
-0.0345063841
0.006990864587
-0.03196591205
-0.006916819907
0.006534865455
0.0323478665
-0.006597798073
-0.01035947743
0.009727867045
0.007229408466
-0.00761954719
-0.03284521026
0.008498845408
-0.02990335031
-0.007605002758
0.006288513808
0.03121983926
0.03044211685
-0.04734732105
-0.02855577983
0.02228165628
0.02317932776
0.02059353629
-0.03531742369
-0.02252277681
0.03093497503
-0.05914748577
-0.03288572554
0.06109823628
-0.05221985862
0.03309365888
0.02418345159
0.02538486501
-0.04646601055
0.00397985274
-0.005921946617
0.04840810443
-0.0420866674
0.04130804924
0.0009162274823
-0.0001376093165
0.04013570093
0.0006241445657
-0.04040280576
-0.0003570397394
0.04347507316
0.002771419317
-0.04412331762
-0.002123174856
-0.04090929988
-0.003670876682
0.003822807672
0.04075736889
-0.0430402157
0.003527662814
0.0434306487
-0.003918095822
0.03824608705
0.006983381549
-0.00602583419
-0.03920363441
-0.03783236345
0.03794233288
2.74672717e-05
-0.0001374367065
0.04360283355
-0.003562869972
-0.03980868242
-0.000231281154
0.04331819735
-0.002954168697
-0.04366270469
0.00329867603
-0.04485139608
0.006202826397
-0.007121801287
0.04577037097
-0.04090196235
-0.02863375564
0.05776969537
0.01176602262
0.001910756439
-0.04381729683
-0.0001801270142
0.04388858774
0.006853256006
-0.04383199817
0.08278114848
0.01278956684
-0.08238907833
-0.01318163699
-0.08065732557
0.01557448366
-0.01624319397
0.08132603588
0.009084562681
-0.08356934252
-0.009208145965
0.01184006852
-0.01216826353
0.08310934349
0.04384020814
0.006515176287
-0.04100057512
-0.001093609078
0.000711900167
0.04138228403
-0.03744346093
0.03751641418
0.0001967288813
-0.0002696821335
0.0001626800408
-0.03770601754
-0.0002890259509
0.04565845499
-0.002715215251
-0.0477424903
0.00479925056
0.003683755422
0.03891714449
-0.004354812856
0.002568551697
0.0421550611
-0.003505628882
-0.04121798392
0.03930198157
-0.004220647439
-0.03926621085
0.004184876717
0.07635342214
0.004540690291
-0.008538205246
-0.07700741857
-0.007144020177
0.0755047965
-0.07594471304
0.007583936716
-0.07726169218
-0.006255053055
0.006690859697
0.07682588554
0.04022127165
-0.003174135357
-0.04048694059
0.0790092597
-0.004363414367
-0.07946499042
0.004819145086
-0.002931277102
0.003298653372
0.08028350912
-0.005892314672
-0.07771636749
0.006346989981
-0.004779518705
0.005195121071
0.07859365733
0.04017214322
-0.003152298274
-0.01132852929
0.01170961489
0.06861975299
0.03493459817
-0.006567801488
0.06702707724
0.006640653497
-0.01278358977
-0.06752500795
-0.03702343913
-0.009233236378
0.01846273148
0.02779394403
-0.04310767478
0.02045893276
-0.02087233547
0.04352107749
-0.03303386556
0.04355034629
0.02823397947
0.02081439765
-0.04226430434
-0.02165776809
-0.02876719648
-0.002254572862
0.03121105055
-0.0001892812064
-0.00610759667
-0.02243188816
-0.0002277116438
0.03361525904
-0.007268495621
-0.03377279505
0.007426031629
-0.007456983741
0.007970827026
0.03396178652
0.01918692747
-0.01891483063
-0.0002720968335
0.01208606661
-0.01407316783
0.002801964713
-0.01184387465
0.01092340633
0.002406827954
0.006529822119
-0.0312209681
0.03256775836
-0.007876612383
0.009197584655
0.03321811043
-0.008128900875
-0.03428679421
0.03437708424
-0.006752998545
-0.0347058738
0.007081788108
-0.04055316286
0.01984739721
-0.02072119238
0.02742948262
-0.0001784681201
0.03298143317
-0.03205328827
-0.0009281448998
0.04706829163
0.01344121253
-0.04598913231
-0.01452037185
-0.04358202917
0.01437586849
-0.0151795843
0.04438574499
0.04873881021
0.01221939142
-0.04666711415
-0.01429108747
0.01256333311
-0.01283977525
0.04734473377
0.01464589343
-0.0428787327
-0.0153491899
-0.04018495778
0.01568265032
-0.01659523952
0.04109754698
-0.04324358991
0.04455566141
0.01914686126
-0.03865055758
0.03774540298
0.001227460821
-0.0003223062248
0.02688616682
-0.02678823753
-9.792927948e-05
0.004517980836
-0.04402090252
-0.006963088867
0.002580865431
-0.001975523195
0.04286973092
0.03981033576
0.0005537231714
-0.0002283580021
0.0006780648105
-0.0391532503
-0.0001753720848
0.0003996419361
-0.03821619598
0.03962611756
-0.001809563511
0.001049003552
-0.002186510002
-0.04190270924
-0.003425727683
-0.04076895866
0.003285386469
0.03797396366
-0.03656527222
-0.0003596878861
-0.03457770946
0.03554456055
-0.0005672091514
0.03603463608
-0.03559757462
0.006546320091
0.04190016843
-0.0003985419532
-0.002166395559
-0.03226179511
-0.0001495187947
-0.00351259644
0.004405665104
0.04242512869
0.05157119317
-0.007745291025
-0.0002230685922
-0.003602584151
-0.03678000739
-0.03775618741
-0.007030934784
0.007558254356
0.03722886784
-0.005461913464
-0.03628523509
0.003990961138
0.03800943153
-0.006087188733
-0.03738415626
0.03629395904
-0.005969254787
-0.03640637038
0.006081666133
-0.03732326524
-0.005848899523
0.006290231282
0.03688193348
0.03406213754
-0.006927604308
-0.0332421299
0.0374594392
-0.005860089915
-0.03781998931
0.006220640024
-0.03860720614
-0.005361174827
0.005229315067
0.0387390659
-0.005802358162
-0.0375706172
0.006049710121
-0.005657353685
0.00566296268
0.0374538302
0.03615838267
-0.004350817989
0.007199685834
0.03196563989
-0.0074789275
-0.03168639822
0.03257958988
-0.007063949279
-0.03282827914
0.007312638541
-0.007308546442
0.007649631753
0.03327417373
-0.002325075701
-0.04749587821
0.04554872004
0.004272233875
-0.008539480733
0.008987320917
-0.04134980253
0.006320493492
-0.04424315028
-0.006928739285
0.02859713875
-0.03690408971
-0.0002325297717
-0.04369672685
0.0415054848
-0.0001338336478
-3.661689122e-05
0.04249604511
0.006420673115
-0.04526387373
-0.003652844498
0.01050856467
-0.01132216422
0.04955240976
0.005240409239
-0.04875484253
-0.0001822935591
0.009488687076
-0.008551934099
0.04155929214
-0.04381377104
0.008092238151
-0.008353828538
0.04407536143
-0.04411220621
0.04447385064
0.009127042638
0.006159275607
-0.04841474458
-0.03689802783
0.03719059081
4.006352216e-05
-0.000332626499
0.0002696215875
-0.03728189501
-0.0004311875098
-0.0009738061725
-0.04065631584
0.0006295468951
-0.00321878316
0.005813829353
0.0430634088
0.02598224378
-0.02565272387
-0.0003295199082
-0.000556539393
-0.0362636691
-7.781933317e-05
0.03975445209
-0.005906790509
-0.04049299983
0.006645338256
-0.03839395714
-0.005176859639
0.004383473984
0.03918734279
-0.005194116256
-0.03820316135
0.004790071473
-0.006291299084
0.007459950987
0.03858580018
0.022996389
-0.02262344326
-0.0003729457409
0.04213939477
-0.04075449422
0.001183651153
0.001964149921
0.03775424158
-0.006609548982
-0.03908815713
0.007303748971
-0.004286646203
0.003657639248
0.04276840172
-0.02044106116
-0.0002801312223
-0.03602646369
-0.006539525555
0.006283668654
0.03628232059
-0.02702456712
0.03011866628
-0.00296623504
-0.0001278641201
-0.009552729113
-0.04210930014
-0.00593615874
-0.02093036244
-0.0001580459388
-0.006938469706
-0.03630600343
0.007218009449
-0.02958350389
-0.0002402494085
0.03088004124
-0.1381422455
0.03952190943
-0.2678255697
-0.04296395038
-0.2573087537
-0.04524645536
0.2603088176
-0.02484440339
0.02770414589
-0.002617937553
-0.0002418049383
-0.01934954867
-0.005305903181
-0.0001889515387
0.02126681525
0.2683941343
-0.01904277445
-0.0003067742194
0.06694194113
-0.01107023916
-0.02083214219
-0.1299758183
0.01115864409
-0.01674276853
-0.1300329999
0.01805456526
0.02051348913
-0.0197731758
-0.01947230075
0.01873198743
-0.01903235336
-0.01215356907
0.01710295877
0.01408296366
-0.009050089504
0.01033545948
-0.0116448474
0.0272436716
-0.0304736093
-0.03732188521
0.02186895802
-0.02748719724
-0.02286779161
0.02848603084
-0.022598774
0.02116373114
0.02194853199
-0.1301331096
0.0332235582
-0.03556012857
0.1324696799
-0.1267154707
0.1287836086
0.04035722857
0.02520214502
-0.07070215057
0.01080661475
-0.04218074373
-0.01111613674
0.04249026573
-0.04550924186
0.04598273062
0.01208984435
0.04769318432
0.01117369508
-0.04664748798
0.03142957279
-0.006942001818
-0.03164716141
0.007159590439
-0.007000846803
0.007398234479
0.0321822022
0.03113471836
-0.008402314852
0.006563239901
0.0665218772
-0.0126505713
0.06520786657
-0.01262355558
-0.06570720859
0.06563920151
-0.01136646668
-0.06607565865
0.01180292383
0.04810627782
0.01009547116
0.007811344217
-0.04550287731
0.008346367798
-0.04374990496
-0.00841023388
-0.02580212466
0.005301544404
0.007721065905
-0.02886676402
-0.008072840917
0.03467986253
-0.02667430253
-0.0002844941006
0.01711025961
-0.00685490451
0.006989779514
-0.06072244915
0.01590307286
-0.0008469321461
-0.03322033238
-0.003788306225
-0.0002391946301
-0.03240157941
0.03260423656
-0.00744699099
0.004698913461
-0.03057183039
-0.006528662482
-0.02539063129
-0.0002701484298
-0.03337679735
0.03340699434
-0.006947016899
0.03421308471
-0.006900039455
-0.03427315555
0.03314237381
-0.006560209345
-0.03324701944
0.00666485497
0.01647260443
-0.07987776321
-0.01725216679
-0.07695782594
0.01890258976
-0.01997755566
0.07803279185
-0.07995303329
0.08147753286
0.02246111836
-0.006660002109
0.006980880922
0.03405620543
0.03328589172
-0.007672784049
-0.007245314451
-0.03375103009
-0.06543351492
0.02559269611
-0.02680464192
0.06664546073
-0.06173136494
0.06290658095
0.02975975903
0.01911997121
-0.03549705407
0.01487691828
0.04559372144
-0.0007374333233
-0.04608682016
0.04575634817
0.01520739026
-0.04511264372
0.01597793712
-0.0307519137
0.03102408231
-0.0002721686093
0.01026182766
-0.04070457429
-0.0003091670619
0.007160550464
-0.0356729146
-0.00714225185
0.03319739026
-0.03207456048
0.006037720686
0.002941206751
0.03546006532
0.02196447727
-0.0001302162943
-0.006348203679
0.02838267019
-6.998924271e-05
0.03401303406
-0.007408807858
-0.006015001528
0.03556168811
-0.03569595302
0.006149266434
-0.005921807889
0.006130007552
0.03608575937
0.03762973696
-0.00665124022
-0.007557114771
0.0459327222
-0.0003495826998
-0.03958756879
0.03866248459
-0.006632030562
-0.03861192004
-0.004767685664
-0.007296954184
0.005739657507
0.02980497422
-0.03184873048
0.03219515256
-0.007643376266
-0.008077265559
-0.03310713188
0.03513062416
-0.001788021745
-0.0002354705313
-0.03045969931
-0.002328757489
-0.0003186750789
-0.03674389041
-0.003722620062
0.002365483123
-0.03472153307
-0.004387840462
-0.02954596317
-0.0001549624981
-0.02359703778
-0.006571450368
-0.0002912111624
-0.02339815605
-0.000198881733
-0.004266402301
0.004418754097
0.03914962977
0.04235702356
-0.004488608662
0.03931975335
-0.005878216203
-0.04005108613
0.02470517506
-0.000319605847
-0.03171746134
0.03904241392
-0.007074206868
-0.0002507457096
-0.003697043143
-0.0003162723095
0.02991876871
-0.02868980643
-0.004888183065
0.03218901422
0.03358121213
-0.006121528699
0.007907657677
-0.003483112332
0.005303321707
-0.006769842357
0.01399925082
0.001258755699
0.00664890198
0.007302759811
-0.03288528727
-0.0072626828
0.03923373548
-0.0316371312
-0.0002938444633
0.02656594625
-0.02011103992
-0.0001663925193
-0.004899670195
-0.000171514758
-0.006565118213
-0.0317201855
0.01858201113
-0.01934298585
0.03248116023
-0.02968122039
0.03060178058
0.02094839783
0.02647987114
-0.03227006509
-0.04703589795
0.04315713461
0.004070342538
-0.0001915791975
-0.0551365502
0.008431929019
-0.000331276769
-0.04187809605
0.04148557344
0.0004796910094
-8.716839096e-05
0.001466167893
-0.000187129341
0.0006628960086
0.04084366486
-0.0001985116312
-0.04624232043
0.04529454031
0.001610676128
-0.0473932835
0.002067190552
-0.04445524673
0.04376106613
0.001318325162
-0.0005614652359
0.001400758819
-0.0001206061341
-6.589793185e-05
0.03847363064
-0.0004653998311
-0.04348819795
0.04432405123
-0.0009017512121
-0.04289871144
-0.000562019243
-0.04518263757
0.0452356018
-0.003615834201
0.0009586629038
-0.001817249238
-0.0003763888764
0.00939737847
0.04835635919
1.595770397e-05
-0.04719120103
0.04897141459
0.007617164914
-0.04421498238
0.008789803976
-0.04860383679
0.003121309729
-0.004767938401
0.005135516202
-0.000228876032
0.0001214134042
0.03750304106
-0.0001080402812
-0.04141792069
0.04181513521
-0.0002758011195
-0.04100809769
-0.0002130941224
-0.04235570319
-0.0003803282079
-0.0002605763973
-0.0002799915798
-0.0004635528735
-0.04156937895
0.04269861888
-0.0007459743903
-0.0003832655315
4.782611515e-05
-0.0001316316318
-0.0461628517
0.05387823809
-0.007392747824
-0.0003226385643
-0.00330525076
-0.0001589820602
-0.01746065971
-0.0002341662713
0.01887062782
-0.0004078963456
-0.007495712288
-0.0003079624186
-0.008568532274
-0.000350400096
0.03607015247
-0.05626469173
-0.0006777962094
0.03756884618
-0.001498693715
0.02036747452
0.04427611506
-0.0007257687739
-0.03800312261
0.05654689376
0.02573234392
0.0258964515
-0.03566559465
-0.03574209265
0.03633336068
-0.0005912680341
0.02134397061
-0.0005391695057
-0.001749435654
-0.0002598461784
-0.02204282921
-0.0003890589573
-0.005946442387
-0.0002572614305
-0.029093514
-0.00742475878
-0.008965930715
-0.01106471236
-0.03268724211
-0.007600798864
-0.0002651218901
-0.0002636427123
-0.005065864006
-0.0001918954777
-0.04438207176
0.06105608574
0.01630741919
-0.01383661444
0.01521089085
-0.0002961812662
-0.01204392436
-0.04662409703
0.01200090724
0.04397759977
-0.04575969647
0.0607105946
-0.04878390795
0.008581279286
-0.0005019456264
0.0129134234
-0.0006412456097
0.00295572104
0.03496493259
-0.0001752506496
-0.04003493858
0.03882145081
0.004169208811
-0.04103639581
0.002228918057
-0.03895710723
0.01070672385
-0.008385346493
0.008249690069
-0.0002086514351
0.0005078896303
0.0394628837
-0.0001604375723
-0.04309084431
0.04243560188
0.001163132059
0.001223944994
-0.04180054985
0.001442218848
-0.0005700423134
0.00120509434
-0.000260408911
-0.001249460034
9.280839273e-05
0.0407827692
-0.04009979239
-0.002266290945
0.0411166233
-0.03918141344
-0.002727942457
-0.03602790698
-0.0002695465183
-0.0002678187179
-0.0003905380389
0.02393219656
-0.04987326737
-0.009656503812
0.0241833476
-0.0002511510432
0.03117662994
-0.0004469622563
-0.007704741309
-0.000268357632
-0.02506895235
-0.00706382851
-0.0001290142444
-0.02470162166
-0.0003673306966
-0.009778530831
0.03664810234
-0.04329100402
0.04026434443
-0.00675187124
-0.005800693249
-0.03883323931
-0.003950758286
0.00719573356
-0.005764628436
0.04384861498
-0.03602197312
-0.0002683875044
-0.009368421847
0.02114247635
-0.007812468601
0.02144467653
-0.0003022001862
-0.02767147113
0.03082146252
-0.0002087846425
-0.0001890739088
0.002992377107
-0.005264578136
0.0316681543
-0.0002931069995
-0.0003628576893
-0.03677638802
-0.006641615831
0.03649039954
0.009352236908
-0.00746614034
0.003930059567
0.04335218701
-0.001733526544
-0.0453223304
0.04391212541
0.005340264561
0.005552136448
-0.04660223297
-0.04310528067
0.007877619205
-0.005408303101
0.006215147836
-0.003405918619
-0.03974916534
-0.000560842993
2.279291431e-05
-0.003230550979
-0.04795471108
0.005921388325
0.04116139129
-0.04397186831
-0.0004200739639
0.03770515154
-0.0001966047409
0.04965485249
-0.0002664220986
0.006051280618
-0.0003682964422
0.007648979301
-0.05871287393
0.01022902662
-0.0002709952114
0.0292185229
-6.530546298e-05
0.02960512206
-0.0003865991542
0.01245154026
0.0001605103974
0.0373088607
-0.0002787802943
-0.03986992075
0.04026194651
-0.0002315153576
-0.03934272359
-0.0004871336408
-0.04057997815
-0.0001584979496
-0.0001287609922
-0.0001892706503
-0.0001017952962
-0.007555209887
0.03376051905
-0.0002230653834
-0.03792687445
0.03761556628
-0.007243901715
-0.009701360241
-0.03859994117
-0.001299321807
0.002241975479
-0.00322635037
-0.000261174575
-0.03916277313
0.04705328109
-0.007789776186
-0.0001007317729
-0.003873461443
-0.0001586875294
-0.006340564971
-0.0002090091981
-0.03397263658
-0.007089461463
-0.00954279875
0.0005028577072
-0.03933087083
-0.001926481098
0.03518837175
-0.03446933981
-0.0002161742319
0.03671250701
-0.0003404841016
0.03354307688
-0.0004022970145
-0.0006260207004
-0.0003002422296
-0.002202649951
0.009919285106
-0.04147235041
-0.007535091822
0.0352315628
-0.04871043375
0.0359638614
0.04067573045
-0.0003055841993
-0.007815332081
-0.0002193712116
-0.006519280771
-0.00401064143
0.03435006451
-0.000220756802
-0.03491494496
0.03647596231
-0.005571658778
-0.03262657046
-0.005254609545
-0.03620055762
-0.008197130101
0.03484495861
0.007489361922
-0.007213957231
-0.0002698737101
-0.03510151422
0.04283121416
-0.007496416097
-0.0002332838398
-0.003974125697
-0.0003059260041
-0.03143949656
-0.007123232639
0.02068913521
-0.009297417605
-0.000241227232
-0.004581953357
-0.0002963754715
0.007063331231
0.2288234603
-0.2289576094
0.229072404
0.007121085926
-0.2289619919
0.007034284225
0.2293453033
-0.2292699865
-0.007100317925
-0.2292750072
-0.004693071389
0.2293649776
0.006897559366
-0.2293181381
0.006433444867
0.2299502733
-0.2297907209
-0.006582902376
-0.2294511707
-0.004277617808
0.2296092417
0.006276056681
-0.2299123857
0.005610369267
0.2305373676
-0.2302257639
-0.005921894692
-0.229532115
-0.00359931699
0.2297153187
0.005269999932
-0.2301968328
0.004294408739
0.2305211757
-0.2302085162
-0.004607068256
-0.229536297
-0.002831114102
0.2297082096
0.003976027394
-0.2301388574
0.2303260519
0.003116038923
-0.2300475833
-0.00339450754
-0.2294901276
-0.002124298133
0.2296290588
0.01898645794
0.2277186797
-0.228099906
0.2286432645
0.01916565955
-0.2285960012
0.01845430701
0.2306919855
-0.2302174455
-0.01890403601
-0.009197931186
0.229539034
0.01780502894
-0.2307138662
0.01490436744
0.2330347757
-0.2318918569
-0.01600685215
-0.008068438115
0.2303475388
0.01370772422
-0.2321136843
0.01001593244
0.2335592609
-0.232313478
-0.01122816642
-0.00661366661
0.2308416985
0.008878714167
-0.232223895
0.005320395419
0.2333230976
-0.2318195455
-0.00682167852
-0.005186839801
0.2308829192
0.002856684884
-0.2320015971
0.2339382496
0.0008565925998
-0.2359575
0.001162657839
-0.003748398775
0.2308710524
0.03423981948
0.225271361
-0.2260404202
0.2272534029
0.03470569088
-0.2275459934
0.03405305862
0.2330213568
-0.2324138607
-0.03462788962
-0.02284168989
0.2312280588
0.03312060886
-0.2339851679
0.02826111353
0.2396613386
-0.2377359431
-0.03012429792
-0.01944509045
0.2344015137
0.02619159085
-0.2385325065
0.01281259061
0.2476984715
-0.2405426687
-0.01989638537
-0.01360349243
0.2351399517
0.006631217303
-0.2421033962
0.008844248416
0.2389451315
-0.2395794274
-0.0081667539
-0.006589793241
0.237896182
0.007652659573
-0.2360190493
0.2333569975
0.004492931374
-0.2328277058
-0.005022223068
-0.001570698677
0.232321223
0.04434451701
0.2206365173
-0.2220975127
0.2243741621
0.04538493906
-0.22493602
0.04219217369
0.2384311769
-0.2368432091
-0.04375942592
-0.03808590933
0.2336431899
0.04208853198
-0.2408901068
0.03305406071
0.2533876005
-0.2476581836
-0.03872047326
-0.03230445293
0.241917858
0.02920835297
-0.2528001751
0.02749486253
0.2527643789
-0.2502738804
-0.029896251
-0.0175014299
0.2520523835
0.02444565812
-0.2495719137
0.01517003428
0.249374927
-0.2462994276
-0.01816662891
-0.01281499216
0.2408001984
0.01237078449
-0.2444697792
0.2395801057
0.005230979826
-0.2373683658
-0.007420145239
-0.005442407073
0.234146949
0.03071092331
-0.1061351557
0.2188785938
0.03069361297
-0.1087064102
0.04974891037
-0.2430584941
-0.05397017623
0.123512589
-0.04468392517
0.2386104324
0.04572425906
-0.247534282
0.04246284317
-0.255038391
-0.0446975137
-0.03663600352
0.256923888
0.03962404752
-0.2574585443
0.02970313531
0.2662823718
-0.2625880176
-0.03330502777
-0.03204208858
0.2559230283
0.02609567438
-0.262954531
0.01793175067
0.2620374413
-0.2608160949
-0.01904927609
-0.01925930718
0.2526140881
0.01491994614
-0.2562084896
0.2482153879
0.006995015951
-0.2457643526
-0.009396713441
-0.007473924271
0.2421735465
-0.04184662095
0.05414316241
0.04087140666
-0.1090386658
0.03923995845
-0.1210529192
-0.04183770339
0.03205487812
-0.1170180754
-0.0334672414
0.1184304387
-0.03174934102
0.1303936289
0.0301066474
-0.1287509353
-0.2554687388
0.2616835813
0.04934335262
-0.02824702477
-0.02731117039
0.04758904504
-0.2527512094
0.03647306555
-0.2701067087
0.02748833573
0.2783183663
-0.2752146286
-0.03050996525
-0.032039156
0.2704913656
0.02444810884
-0.2756654654
0.01560313483
0.2747789315
-0.2717878861
-0.0184855657
-0.02120493864
0.2652644661
0.0126753602
-0.2686608428
0.2574599728
0.005461176678
-0.2552803786
-0.007573138301
-0.009348377998
0.2506674652
0.1519229896
0.02596547301
-0.1496462202
0.1449780702
0.02100070542
-0.1436901404
-0.02228863523
0.02356084518
-0.1381076879
-0.02560284729
0.14014969
0.02346070994
-0.2812753092
0.01740712527
0.2879279852
-0.2857852104
-0.01947581193
-0.02754146563
0.2813752126
0.01525244132
-0.2863019323
0.00914020604
0.2843736831
-0.2822542077
-0.01115031837
-0.01607479963
0.2775287086
0.007279637691
-0.2789126495
0.2646447097
0.002715139552
-0.2632589241
-0.004025837747
-0.008388587183
0.2594875253
0.157769365
0.007205039774
-0.1580775652
-0.003671067705
0.1500685223
0.007736576576
-0.1502979751
-0.007507123824
-0.1491285394
0.01247691397
-0.01320227224
0.1498538977
0.006593813889
-0.2848334203
0.004947461101
0.2927345253
-0.2917897523
-0.005820373209
-0.01713546916
0.2894351747
0.004054976422
-0.2927756524
0.0008345170976
0.2904231492
-0.2892743894
-0.001875252707
-0.01080557141
0.2862796207
-0.0001625842244
-0.2855737938
0.268682011
-0.002090367167
-0.2681551344
0.001638889296
-0.004154929088
0.2661268142
0.1502371211
-0.00722774383
-0.1515018296
0.1453215966
-0.004029290193
-0.1463534645
0.005061158132
-0.1484760001
-0.0005324987342
0.001007492105
0.1480010068
-0.007864229348
-0.2820442447
-0.006847400091
0.2935396802
-0.293613595
0.006996366019
-0.003083825199
0.2930251802
-0.006985062117
-0.2954363854
-0.007653365793
0.2928479026
-0.2925258138
0.007436938873
-0.0009444848918
0.2912145991
-0.007820721148
-0.2886449299
0.2686504528
-0.006936966598
-0.2690494695
0.007405079727
0.001806320976
0.2692304998
0.1391652175
-0.01407587613
-0.1405495122
0.1369907115
-0.01053749
-0.1380637088
0.01161048726
-0.1412738748
-0.008792790905
0.009779324195
0.1402873415
-0.01811754432
-0.2776460561
-0.01933802909
0.2939510002
-0.2931497142
0.0186188527
0.01098757173
0.2939926756
-0.01611408833
-0.2957527634
-0.01371262886
0.2920467845
-0.2927362774
0.01450356041
0.008587039913
0.292759333
-0.01274850315
-0.2881235234
0.264982756
-0.009643557148
-0.2660414777
0.0107605712
0.007454534113
0.2682345331
-0.01554635578
-0.1299680981
-0.2611740314
-0.02461847521
0.01437535588
0.01442870707
-0.2655296389
-0.02435302591
0.01436311005
0.01434552328
0.01649935709
0.2930490647
0.01894484821
0.292006091
0.01514576077
0.2609620137
-0.1586924613
0.02037603661
-0.01049875151
-0.01107500612
-0.08170926639
0.0820519146
0.01149742031
0.08263028873
0.008962811887
-0.08250853794
0.1477411204
-0.1433995238
-0.02068747196
-0.02051964542
0.03544442843
-0.01962724409
0.07615823917
-0.01996052185
0.07572621873
0.1492476088
0.03211658033
-0.07940101683
0.0001439724582
0.0006306586609
0.000230264206
-0.07990829579
-0.08125507597
0.08097802354
-0.0004354208907
0.08000078538
-0.002064772064
-0.08033983571
0.08273263397
0.008091762192
0.08271627593
0.005727579478
-0.08276410742
0.08036595496
0.01207081623
-0.00581876527
-0.006377825099
0.08088428236
-0.1488902233
-0.01188638263
0.006764261731
0.00659403433
-0.07520278637
0.00734295699
0.074804363
-0.00694453361
0.07357634346
0.008024891301
-0.007634404706
-0.07396683005
0.0796454333
-0.002575925019
0.07845508885
-0.003924117297
-0.07889438592
0.1546445691
-0.005453624505
0.003507953795
0.003241510986
0.01801864888
-0.1370766851
-0.01659200383
0.1361295561
-0.1375675126
0.01945660535
0.1346420451
0.0195191672
0.145275059
0.008320257066
0.008433163651
-0.07335586575
-0.01580683845
0.008757840874
0.1436879566
0.008636099965
0.1429985967
-0.01438774285
0.1332817229
0.01982794611
-0.01819257601
0.01966122312
0.1318130758
-0.01688164164
0.1314170458
-0.0217349994
0.02262474745
-0.01614079743
0.01525104937
0.007732629061
-0.01358251069
-0.01588511778
-0.01412883842
0.0218614675
0.05216420026
-0.1030997849
-0.02824840338
0.04197981388
-0.02112093237
0.007389521862
-0.01847216028
0.01284850436
-0.03746759858
0.03404424477
-0.1353581274
0.1392077488
-0.04136539559
-0.1353099518
-0.02085170972
-0.02098968408
-0.1216073395
0.1216448592
0.0320173584
0.03680117872
-0.124276691
-0.1283710585
-0.03351139207
-0.01048749206
-0.04277101812
0.04420842805
-0.04375724297
-0.01093867714
0.04462071908
-0.01053710272
0.07580215034
-0.07301199274
-0.03220823237
0.02901378414
-0.0158572424
0.07864016882
-0.01599456022
0.07738473796
0.02674897585
0.01476196707
-0.1486143152
-0.01527619131
0.01905343295
-0.02059500146
0.1465196387
0.1538413415
0.02387657158
-0.03288503298
-0.2790881956
0.02972799291
0.289003806
-0.2847113778
-0.0181240282
0.2918729006
-0.01582843151
0.2794252064
-0.2735305608
-0.02322365677
0.03745159334
-0.02173705934
0.03360110448
-0.001844218328
-0.04925563383
0.001707124494
0.04910965967
-0.04948771011
0.04881060148
0.04622889043
-0.04719358332
0.00256749634
0.04527207021
0.04482073942
0.003279643033
0.001332231932
-0.1492376246
-0.0005706074146
0.005632587528
-0.005620382762
0.1500563175
0.1572914203
0.005017597597
-0.00204910872
-0.01067891538
-0.286664115
0.0110150726
0.2933189698
-0.2939563589
-0.004408938706
0.2917830609
-0.002457186466
0.2935312711
-0.01122228284
0.01631234175
-0.009000853023
0.01576378167
0.004602747653
-0.04034665719
0.04017586008
-0.04107101607
0.00549790364
0.03959044604
0.005179974798
0.04380095134
-0.04315848519
-0.001552347672
0.0444515478
0.04353198297
-0.001928351994
-0.007846154002
-0.1424242218
0.008996500977
-0.005282811597
0.006138348711
0.1444660595
0.1489058077
-0.008397069902
0.00805019476
-0.2814535691
-0.005700566675
0.283272189
-0.2865513111
0.006046505186
0.2795736398
0.007261164685
0.2894115846
0.001518203512
-0.004130108954
0.002961092312
-0.00199530066
0.01138438566
-0.07174523943
-0.01089926051
0.07135272825
-0.07191420002
0.006024049546
0.07081421413
0.005969524996
-0.03805226922
0.03801687874
-0.005325784343
0.0371985199
-0.005599273227
-0.03745933659
0.07358902338
-0.01023670847
0.005424242669
0.005359659287
-0.03153996846
0.03124139891
-0.007432737383
0.007989229451
-0.007640067564
-0.03188913035
-0.03091508516
-0.01132259741
0.01173622726
0.06522557165
0.06473130217
-0.01259374311
0.0633623811
-0.01230206972
-0.06381891701
0.06679897678
-0.06717918796
0.01222316905
-0.01179063771
0.01227817301
0.06631144148
-0.01133722683
0.06642505276
-0.005109737034
-0.04646503339
0.005004585095
0.04792743699
-0.04790165782
0.04484070435
-0.009830071835
0.00906099016
-0.008970956584
0.04475067078
0.04372674337
-0.07966947126
0.08032651517
0.01491743975
0.01242503845
-0.081344738
0.02317257638
-0.01213170859
-0.0126798219
0.01639945354
0.08608217215
-0.008591999313
-0.08394080418
0.08449795303
0.01584230469
-0.083206241
0.01694932447
-0.08622370222
0.086279952
0.009310452957
-0.004480500199
-0.00488620254
0.01041507602
-0.08591153509
-0.005204846007
-0.005522397142
-0.04429344523
0.04476363887
0.005732632757
0.0008776865289
-0.04179104704
-0.001325649749
0.04253390912
-0.04193621417
0.04880326882
-0.000918027786
0.04897532222
0.04878480874
-0.0005673553732
-0.08223149092
0.08201889396
0.002108527729
0.0001731695491
-0.08153074603
0.0009172233633
-0.07958056718
-0.0007376730207
0.04478263108
-0.001296033417
-0.04620181291
0.0424200466
0.0001670089675
-0.04253447087
-5.258469226e-05
-0.04289885092
0.0008109435569
-0.0007170255923
0.04280493296
-0.08232956628
0.08207457563
-0.003106119725
0.001762682724
0.001598427655
-0.002532764564
-0.08259567336
0.001446618299
0.001352253339
-0.04118176392
0.04138305164
-0.001294896804
0.04339946912
0.003188982554
-0.04381703236
-0.08611720933
0.08587509607
0.007264940656
-0.003418643336
-0.00360418406
0.008244713113
-0.003890254127
-0.004191716308
0.0009838059602
-0.04293531712
-0.0009473397579
0.001691118414
-0.04295715633
-0.00166085152
0.04292688944
-0.04553771413
0.04679849632
0.002719070548
0.005023488233
-0.004935193758
0.08027766049
0.08263434643
0.004971146885
0.002772056824
-0.08239181033
-0.03787413059
-0.009646658088
0.005305673566
0.005164255156
-0.03809879296
-0.03918951591
0.03852406947
-0.005625852644
-0.005264780905
-0.03798160457
0.03945110341
0.004423362166
-0.00408443844
0.003900892291
0.03963464956
0.03925749048
-0.07684967788
0.07644549581
-0.005850870982
-0.006743027342
-0.07560377921
-0.0108721461
0.006292992805
0.006064491061
-0.007909587343
0.004048103232
0.07752965981
-0.07760087662
0.07714888266
-0.007457593381
-0.07807777411
-0.007151146001
0.07378042188
-0.07420387841
0.008448347827
0.007789930949
0.07505782255
0.004672561817
0.07583701767
-0.008777919091
0.04214033203
-0.002692275776
-0.04240222495
-0.08177134369
0.08128435794
-0.004285257028
0.002548736042
0.002223506734
-0.003681445512
0.002106094472
0.001878582976
-0.07858574575
-0.006849728159
-0.006440358495
-0.07909120836
0.003524456484
0.003421364612
-0.04023065746
0.04010890772
-0.003549126942
-0.006976180749
0.004320514082
0.004088500673
0.07809138672
-0.004415816575
-0.005469929468
-0.07727206308
0.01180188125
-0.06812318479
-0.01141443958
0.06767098526
-0.06806872692
0.01219962292
0.01233905238
0.07038647755
0.005987494778
0.00601065143
-0.01160090596
0.01202774269
0.06995964082
0.06989345316
-0.01116409284
-0.0122764389
-0.007177436174
0.0395305392
-0.03697701804
0.02327261454
0.04199026858
0.04138151657
0.02131719561
-0.02362141806
0.01410438579
0.01408618046
-0.1352391404
-0.1348596466
-0.01102183038
0.01213005803
0.1358824838
0.1378375581
-0.01457723377
0.01835140078
-0.2723312174
-0.01675116395
0.267853385
-0.271843152
0.01131934648
0.2641955084
0.2757474
0.009314177133
-0.01661269099
0.009979449009
-0.01449174596
-0.01306884919
-0.03331007096
0.006944671628
0.006791790681
0.03386437346
-0.00710827249
0.03317737318
-0.007053916693
-0.03339195211
0.03350138584
-0.03366071235
0.006850643898
-0.006700939763
0.006722932534
0.03347939307
0.03331147853
0.02346044325
-0.0782863835
-0.07586185595
-0.02072321408
-0.07208826921
-0.02200495341
0.07340575066
-0.08231190238
0.01808137051
-0.02018592564
0.01913684391
-0.08126282065
-0.01053848395
-0.08271602708
0.03039205152
-0.01651904127
-0.01696567866
0.0772377114
0.01782311753
0.01577772586
-0.07897459269
0.006821086676
-0.03388207996
0.03385566746
-0.03405529877
0.007020717992
0.006989504534
0.03548076952
-0.03596370493
0.007784358788
-0.007207855561
0.007331009625
0.03535761545
0.03500396037
-0.006931729627
0.1390701767
0.009369653911
-0.1405977069
0.009539938819
-0.01772723054
0.01922989469
-0.01626249627
0.06901492123
-0.0108705227
-0.06943894706
0.1378948505
0.0104248985
0.01038770101
-0.06974130896
-0.06973624634
-0.07048159804
0.009764692479
0.07008655947
-0.1363306624
0.1347092682
0.01047814088
0.01066242044
0.01045025461
0.01057053886
0.06862016031
-0.01093376837
0.07253586721
-0.01007407791
-0.07298503404
0.07210149216
-0.07255977399
0.009216122703
0.008723924948
0.073376754
-0.009327433767
-0.07088966298
0.009735498702
-0.008951564889
0.009350079383
0.07170297766
0.07210504288
-0.01024211357
0.01648268954
-0.01498573374
0.1421769929
0.00904208834
0.009195075254
0.02953261216
-0.04812918306
-0.02875075015
-0.0288822778
-0.06842307267
0.026765761
0.0702597323
-0.06783835728
-0.03130365282
-0.03214998316
-0.0241658902
-0.0576308118
0.05747577328
0.02432092872
-0.02836268443
0.0271397265
-0.06050840701
0.02401490303
-0.06401205128
-0.02543636667
0.03051381695
-0.05320106341
-0.05748693287
-0.03002323733
-0.05557410304
-0.02475385294
0.05616206579
-0.04247179739
0.04320124086
0.01364642502
0.01263920964
-0.04470723897
0.04286169144
0.02260185152
-0.01194947895
-0.012454657
0.01945638164
-0.0418855739
-0.03926412146
-0.01677807872
-0.07317647795
-0.01798955038
-0.01824087206
0.03840538471
0.03879328331
-0.04520814704
0.01585480818
-0.01669215491
0.01648304146
-0.04499903359
-0.04635656992
-0.02806870427
0.02600501924
-0.01528496395
0.04051796963
0.0410211092
0.01395414585
-0.04178004982
0.04046763977
-0.04089026483
0.004024479
0.04061236958
0.04216954661
0.0033650971
-0.001846472057
-0.04232230585
0.002317935562
0.04147606498
-0.04211744269
0.04026858063
-0.0398749452
-0.002875493665
0.04087778335
0.04050615823
-0.003125742947
0.004537926156
-0.04131454179
-0.003717408582
0.0400679351
-0.04129463738
0.07248605981
-0.03678468571
0.006047374057
-0.03651583137
-0.0112961366
0.005898741609
-0.01079806308
-0.007198942063
0.03648517217
-0.03776272975
0.03728786412
-0.006724076434
-0.03874231628
-0.006894587129
-0.03636314635
-0.006299758429
0.03628104245
0.006797238969
-0.006451285305
-0.03670910002
-0.03683985591
-0.0392589621
-0.006387069178
0.004903781131
-0.005466121577
-0.03869662165
-0.03816315663
-0.01037453438
0.00544765363
0.005412050917
0.0370894931
-0.005548326885
-0.005621900868
-0.036965143
0.01331921013
-0.06409471059
-0.01287451551
0.06358756263
-0.03224200778
0.007104639138
-0.03213183066
0.0629064028
0.00701675915
0.03290078203
-0.007031955297
-0.006827813543
-0.03247814351
-0.0129606585
0.006724026139
0.006748595215
0.04490637434
-0.04556582836
0.006016560177
0.04423007872
0.04412730286
0.006241378914
-0.007606506111
-0.04444181439
0.007380751544
0.04577765708
-0.04537396648
-0.00801019672
-0.006637775706
0.03965349124
-0.03931072591
-0.0006146479085
0.0400366238
0.04035163678
-0.0008484892003
0.002868606252
-0.04104817714
-0.002026417231
0.03912570968
-0.0394834538
-0.08394281051
-0.0008574786583
0.08321020622
0.00072899418
0.0008610887677
-0.0001846713989
-0.04283551277
0.0008557930726
0.0006416271754
0.04315604881
-0.001592200893
-0.0002293623008
-0.08263106719
0.0005383598783
0.08313611905
-0.08355015275
0.08270489796
0.08394068276
-0.08422557209
-0.0005701403528
0.0009354666187
-0.0003779276434
0.001212192745
0.002205699777
-0.0813494917
-0.00186442273
0.08171502033
-0.08204208512
0.08137005226
0.08236220471
0.001375514809
-0.001627846948
0.001947966535
-0.001299374336
-0.001146826949
-0.04100874314
-0.0828642404
0.001120084084
0.001096449495
0.0008369411515
0.0008845394722
-0.08562704029
0.005511850687
0.08543454221
-0.002658593309
-0.002660759296
0.006344890449
-0.002999071293
-0.003097763379
0.04302300358
0.002957330971
-0.006454077123
-0.08375758232
0.006489628437
0.0847024477
-0.08481163438
0.08460489933
0.08488099375
-0.08489186829
0.00733430003
0.007331123741
-0.00321883196
-0.08346566548
0.003352980558
0.08442194702
-0.08451731066
-0.001432349907
-0.001237790478
0.08457825396
-0.004782003365
0.004003603356
-0.003942660047
0.004109051313
0.003045963873
-0.04406569716
-0.08562097516
0.04345023943
-0.002238848633
-0.002490232017
-0.002534413539
-0.002434022776
0.03936599787
-0.005223104159
-0.005417567249
-0.03967873917
-0.004769190456
-0.03799320225
0.004888262112
0.0048581916
-0.03898552027
0.03919240161
-0.03966109074
0.005326880728
0.005278310162
0.03879537386
0.03584658994
-0.006638250595
-0.03614680905
0.07014044586
0.006442120839
0.006298466707
-0.03554106208
-0.03531222864
0.006122634713
0.03542654818
-0.06960875908
-0.01219302575
0.06903986405
0.006434321679
0.006327599098
-0.01215575606
0.006383149919
0.00630429292
0.03578835248
-0.006481288097
0.01167827317
-0.01122866911
0.06948215793
0.06902669123
0.006971498818
-0.03647311625
-0.006741068472
0.03671907304
-0.03696153146
0.03696167033
-0.00706666214
0.03653191637
0.0370219559
-0.006770448935
0.00533133398
-0.006256505945
0.03382330506
0.03373996277
-0.02543572411
-0.04203980646
0.01944052386
0.01947922689
-0.01406777176
0.01406937139
-0.01903395298
0.01863718499
-0.02092716566
-0.01748319513
0.01759643693
-0.02059511808
-0.04117092165
0.02233682085
-0.01320288045
0.01552237405
-0.02143721805
-0.03371047589
0.01983027024
0.03482464913
-0.03319138424
-0.02307048294
-0.02467514572
-0.03417935454
-0.05590841092
0.02920018209
0.02800185783
-0.02018699707
0.01903220275
-0.02852642607
0.03429617821
0.0314495821
-0.01847047636
-0.01789723316
0.02012989512
-0.02409148413
-0.02653440032
-0.02113979399
-0.05435190894
0.02610508653
0.02716112675
0.04909717945
-0.04658719705
0.003679811882
0.002832282489
-0.002297483057
0.002994904861
0.04437534598
0.04357049628
0.04173576357
0.003928375689
-0.04184133158
-0.004361956677
0.005026704172
-0.003951244983
-0.006103484291
0.04182939168
-0.04282266918
0.04174588906
-0.04281238931
-0.04021304616
0.03936718677
0.007030746537
0.00223253123
-0.002363252943
0.04486682979
0.04454967162
0.04672310468
-0.04505510199
0.006438611777
0.005743949361
-0.08496521372
0.01356149101
0.08535052358
-0.006827863718
-0.007118937158
-0.01514354058
0.01467627989
-0.007787044859
0.04319650189
0.0436214127
-0.01419880358
-0.08191336249
0.01372308773
0.08362321553
-0.08314573922
0.08400306955
0.08253657739
-0.0818304469
0.01523314286
0.01464581626
-0.01021178419
-0.08336945995
0.01001190162
0.0847895613
-0.08458626947
0.08430970244
-0.01247489642
0.01116042574
-0.01143699276
0.01090030929
0.00595644729
-0.04392939903
-0.08559576152
-0.005786656685
-0.005966109652
-0.006260921561
-0.006459212791
0.04141073722
-0.04091193118
-0.0008012780645
-0.001210041072
0.002683254513
-0.001640936078
0.04835332597
0.04575982871
-0.003337411041
0.04005190558
-0.03943573608
0.03999921733
-0.04067344741
-0.00399871224
0.04116653076
0.003092559442
-0.003766789519
0.004039382867
0.0399072429
0.04009340738
-0.07663414411
-0.00803611824
0.07613205711
0.008264994549
-0.007750256006
0.004520833485
0.00727323887
-0.07638535146
-0.006832600455
0.07629275683
-0.07676977397
0.0758405753
0.07722822457
-0.07768851087
-0.006999142776
-0.006558608695
-0.0806044012
-0.00532335367
0.08000259802
0.002973496011
0.002951660836
-0.004821355325
0.002845684674
0.002655627398
0.04160971473
-0.002981979141
0.004340747465
-0.07987634135
-0.003929396534
0.08006731426
-0.08054792212
0.07956310567
0.08098726012
-0.003845919029
-0.003438751259
0.005993185426
-0.07815074942
-0.005558803494
0.07819124905
-0.07863842212
0.07909501877
0.005663207976
-0.005606798878
0.006063395526
-0.00516389097
-0.00339548102
-0.04026090413
-0.07953657819
0.003316236398
0.003192528962
0.003087112081
0.003042115725
0.06851013781
0.01222616831
-0.0118671102
0.01230852108
-0.011370542
0.03415445741
-0.006519931207
-0.03438752475
-0.068484984
0.06803659918
0.006376309736
0.006380596171
0.006410651719
0.006370396646
-0.0675456142
0.0671010768
0.01269060789
0.006713057536
-0.03405300229
-0.02174514006
0.02086235229
0.04158909914
0.007218148038
-0.03374309516
-0.007247847929
0.03366193737
-0.03297245181
0.03364097801
0.03274485909
-0.007652351508
-0.007433660149
-0.006808025798
0.03430992015
-0.03475270501
0.03527568884
-0.03508627097
-0.007529577764
0.03448694786
0.007577672923
-0.007388255056
0.007085285199
-0.006787198628
0.0350546456
0.03460685594
-0.01470743654
-0.04512804844
0.01384635268
0.04638827093
-0.04588481662
0.04817531827
0.04550185879
-0.04470350598
0.01482443244
0.01408212898
0.04824896642
0.01107054923
0.01179118596
-0.01573568754
-0.04204683188
0.01490378673
0.0441978877
-0.04345053378
0.04238804308
-0.0177846744
-0.0411986082
0.01623424886
-0.01729673956
0.01856656601
-0.04372920714
-0.04236702028
-0.006018497583
0.004167141667
0.04284356206
0.04281891808
0.001864607443
0.002412032517
-0.04208297842
-0.002915920889
0.001389486562
-0.002355841682
0.002949924332
-0.003212724764
0.041471866
0.04315464348
-0.00489186514
-0.003781278236
-0.03740095887
-0.006183245398
0.03749701553
0.006163562225
-0.006276656974
0.006123579675
-0.03663120845
0.03692603284
-0.03707911014
0.03682445357
0.03750508749
-0.03810944333
-0.006298099086
0.006478086453
-0.03838134602
-0.005916729744
0.03787067999
-0.03885873388
0.03744970419
0.03942213093
-0.03896050152
-0.006068633517
-0.005710913639
0.005658673771
-0.03757677273
-0.005652518242
0.03844680239
-0.0382542502
0.03775456826
0.00535809861
-0.005452833049
0.004953151109
-0.005575775572
-0.003754209619
-0.03749768016
-0.03293875547
-0.007498601087
0.03295842905
0.006463377362
-0.007206980264
0.007274010408
-0.03299091842
-0.007111371128
0.03312855232
-0.03306152218
0.03294258977
0.0332133442
-0.007491554239
-0.007208298924
-0.006339004486
0.006223157062
0.04410622207
0.04476372201
-0.008700395156
-0.04441715539
0.008153497819
-0.008763742287
0.009966624928
0.04695876598
-0.04511499914
0.04631788178
-0.04468835165
-0.04708073307
-0.008773048014
0.0005935290854
-0.0008982081413
0.04044088223
0.04187229782
-0.004855057696
-0.002839826036
0.004735254207
-0.04016411083
-0.005064143208
0.04074625094
-0.03988445818
0.03960181301
0.0380185779
-0.003653902023
-0.004630670063
0.005252362528
-0.0380160356
-0.005439488285
0.03789305011
-0.03702852805
0.03751896525
-0.00659902426
-0.006029259672
0.03621477812
-0.03518571901
-0.00631841211
-0.006509207765
0.007856443439
-0.007140490969
0.0350909422
0.02454566758
-0.1363291807
-0.02632417476
0.04999871405
-0.02900017402
-0.02904720288
0.1345600061
0.1351722381
0.1325487626
0.03106842459
-0.04413696249
-0.2640289136
0.04035507382
0.2671735903
-0.2613111259
-0.02477525069
0.2568177032
-0.2544642788
0.04485376975
0.04115480657
0.2611104477
-0.02252195484
-0.02104916472
0.06572215796
-0.01096499642
-0.06612362822
-0.1332584216
0.1317450873
0.01055575819
0.01061879925
0.01057061874
0.01070817402
-0.1303024051
-0.01944085599
0.02105609901
-0.01961341679
0.01126408052
-0.0657842393
0.01572986541
-0.01601642903
-0.01918573714
0.0185709576
-0.01642360287
0.02116214761
0.01470693717
0.01382791439
-0.01143189278
-0.01549353083
0.01377686513
-0.0174269962
-0.0105632213
-0.01267147394
-0.01048840695
-0.02669823548
-0.02954900296
0.02577362914
0.04229642444
-0.02701484604
0.004974539239
0.02627536205
-0.02271541167
-0.02642774199
0.02404586929
-0.02478535328
0.02298289716
0.02385371847
-0.02205256717
-0.02281944685
0.04370656564
0.0661120606
-0.02331388019
0.06629376564
-0.1307805712
0.1342480848
0.04023905204
0.03811591385
-0.1285392565
-0.07084514455
-0.02209483438
-0.02316440396
-0.02311498264
0.06960785634
0.06955421949
0.06727603999
0.02442871672
0.04333254235
-0.01158698765
0.01081923634
-0.01124393697
0.01163492968
0.0461389869
-0.04451936184
0.04491035455
-0.04401650513
-0.04546408357
0.04610067594
-0.01149240616
0.007280239585
-0.03191064185
0.03167528054
-0.03203510852
0.0314021336
0.03249370093
0.007847123322
-0.007376199493
0.007834791902
-0.008348899078
-0.03240323752
-0.01274812133
0.06611704323
0.00659274595
-0.06667367456
0.06620372624
-0.0657713784
-0.01216864009
0.0653164629
0.01265901455
-0.01222666671
0.008575437302
0.04717981982
-0.04636607527
0.04597055599
-0.04519557255
0.008318565115
-0.007598330837
0.008373314274
-0.008615160897
0.04450882415
-0.006609878544
0.03389534419
-0.0336093806
0.03372243459
-0.0337057536
-0.03379816954
-0.006781329869
0.03367945995
0.006634317311
-0.006710052257
0.006657205048
0.03342654586
-0.01820985337
-0.07901138824
0.01734347841
0.08100124318
-0.08007425264
0.0213633573
-0.08010648184
0.02020701849
0.02116087837
-0.07880624185
0.03424563786
0.007342099
-0.006887183002
0.007077522094
-0.007106384339
0.03382715785
-0.03415626281
0.03412740057
-0.03396156352
0.007186555041
0.06602095681
-0.02824238377
-0.06458321495
0.02815035262
-0.02996775309
0.02637274067
0.03200843779
0.06519432136
-0.06493141263
0.06697209733
-0.06341403737
-0.06974298136
-0.01781594667
-0.01776753307
-0.03407453685
-0.01917816833
0.0345829538
0.03429701017
0.006178428345
-0.03590485637
0.03600064447
-0.03627350143
0.03585015247
0.03658413496
0.006370326165
-0.006204952551
0.006515586084
-0.007022587547
-0.03721610148
0.04002673825
0.004485423232
-0.004684942989
0.005050590492
-0.005618552112
0.0414562949
-0.04116334533
0.04059538371
-0.03979238139
0.03919247535
0.006129883048
0.03216921732
-0.02006262108
0.02040748398
-0.02142965089
0.02249907161
0.03108560614
-0.03127276128
0.03234218199
-0.03038698453
-0.03386086924
-0.02458917018
0.006350362955
0.2291682738
-0.4583808238
0.006212879921
0.2292432996
0.005951262164
0.2293659926
-0.458463484
0.005576758314
0.2293868172
0.005133061369
0.2295013375
-0.4584992197
0.004642610429
0.2294575556
0.004132121249
0.2295476614
-0.4585070193
0.003640567234
0.2294622762
0.003164741643
0.2295227569
-0.4584862549
0.002738187093
0.2294226818
0.002370040718
0.2294605695
-0.4584192209
0.001908753818
0.4588805078
0.001501173857
-0.4584346615
0.4588457316
0.001090103736
0.004989268198
-0.004914770024
0.2290055678
-0.2291937021
0.2291469417
0.005037196256
0.004667468091
0.005299332228
-0.005213751498
0.2293053908
-0.2295090515
0.229513148
0.005296794879
0.004395193596
0.004826909171
-0.005023265606
0.2297838082
-0.2296771396
0.2299018892
0.004602159561
0.003785788148
0.003909486888
-0.004143013472
0.2299021709
-0.2297236757
0.2299695378
0.003663624826
0.003038770348
0.00298353659
-0.003204961261
0.2298631453
-0.2296756494
0.2298950826
0.002764103401
0.002310840982
0.002810535568
-0.2299754844
-0.4598629804
0.001283935206
0.4630746104
-0.002142297755
-0.00235326749
-0.001954968965
-0.001712585864
-0.001305369825
-0.460123015
-0.00169546523
0.4605131105
-0.0007480939017
-0.4592023885
0.459165038
-0.458993839
0.01210818119
-0.01200404155
0.2287287262
-0.2290727997
0.2290988093
0.01209062319
-0.2290670011
0.009297004319
0.01126278963
-0.01165754696
0.2301630363
-0.2299769175
0.2304936549
0.010769442
-0.2296522834
0.00844414174
0.008919240847
-0.009574017431
0.2311614921
-0.2306309452
0.2312962046
0.008276140941
-0.2302540459
0.006936309908
0.006616100925
-0.007096311074
0.2313977618
-0.2309383989
0.2313836049
0.006172631352
-0.2305637744
0.005565805243
0.004918310601
-0.005336951278
0.2312366793
-0.2307672984
0.2312289458
0.00445666323
-0.2304312004
0.004128198417
0.001647793061
-0.2325946806
-0.4635803583
0.002660835761
0.4618980252
-0.001910469372
0.0009319667696
0.001680562378
-0.001548415942
0.00274213439
-0.4603168237
0.0020951314
0.4609638267
0.001438270109
-0.4595556707
0.4602850546
0.02712183206
-0.02682692671
0.2279096519
-0.229193609
0.2291816713
0.02714900028
-0.2291727029
0.02310612049
0.02549344268
-0.02632829112
0.2330521825
-0.2330487935
0.2341857411
0.02440025753
-0.2320432266
0.0206153163
0.01987162312
-0.0215536505
0.2365798472
-0.2351159895
0.2369647533
0.0180800223
-0.2335428976
0.01516049893
0.01201909364
-0.01428095338
0.2372407167
-0.2346828401
0.2374566475
0.009286552678
-0.2331379237
0.009048072528
0.002447175966
-0.0006806836957
0.2368198104
-0.2342481672
0.2334011264
0.003295513982
-0.2344937889
-0.001837993983
0.004003419097
-0.2326431594
-0.4633428409
0.005262575392
0.4650303196
-0.003532763947
-0.003417290205
-0.00321454398
-0.002907896306
0.003722003962
-0.4620830558
0.002504133773
0.463300926
0.001678138603
-0.4609262352
0.4615517727
0.04091862575
-0.0402027054
0.2258055014
-0.2287970548
0.2284929483
0.04123673168
-0.2289966365
0.03824189793
0.03813287594
-0.04010507807
0.2381285563
-0.2384117017
0.2407558512
0.03583677337
-0.2367607445
0.03477573008
0.0268787055
-0.03055003029
0.2468771916
-0.2454132314
0.2513387756
0.0210332945
-0.2415482134
0.02393037237
0.01987510892
-0.01970795746
0.2472103641
-0.2435430356
0.2458468748
0.01764833542
-0.2428584738
0.01373634911
0.01018237152
-0.01258079942
0.2417914957
-0.2376540582
0.2398374073
0.008036409249
-0.2357259766
0.007052454203
0.003733893364
-0.2350968337
-0.4670977126
0.005168379056
0.4684451304
-0.003035310593
-0.003480486215
-0.003674974658
-0.003673161652
0.003954904791
-0.4643010532
0.003022143132
0.4652338149
0.002593863516
-0.4617068329
0.4617782931
0.04965132039
-0.04862364609
0.2217388426
-0.2284758336
0.2296944951
0.0484333084
-0.2280219151
0.04658427859
0.04299152573
-0.04616529915
0.2446920795
-0.2453583838
0.2501702539
0.03820612018
-0.2428146636
0.04155158935
0.03827509595
-0.03840078267
0.2553043757
-0.2545539528
0.2568341669
0.03606911767
-0.2540439227
0.03440213642
0.02661606998
-0.02986318433
0.2594171133
-0.2554668805
0.2589417857
0.02324045564
-0.2521177073
0.0224547177
0.01311446673
-0.01636748775
0.2537757798
-0.2479620534
0.2518470924
0.00930368589
-0.2449287999
0.01011134399
0.004937436694
-0.2417727408
-0.46992272
0.004818314363
0.4718519509
-0.003290021046
-0.003457430224
-0.003403999887
-0.003282927505
0.003666710647
-0.4660901099
0.003295107689
0.4664617129
0.002495134103
-0.4625058076
0.4631610157
0.0355315888
-0.03524412718
0.1078725384
-0.1150790779
0.1142719655
0.03633870116
0.03323840942
-0.114750756
0.03751268225
0.2672687358
-0.266485091
0.2701123559
0.03394530339
-0.2629138377
0.03557588933
0.02700348968
-0.03008846596
0.2723392832
-0.2686635147
0.2718996665
0.02387044324
-0.2674118573
0.02438514571
0.01444909577
-0.01749532697
0.2656536286
-0.2590671851
0.2620124925
0.01159330132
-0.2560502097
0.01204489388
0.003742423588
-0.2498823727
-0.4740505589
0.003480256166
0.4757633113
-0.002445273273
-0.002736941016
-0.003055329571
-0.003177776944
0.002531369776
-0.4674268145
0.001708897164
0.4682492871
0.001123650483
-0.4638219763
0.4641594348
0.02922849652
0.1470845871
-0.1427205014
0.1451534281
0.02679556978
-0.1401601875
0.0278822472
0.03064240673
0.2794395696
-0.2784807345
0.2809203896
0.02824450887
-0.275322293
0.03056835203
0.02217639428
-0.02414099317
0.283867396
-0.2813939229
0.2834950558
0.02017786692
-0.2784624004
0.01882224058
0.01371712715
-0.01590750885
0.2765971738
-0.2701174861
0.2723333946
0.01159958314
-0.267623398
0.008538188875
0.001668281214
-0.2567759132
-0.4792290107
0.0006530297101
0.4812178027
-0.0009602677081
-0.001651199187
-0.002444651627
-0.002807492215
-0.0003199834234
-0.4687327881
-0.0006772110852
0.4690900158
-0.0008247826232
-0.4645926282
0.4646062214
0.01186542456
0.1580713401
-0.1549186918
0.1551888972
0.01159521922
-0.1543886736
0.01376745455
0.01524361161
0.2846848483
-0.2861730168
0.2870186127
0.01443169271
-0.2849835016
0.01842776141
0.01088746529
-0.01220533902
0.2915752197
-0.289829634
0.2913822734
0.009433429816
-0.2880862178
0.01252085307
0.004939144122
-0.006420618447
0.2842316902
-0.2780946314
0.2795985687
0.003536061486
-0.2763257642
0.005684744552
-0.002301001872
-0.2607286953
-0.4826094025
-0.003083808341
0.4820771945
0.002224251069
0.00142746312
0.0002450020079
-0.0004410703334
-0.002887142649
-0.469349072
-0.003492678166
0.4699546075
-0.003161557184
-0.4646314014
0.4641575446
-0.00434042207
0.1527309778
-0.1517655264
0.1507713068
-0.003346202424
-0.1526845045
-0.001767804883
-0.001186757682
0.2831387967
-0.287444832
0.2872922152
-0.0009980703678
-0.287764606
0.003074329353
-0.004493119198
0.003533719074
0.2953633033
-0.2946598743
0.2930595118
-0.002797917568
-0.2939142654
0.001742349548
-0.003885708491
0.003550022255
0.287992376
-0.282582745
0.2828870804
-0.004092150558
-0.2817943977
-0.001199788633
-0.00624555144
-0.2606579282
-0.4810596986
-0.007243419876
0.4780950659
0.005218885484
0.005012001425
0.003583610267
0.002733865699
-0.006285809507
-0.4696780319
-0.005498093766
0.4688903161
-0.005566800473
-0.4637717033
0.4629665689
-0.01300844369
0.14198261
-0.142295675
0.1410242025
-0.01173697121
-0.1435828504
-0.01089010766
-0.01330894963
0.2789598921
-0.2858315623
0.2851452725
-0.01257699889
-0.2860627983
-0.01091733526
-0.01463772601
0.0118773206
0.2963041625
-0.2962530881
0.2970250816
-0.01531030547
-0.2963720274
-0.008851883925
-0.01131688134
0.01208963119
0.288065097
-0.2829507711
0.2822473124
-0.0105219032
-0.2831506399
-0.007823065124
-0.008333139829
-0.2565776129
-0.4753946828
-0.01082124928
0.4720229253
0.006953504338
0.007245734337
0.006256528608
0.005594604068
-0.009349534214
-0.467771112
-0.007890824492
0.4663124023
-0.006809342693
-0.4632565633
0.4629007989
-0.01564477969
0.1312548
-0.1321638914
0.1308822218
-0.1333475248
-0.01990817994
-0.2820767662
-0.02044393921
-0.2842557613
-0.01756353664
-0.02030401133
0.02046632191
-0.2960646285
-0.02010887954
-0.2957342755
-0.01881055771
-0.0177747008
0.01886857681
-0.2799850643
-0.01635002383
-0.2810610345
-0.01677551237
0.007563364576
0.007412238414
0.1025782187
-0.1536019494
0.01599671201
-0.01914893832
0.01804369822
-0.1524967093
-0.1553333069
-0.153483218
-0.0001314182359
-0.000931057637
0.001608340939
-0.1541605013
-0.1566087727
-0.1448671257
-0.01017175161
0.01054089529
-0.009317752146
-0.1460902688
-0.1475384572
0.01150730265
-0.06481606429
0.06422010068
-0.06467313861
0.01196034059
0.0638535234
0.01196695576
-0.04407489959
0.044034297
-0.004921795807
-0.04403930633
-0.04512086258
-0.0001154729209
0.04710742546
-0.04552664392
0.04517691328
0.0002342577274
-0.04569836959
0.0005830013748
-0.04143836234
0.04149774529
0.001555360967
-0.04139529565
-0.04159268286
0.003695620641
0.04424563662
-0.04386906678
0.04367443329
-0.04572133656
0.0009178946271
-0.001458404941
0.001279507465
-0.04554243909
-0.04752563724
-0.07468478633
0.07422971802
-0.008941977427
0.009179641154
-0.008711105131
-0.07515332235
-0.07535238632
-0.002080630536
0.04242227424
-0.04150566834
0.04153113228
0.01181247417
-0.1346591422
0.01526908646
-0.1358420482
-0.1364466397
0.02483756165
0.07646889478
-0.07408004228
0.0757719828
0.02314562113
-0.07239952575
0.02349746575
-0.010732874
0.06986988258
-0.07025128107
0.069838348
-0.01031994092
-0.07071385817
-0.01020437754
-0.0677957959
0.06734082091
0.01102321831
-0.06815659378
-0.06816274084
-0.009757207694
0.0734709348
-0.0737795423
0.07332831948
-0.009305984874
-0.009152815804
-0.0711195225
-0.01012816247
0.0104394915
-0.01001079075
-0.07154822325
-0.07164666303
0.05143638497
-0.02100291899
0.02317441107
-0.0212284227
0.04949039661
0.0246096054
0.04925785993
0.02569290375
0.05378941864
-0.05396393826
0.05400041429
0.02565642772
0.02423519161
0.01954554846
0.04049343434
-0.03792112841
0.03947712649
-0.03674967161
-0.04165975056
0.04138886554
0.00127820261
-0.04207686441
-0.0418607606
-0.0009249998139
0.0408740069
-0.04136228951
0.04127423085
-0.04281695462
0.0426696477
-0.002585759853
-0.04289195407
-0.04266767591
0.002800949951
0.04291595535
-0.04279262171
0.04305915812
0.03857396971
0.005031706451
-0.004795186257
0.004910473432
0.03845868254
0.03812708293
-0.006526251091
0.03661571184
-0.0362087502
0.03598511746
-0.006302618354
-0.006254077721
-0.03495754191
0.03477463555
0.006527094734
-0.03515703755
-0.03574412815
-0.0432477308
0.04327312309
-0.007170166071
0.00628417132
0.04379741573
-0.04332908659
0.04335233635
-0.04036297671
0.04016233737
0.003218068014
-0.04062938389
-0.04098628116
-0.003170914803
0.04021731508
-0.04005215482
0.0399683521
-0.006621615682
0.03462448422
-0.03457723071
0.03436626675
-0.1376294846
0.02834933839
-0.03105331667
-0.1351136503
0.02853748235
-0.1351513174
-0.01090851551
0.06651322982
-0.06697875577
0.066640859
0.01825702654
-0.01687298058
0.1304566855
0.1320046008
-0.1294488155
0.03693370097
0.03404525352
-0.07070063128
0.02350325056
-0.02500119594
-0.06915429091
0.02345485557
-0.06893758551
0.01180517642
-0.01145578232
0.06588995119
0.06552423493
0.07896620321
-0.07778288049
0.01909896906
0.01812037267
-0.03544564707
-0.01863022635
-0.229050029
0.005620719988
-0.2290913746
0.007150034627
-0.005665305701
0.00572367373
-0.005731564795
-0.2292909901
0.00575800829
0.2291152948
-0.2291188562
0.229172168
0.229217912
0.00513792877
-0.2294975398
0.006754326191
-0.00575123215
0.005772631788
-0.005776393267
-0.2298061917
0.00579510779
0.2295828638
-0.2295818519
0.2297656047
0.2295043929
0.005220177571
-0.2301394332
0.006165982475
-0.005668454522
0.005431173293
-0.00514981066
-0.2299538696
0.004877916334
0.2301459846
-0.2298646219
0.2303921499
0.2296440268
0.004381564393
-0.2302373985
0.004943624042
-0.004583254393
0.004315393612
-0.004023229731
-0.2299392754
0.003753988957
0.2301896941
-0.2298975302
0.2305262499
0.2296699325
0.003436027066
-0.2301360264
0.003680853331
-0.003478276825
0.003237333048
-0.002979263667
-0.2298286913
0.002760371683
0.2300667676
-0.2298086982
0.2303531134
0.2296092247
0.00256462985
0.002364997333
-0.2284051702
0.0153076985
-0.2291357134
0.01914097809
-0.01544492546
0.01541845282
-0.0152116729
-0.229830936
0.01484634367
0.2296757398
-0.2294529097
0.2299314718
0.2292813498
0.01193217321
-0.2311875934
0.01698411112
-0.01432114556
0.01365642873
-0.01287358102
-0.2309973647
0.01201214917
0.2315700044
-0.2307554016
0.2325854605
0.2301594175
0.01019844396
-0.2322701323
0.01247538056
-0.01109292655
0.01015035855
-0.009219439878
-0.2314139426
0.008343164608
0.2323215637
-0.2313625112
0.2336066615
0.2307235373
0.007655512471
-0.2320832576
0.00784356552
-0.007533785587
0.00684287758
-0.006296888717
-0.2312908033
0.005768146582
0.2318813068
-0.2313330113
0.232913231
0.2309052153
0.005744835375
-0.2324100216
0.000772917611
-0.005003228772
0.00382215294
-0.000630864618
-0.2327483327
-0.002578302672
0.2349797755
-0.2317884871
0.2369153509
0.230732913
0.003401089115
0.001523808814
-0.226697193
0.03066125295
-0.2291208559
0.03484602513
-0.03103265983
0.03110946932
-0.03085594653
-0.2318092968
0.03028348449
0.2307876888
-0.2305100268
0.2310302132
0.2302170707
0.02687905444
-0.2354237874
0.03183232873
-0.02939023708
0.0281990369
-0.0267316524
-0.2359790011
0.02503310674
0.2366919178
-0.2351713699
0.2384558784
0.2337997609
0.02307779196
-0.2390625197
0.02377641193
-0.02314267495
0.02110927246
-0.01882906325
-0.2371406293
0.01548972233
0.2394639181
-0.2371191576
0.2434159974
0.235211026
0.01622820761
-0.241716759
0.005551448807
-0.01068570174
0.006477693294
-0.003221251902
-0.2414176965
0.005090323895
0.2438253218
-0.2405286994
0.241260582
0.2353925474
0.004182731045
-0.2341697286
0.0061136642
-0.005911491297
0.005150237293
-0.004742974812
-0.2323661803
0.004281449352
0.2331770781
-0.2327694175
0.2342725715
0.2335066583
0.004032754755
0.003987797404
-0.2233268592
0.04248667167
-0.228118685
0.0454899793
-0.04336161939
0.04374749399
-0.04312094229
-0.2346499859
0.04095429999
0.2320314316
-0.2313863411
0.2337760927
0.2312098141
0.0410818929
-0.2416349628
0.0409469232
-0.03822847899
0.03739253876
-0.03629626202
-0.2446961252
0.03339867584
0.244761205
-0.2436127442
0.2470385981
0.2409844983
0.03326298986
-0.2552626302
0.03050863658
-0.02755023037
0.02370965024
-0.02513440102
-0.2499841925
0.0249316466
0.2521463979
-0.2534843121
0.2528442755
0.2499242289
0.01755867306
-0.2488628174
0.02128083938
-0.0226564509
0.01972442079
-0.01679439272
-0.2434217125
0.01398761305
0.2478324501
-0.2448235136
0.2510327687
0.2422444998
0.01514018957
-0.2422703036
0.009767808169
-0.01136947258
0.008983343072
-0.006888350057
-0.235538026
0.005072060255
0.2399066507
-0.2377804189
0.2422943152
0.2358949331
0.006172896711
0.004787842674
-0.2164458977
0.05359700542
0.1070657195
0.02954850854
-0.1157312033
-0.03083538059
-0.05365155605
0.05002608362
0.1153272489
0.1179927187
0.1122509056
0.1094333863
-0.04969463794
-0.239922887
0.0465597645
0.2369794119
-0.2366479662
0.12018721
-0.02923680536
0.235684402
0.04747180959
-0.2527058552
0.04568611385
-0.04372298661
0.04120491084
-0.0419653097
-0.2546376589
0.04160818357
0.2534554472
-0.2541851469
0.2520005775
0.0360618296
-0.2597968089
0.03657410779
-0.03951141963
0.03661960246
-0.03354704358
-0.2592201896
0.03027180506
0.2615301084
-0.2583746699
0.2648801184
0.2552893496
0.03306806614
-0.2627065568
0.02149900422
-0.02683371586
0.02317169128
-0.01959321369
-0.2561875916
0.01506639708
0.2614908053
-0.2578099167
0.2640450877
0.2543204826
0.01984862135
-0.2531331158
0.01208265353
-0.01272210136
0.01151499488
-0.008987274945
-0.243485804
0.006751403792
0.2495858833
-0.2469987073
0.2523377042
0.2449800404
0.007339857087
0.006065797142
-0.1132043166
0.04091848471
0.05758313552
-0.03656709693
0.03763474584
-0.03773322432
-0.03708306768
-0.1200448437
0.03607499217
0.1167640343
-0.1162123561
0.0582140038
0.1152285206
-0.1154573525
0.03535486563
0.03374046065
-0.2723277193
0.03352666355
-0.03755212647
0.03539108276
-0.03240854269
-0.2720402774
0.02931839614
0.2740213679
-0.2709690454
0.2771043895
0.2684958697
0.03154725942
-0.2753537856
0.02144315806
-0.02608776888
0.02273704545
-0.01951554168
-0.2685349244
0.01636933752
0.2739727138
-0.2706440166
0.2770386379
0.2673293058
0.02066143701
-0.2648302786
0.009978281377
-0.01346412798
0.01073945942
-0.008274286938
-0.2530458711
0.006104106405
0.2603398323
-0.2577942576
0.2628285935
0.2551058314
0.008981345762
0.006663190034
-0.1473665352
0.02393975647
0.1493922517
-0.02783041844
0.02561731138
-0.02364951858
-0.1417776812
0.1453815733
-0.1434137805
0.1470326946
-0.2829968861
0.02151016671
-0.02790955625
0.02587124472
-0.02371573109
-0.2834352545
0.02144109831
0.2845921677
-0.2823787787
0.2866827481
0.2801953284
0.02612246
-0.2859552323
0.01322143503
-0.01909630203
0.01673660869
-0.01436380689
-0.2798083056
0.01202711209
0.2845838762
-0.2821040213
0.2867618929
0.2798952774
0.01807748946
-0.2744922933
0.005546743331
-0.009818441788
0.007759372532
-0.005882631699
-0.2615165856
0.004214287517
0.2693122419
-0.2673467574
0.2709228743
0.2630600455
0.007395654981
0.005438755712
-0.1552260438
0.007385830772
0.1550452528
-0.009500067614
0.009462920975
-0.004482804484
-0.009332805822
-0.1499660223
0.15256361
-0.1524334949
0.152442317
0.152172683
-0.1516075007
0.0113344074
-0.2875181536
0.006381270549
-0.01087830387
0.01041216645
-0.009635580957
-0.2907125134
0.008630030087
0.2899355343
-0.2891053004
0.2905504136
0.2880301734
0.01341057559
-0.2927439393
0.002982662503
-0.007516348891
0.006252857562
-0.004934215065
-0.2878898876
0.003658172238
0.2916250212
-0.290200857
0.2928376519
0.2885835981
0.007922084133
-0.2808814209
-0.0009754829
-0.002422857496
0.00124069211
-0.0003461889997
-0.2672974073
-0.0004354096346
0.2748663313
-0.2738815375
0.2756193358
0.2725426003
0.002287531697
0.001193098192
-0.1496546066
-0.006086576323
0.1485134391
0.005747032545
-0.0046303324
0.003674296662
-0.1470666689
0.1478913366
-0.1488473723
0.1468659184
0.1497410334
-0.1505013461
-0.002452541398
-0.2866591648
-0.00722810025
0.004588822389
-0.003917908422
0.003632966379
-0.2953946058
-0.001775766828
0.2906645104
-0.2908923568
0.2904913582
0.2905953291
-0.001239482457
-0.2960318085
-0.007226823455
0.001760666882
-0.004637966095
0.005397596192
-0.2916969695
-0.006120250426
0.2950839637
-0.2942201491
0.2953983385
0.2937399616
-0.003174027664
-0.2832301967
-0.007645825828
0.006668987816
-0.006915061192
0.006905475121
-0.2692974984
-0.006585790879
0.276610092
-0.2765335118
0.2764533437
0.2763140462
-0.004224315702
-0.004218246147
-0.1396624059
0.1383744637
-0.01278793393
0.01355263593
-0.01219083925
-0.284032877
-0.01828952072
0.01540869429
-0.0142485183
0.01312483015
-0.2938785009
-0.01231607074
0.2891215651
-0.2901801045
0.289518652
0.2906227631
-0.01207064394
-0.296493853
-0.01525556161
0.01167304361
-0.01104229523
0.01056211217
-0.289204391
-0.01399527964
0.2953986207
-0.2957755414
0.2947488948
0.295237066
-0.01574462107
-0.281925025
-0.01179742507
0.01395567456
-0.01354376277
0.01260674399
-0.2673133706
-0.01127286906
0.2745750674
-0.2754345714
0.2736125049
0.2761665629
-0.009710152302
-0.008724407367
0.2885245919
-0.02041182204
0.2949853963
-0.01970515003
0.2720547581
-0.01457705133
-0.01225978162
0.01066444445
0.08228777944
-0.08112295918
0.08128865213
-0.08070054499
-0.08158299641
0.0816496796
-0.009791143121
-0.0009832887948
0.080661938
-0.08035952436
0.08000689422
-0.08056468105
-0.07977328259
0.07939687055
0.00154232044
0.007306365408
0.0827573923
-0.08184457862
0.08182000174
-0.08192508996
0.08183390417
-0.006482913317
-0.007200072428
0.007635769339
0.07436866609
-0.07453105487
0.07409524418
-0.07488155415
-0.003065978403
0.07927266044
-0.07911441964
0.07871632809
-0.07840671706
0.07799055356
0.003551122013
0.03294044048
0.1224448794
-0.1224610774
0.12484686
0.03055465788
0.02974349105
-0.126869411
0.03513133326
-0.03424318062
0.03222062958
-0.0310162768
-0.1272680627
0.02991328099
0.1278288743
-0.1266245215
-0.01697430542
-0.1474684413
0.15088698
-0.1498175872
0.1486044638
-0.02216677072
0.01907283074
-0.02028595414
0.0216806109
-0.1511020526
-0.002154911774
-0.1495398993
0.1512033718
-0.1517499426
0.1521965727
-0.005374638468
0.00389252051
-0.003445890478
0.002918179822
-0.001318308852
-0.154688212
0.008193852878
-0.14335691
0.1435573273
-0.1446812266
0.1423820767
0.145798821
0.007205446168
-0.007155654685
0.008273249054
-0.009504795638
-0.1473218154
-0.005486222439
0.03779218754
-0.03749376876
0.03735464177
-0.03761556942
-0.03713042226
0.0369553917
0.005583878797
0.06510417087
0.01215629132
-0.01167358788
0.01210462014
-0.01247901326
0.06424965693
-0.06487901112
0.064504618
-0.064021183
0.06368606904
0.01244377559
0.01412127231
0.08085105911
-0.07942136209
0.07985762819
-0.07871579536
-0.08040721514
-0.01322940885
0.005386725653
-0.04385742668
-0.04364719106
0.001436876539
0.08179421017
-0.08125684606
0.08104716538
0.001646557227
-0.08142221157
0.002273893241
-0.08081385009
0.0004223385955
-0.0008018240186
0.001035139302
-0.04456625178
-0.0004459645185
0.04371618288
0.0007353235276
-0.0001246620279
-0.0002266637177
-0.0426857348
0.04333406198
-0.04368538772
0.04390207219
-0.0440360964
0.0004509421924
-0.001419672289
-0.04136834964
-0.0413109931
-0.04349375836
0.04326409757
-0.003423509121
-0.001220913895
-0.0429521937
0.04406554153
-0.04400694796
0.04379903252
-0.002009644611
0.001457654167
-0.001665569613
0.002105141566
-0.04510286713
-0.0443934412
0.00421233214
0.0825310656
-0.0817676738
0.08167671278
0.004303293162
0.005037377257
-0.08156955167
0.002919396928
-0.003492235827
0.003599396934
-0.005575392992
0.03807020279
-0.03810363183
0.03783391241
-0.03856522932
-0.03766157852
0.005350890071
-0.00614221068
0.07602909779
-0.0760948536
0.0756743795
-0.07646316607
-0.07533158869
0.006407281873
0.008302073006
-0.07463042393
-0.007875527482
0.07450413095
-0.07491316308
0.07401050135
0.07536204053
0.008268465723
-0.008063167951
0.008512045403
-0.00898132679
0.004696767686
-0.07562260374
-0.04141143536
0.04126789562
0.002343203654
-0.003658167241
-0.0396975603
-0.03982532263
-0.004752334918
0.07767983067
-0.07766323766
0.07723141682
-0.07688624505
0.005151035909
-0.01487157792
-0.1371087308
-0.01360489531
-0.01331150095
-0.007139875764
0.03357058908
-0.03336297814
0.03316777401
-0.0329343793
0.03278059561
0.007069210959
-0.07732801199
0.02198221339
-0.02418753051
0.02263150133
-0.0212451383
-0.0745772395
0.07652388118
-0.07513751816
0.07368303128
-0.07219051894
0.02169113426
0.01720534092
0.07815274315
-0.0765836576
0.07726995725
-0.07815595139
-0.01652162887
-0.06942831541
0.06898269121
0.0107977336
0.07017099793
-0.070610683
-0.009890251953
-0.01091312253
-0.06861946169
-0.07285766051
-0.009675333858
0.07245891646
0.009888633619
-0.009417974653
0.00901360202
-0.07293727604
0.0727438946
-0.07314826723
0.07228468345
0.0735816105
-0.008872641612
0.009583587549
-0.07127817527
0.07100334676
-0.07143054997
0.07185488334
0.00977987949
-0.009466890726
0.009891224098
-0.01033968323
-0.07199668238
-0.04633430347
0.04471968889
-0.04273361283
0.02446478552
0.02238386104
-0.02554848657
0.02667716345
0.04632577108
0.02460614259
0.05880191027
-0.02593227959
-0.05915695371
0.06152711643
-0.06262002536
0.02634571449
-0.02525345124
0.0241605423
-0.02695994797
-0.02444484103
0.06367386713
-0.05445390065
0.03061580866
-0.02726551868
0.02681203232
-0.02774228138
-0.05670459946
0.0553158396
-0.05624608865
0.05706447419
0.02647481326
0.01338460482
0.04389876502
-0.04213628907
0.04274355271
-0.04155233806
-0.04332677444
-0.01303787873
-0.04090608875
0.01799545011
-0.01947021273
0.01804125046
-0.01685329697
0.0399812368
-0.04100124363
-0.0141448461
-0.005535471936
0.03704918946
-0.03681911573
0.03673129743
-0.03661642473
0.005568471776
-0.006955722374
0.03264820549
-0.03255785761
0.03242833201
-0.03223561807
0.006941309157
-0.001544537827
-0.04276560916
-0.04133773597
0.001032944379
0.002767360195
-0.04312366516
-0.04358632596
-0.003017399849
-0.004927796958
0.03966312477
-0.03900107764
0.03898375412
-0.03887444854
-0.005108348035
0.005079757608
-0.004970452025
0.004830648368
0.03831887888
-0.03561199599
0.03541586624
0.006671588178
0.03571870946
-0.006124970965
-0.006464983432
-0.03523887106
-0.01829184486
0.01493422005
-0.01314753454
0.01429621353
-0.01270226063
-0.01574082907
0.0170953197
0.02173471222
-0.01421465588
-0.02982525813
-0.0185223092
-0.01904687744
-0.02356152283
0.02087197111
-0.01838870058
0.01901062934
-0.01947619122
0.02669556487
-0.04347740046
-0.006091173764
-0.003157844665
-0.04094154388
-0.03990456725
0.003256313813
-0.03419662376
0.006550239158
0.03144269872
-0.1326711256
-0.1306499039
-0.06619347753
0.01106618072
0.02471119515
-0.06760749972
0.0003157109985
-0.4584048901
0.002178083833
0.2297433039
-0.229570339
0.2297934538
5.045867639e-05
0.2324256162
-0.2316203193
0.2333513404
-0.2306366153
0.003608938173
0.2321870262
-0.231548406
0.2319428002
-0.2312732638
0.004246374068
0.2341838935
-0.2332922025
0.233863602
-0.2328214813
0.004303829773
0.2397572157
-0.2355025861
0.2364040155
-0.2352419144
0.004689155419
0.2479796205
-0.2410934237
0.2427482111
-0.2393700187
0.003762151473
0.255308779
-0.2473860442
0.2487376459
-0.2456081388
0.0003139043809
0.2601023424
-0.2517897206
0.252387477
-0.2506710655
-0.004049696605
0.2612504541
-0.252992931
0.252562858
-0.2528122335
-0.007552563504
0.2583770547
-0.2498900904
0.2486207858
-0.2506742096
-0.00983303349
-0.2432862633
-0.2451000108
0.1249008224
0.02883095875
0.08061971494
-0.08076985126
0.001837375289
0.08042889688
0.07965847007
-0.003677642234
-0.08009563904
0.0809107307
-0.080988976
0.02902003546
-0.1131243216
0.02906717856
-0.02974701161
0.02887359564
-0.1287902812
-0.02902634031
0.1414698587
-0.1391904588
0.02485164795
0.01102721508
-0.1391114748
0.1388607416
-0.1400243658
0.137683295
0.1412712932
-0.01049004381
-0.1297246502
0.01558627868
-0.07373569532
0.007473691448
-0.001240405966
0.08022363021
0.08098646586
0.00430078303
0.136501852
-0.01234218367
-0.02654442529
0.1371652952
-0.02222697229
0.07078210276
-0.2299683775
-0.002528191177
-0.2315359401
0.002747367029
-0.2323508261
-0.003825316154
-0.2345433316
-0.004160215897
-0.2377119116
-0.004759971285
-0.244283041
-0.004246917254
-0.2499258883
-0.002803368705
-0.252850856
0.001002998292
-0.25166973
0.005939211936
-0.2464601407
0.009429749635
-0.02964075978
0.1172255546
-0.0002109811661
0.03233204931
-0.03233820292
-7.78307326e-05
0.02629061166
-0.02642376209
0.01143191288
-0.01150974361
-8.050071161e-05
-0.02103010069
0.02093322601
-1.789108792e-05
-0.01433435348
0.01427174385
-0.008294952999
0.008277061911
-0.0001333934137
0.01725091813
-0.01736238662
-3.895677215e-05
0.01169332794
-0.01178776459
0.006784334441
-0.006823291213
-0.001036340932
0.0323746965
-0.0005665282764
0.025820799
0.01086538461
0.0007574053596
0.03161691028
-0.03057295294
-0.0007402302853
0.02694671214
-0.0254490765
0.0165877146
-0.01732794489
-6.740630363e-05
0.03018118191
-0.03029390262
6.754134975e-05
0.02119763125
-0.0213325789
0.01050511422
-0.01043757287
-3.461449117e-05
0.03007818708
8.45220393e-05
0.02107849472
0.01058963626
-0.0002176061687
0.02972014504
-0.02985957861
-4.033427789e-05
0.02066020764
-0.02083747953
0.01068980787
-0.01073014215
-0.0001443051202
0.02614973346
-0.02629445429
-4.716218122e-05
0.01788742103
-0.01798456397
0.01044435039
-0.01049151258
-0.0001302753325
-0.02670578337
0.02656637657
-3.72630166e-05
-0.01824935872
0.0181563464
-0.01065666403
0.01061940101
-2.003593941e-05
0.02603233269
2.554509487e-05
0.01784184
0.01046989549
-0.0001041506001
0.02558153444
-0.025708665
-2.628348612e-05
0.01751547858
-0.01759334569
0.01017398529
-0.01020026878
-0.0001047755022
0.02136522244
-0.02148815858
-3.375099119e-05
0.01456634211
-0.01463736662
0.008416164633
-0.008449915624
-8.358621101e-05
0.02125952744
-1.43843146e-05
0.01449714021
0.008401780318
-7.137902847e-05
-0.01916106085
0.01905397176
-1.47885411e-05
-0.0130326701
0.01297607961
-0.007626575489
0.007611786948
-0.0001284991533
0.01687242707
-0.01698417733
-5.297040414e-05
0.01143489695
-0.0115104257
0.006565025759
-0.006617996163
8.904617153e-05
-0.03057654577
0.03045088271
0.0002173142091
-0.02168307696
0.02155480892
-0.01005396687
0.01027128107
-2.939596919e-05
-0.03101819626
0.03091375858
0.0001063021472
-0.02234017955
0.02220448144
-0.00985962728
0.009965929428
-0.0001102658785
-0.03069880967
4.750883679e-05
-0.02184085167
-0.01000645803
-7.530283163e-05
-0.03112518699
7.684635122e-05
-0.02249232873
-0.009782780929
-5.512964212e-05
0.02923047192
-0.02935071436
5.464641369e-05
0.02016494368
-0.02027471973
0.01085016841
-0.01079552199
-0.0001009939981
0.02959278104
3.450111931e-05
0.02052471253
0.01072430899
-0.0001828108047
0.0290909765
-3.374459993e-05
0.02001587747
0.01081642381
-0.0001954872968
-0.0272445108
0.0271073716
-8.712453589e-05
-0.01862376319
0.01851540043
-0.01088792173
0.01080079719
-0.0002761440452
-0.02686082683
-0.0001463902429
-0.01837911252
-0.01080305427
2.393186107e-05
-0.02734626199
6.186644367e-05
-0.01866169778
-0.01082605529
-0.0001129351336
0.02547140098
-4.027369014e-05
0.01744281714
0.0101337116
-3.593241112e-05
0.02508675141
-0.02520033779
1.237173141e-05
0.01721472642
-0.01726303057
0.01010058816
-0.01008821643
-0.0002421983788
-0.02444888248
0.0242925389
-0.0001231250844
-0.01674803029
0.016628957
-0.009619899423
0.00949677434
-0.0003829847807
0.02490252704
-0.0002249018914
0.01705664354
0.009875686267
-0.0002104833031
-0.02459808706
-0.000102873587
-0.01685564001
-0.00972277301
-0.000162896002
-0.01927829607
-5.640458145e-05
-0.01313916152
-0.00768298007
-0.0001614788079
-0.01658275587
0.01645974058
-7.045415038e-05
-0.01120864553
0.01111762087
-0.00636508962
0.00629463547
-0.000766441013
-0.03241869405
-0.0004821863646
-0.02670801674
-0.01199192998
-0.0001257828574
-0.02114351246
-4.730508624e-05
-0.01441283125
-0.008342258085
-0.0001841641693
0.01711547645
-9.190773292e-05
0.01160107151
0.006692426708
-7.666458166e-05
0.02291970811
-0.02304192526
1.343881846e-05
0.01562642609
-0.01571652949
0.008922630387
-0.008909191569
-4.662635517e-05
0.02084963608
2.073488185e-05
0.01420438262
0.008297796793
1.87232459e-05
0.02076092359
4.265119477e-05
0.01418045467
0.008340447987
0.003272758709
0.003816508169
-0.001785945167
0.001465615139
0.00262718139
-0.0008200378148
0.001833990968
-0.0003683758281
-0.0002571294425
0.01672166017
-0.0001192121471
0.01129697966
0.006445813612
-0.0001690581178
-8.072399161e-05
-0.0001213198077
-0.03040145884
2.732925687e-05
-0.02148122796
-0.01041024361
6.538157406e-05
0.0001389625348
-8.584087112e-05
0.02996551633
4.799846875e-05
0.02094465538
0.01063763473
-1.466842173e-05
9.250742461e-05
-0.0003024308025
-0.02645557636
-0.0001669541294
-0.01812004064
-0.0106584667
2.759930237e-06
3.906569318e-05
-0.0003005743432
0.0258675072
-0.0001674741655
0.01770873982
0.01030242132
-0.0002175466715
-0.0001021525476
-0.001366586696
0.0322577282
-0.001784309382
0.02736443482
0.01480340522
-0.0009991663496
0.03238524305
-0.03197734474
-0.0008809766592
0.02738071519
-0.02749890489
0.01352917245
-0.01441014911
-0.0004669166797
0.03217436352
-0.0003660129519
0.02727981147
0.0131631595
-0.0001438311959
-5.952223296e-05
-8.887125864e-05
0.01895094754
-2.750913981e-05
0.01291471749
0.007584277808
-0.0001512288726
-0.01884076759
0.01872835375
-4.894858118e-05
-0.01283342166
0.01273114137
-0.007510631701
0.00746168312
-0.0001549419402
-7.364610717e-05
0.0003162704639
-0.00873613466
0.006900209911
-0.006583939447
-0.007007143498
-0.0001650763528
-7.443054492e-05
9.044490728e-05
0.03084610659
0.0001899968472
0.0221049295
0.01015592628
-0.0004135460708
-0.000149468247
-0.0001837312969
-0.0312124509
-3.498221804e-06
-0.02267256181
-0.009786279151
-0.0001321765601
-0.02947894671
6.822010624e-06
-0.0204137183
-0.01078869998
-4.660324145e-05
6.439099066e-05
-5.665075511e-05
0.02897237661
4.629399768e-05
0.01991293273
0.01086271781
-9.841922447e-05
0.0288621444
7.747782259e-06
0.01980676572
0.01087046559
-0.000141499664
0.02697009096
-4.297258676e-05
0.01841687335
0.01075782461
7.468834197e-06
4.522966492e-05
-0.0001318587768
-0.0274755778
-3.458864081e-05
-0.01875896792
-0.01086064393
-9.637205269e-05
-0.02760227113
-1.286734323e-05
-0.01884247263
-0.01087351127
-1.574646208e-05
-0.02531360557
3.222921181e-05
-0.01731100624
-0.01005598721
-0.0001405102039
0.02416469148
-5.040497992e-05
0.01653885178
0.009446369359
-0.0002239414891
0.02473593049
-0.0001069389619
0.01693964101
0.009768747305
-0.0001299752938
-4.597429443e-05
-0.0001477598074
-0.02049651466
0.02037588696
-6.597104084e-05
-0.01399114217
0.01390935341
-0.008138204716
0.008072233675
-0.0002227102439
-0.02063666211
-0.0001188429232
-0.01409500949
-0.008257047639
-0.0001688455198
-8.340034854e-05
-0.0001832794864
0.01828586363
-0.01840935836
-7.186897276e-05
0.01242374194
-0.01253515245
0.007273046713
-0.007344915686
-7.917619009e-05
0.01817608828
-2.155255607e-05
0.0123661183
0.007251494157
0.01360036672
0.01193050666
-0.003669405871
0.006457647753
0.01096859592
-0.003825876931
0.009987256977
-0.003529609224
0.008951094382
0.01823046165
0.004173618565
0.01574607173
0.01416087554
0.006964315194
0.0241146508
0.002700219969
0.02001016694
0.01686109551
-0.0001101539514
-0.01746416135
-3.85500236e-05
-0.01185936851
-0.006861841236
5.151626601e-06
0.02189671347
-0.02198129261
4.095703409e-05
0.0149395864
-0.0149753918
0.008711343696
-0.008670386661
-0.0001196286094
0.021782781
-4.852807676e-05
0.01486848586
0.008662815619
-0.0001547197468
-0.0319660891
0.03184864023
8.928360242e-05
-0.02411771434
0.02387371099
-0.009562958894
0.009652242497
-0.0001809283976
-0.02278455506
0.02264680838
-7.57565634e-05
-0.01553388862
0.01542871679
-0.008859109742
0.008783353179
-0.000156058113
-6.352064505e-05
0.001678039429
-0.006398646666
0.007522571952
0.0007410476119
-0.004861524396
0.005798516217
-0.003666411453
0.004407459066
0.004066763487
0.001832420485
-0.0001357273304
0.0178208926
-0.01793591098
-5.904942737e-05
0.01212231119
-0.0121989891
0.007041673993
-0.00710072342
-0.0002136765679
0.01632301705
-8.368731174e-05
0.01098763162
0.006210948158
-0.0001139502508
-3.697610508e-05
1.217263792e-05
0.0282768214
-0.02837616243
6.970400987e-05
0.01935926268
-0.01941679405
0.01100820863
-0.01093850462
4.249972572e-05
0.02872171539
0.0001205548445
0.0197287106
0.01099102043
-0.0002194306003
0.02860986922
-9.117980879e-05
0.01960045981
0.01089984062
-2.528231836e-05
0.02817047209
3.949668417e-05
0.01929448368
0.01104770531
-0.0001586288535
-0.02777316219
-2.273963416e-05
-0.01897836185
-0.0108962509
-0.0001973783975
-0.02789842235
-8.726719387e-05
-0.01908847305
-0.0109835181
-5.789556248e-05
0.01958734864
-0.01968749902
-2.956670812e-06
0.0133408034
-0.01339574229
0.007790780254
-0.007793736925
0.001387432049
0.008541967858
0.0006105292132
0.006575419055
0.005017988279
0.0002196754037
0.00840023943
-0.008019561519
0.00631729597
-0.006097620565
-0.0001583589926
0.01770715476
-5.571426556e-05
0.01201966647
0.006985959728
-0.0002289424421
-0.02234569123
0.02220168793
-9.332591406e-05
-0.01524219578
0.01510657925
-0.008776101501
0.008682775587
0.0002666434773
-0.0008590163895
0.03219847323
-0.03226760174
-0.0004043101526
0.0248703998
-0.02532510603
0.0100302476
-0.01043455776
-0.0005741503652
0.03213137798
-0.0002759266921
0.02457217612
0.009754320911
-0.0002095352838
-7.772438541e-05
-1.534237523e-05
-0.02243108063
2.406722263e-05
-0.01528160538
-0.008752034279
-9.909430267e-05
0.02002777495
-0.02013746529
-2.979979563e-05
0.01366601615
-0.01373531066
0.007963624207
-0.007993424003
-3.803316502e-05
0.01949751768
1.26912691e-05
0.01329007897
0.007803471523
-0.0001827101479
0.01990455909
-8.898683961e-05
0.01357229284
0.007874637367
0.008543899791
0.003897985052
-0.0001789010926
-0.01852430173
-9.345443302e-05
-0.01262059911
-0.007438370119
-0.000126264057
0.0180605474
-5.13113433e-05
0.01229116559
0.007200182814
-0.0001486563297
-0.01758565345
-6.378878461e-05
-0.01194423606
-0.006925630021
-0.001743024247
-0.001171229521
-5.633456554e-05
-0.02207992054
4.638366389e-06
-0.01503636473
-0.008665748295
-0.0002131817799
0.02164638008
-0.0001126525139
0.0147679566
0.008550163105
-0.0002308374603
-0.0001002474808
-0.0006594738812
0.03229673706
-0.0003547374495
0.02551606257
0.01051064716
-0.0002266003715
-0.03204865579
-3.041896639e-05
-0.02431389575
-0.009593377861
-0.0001984496254
0.03178066776
-1.492128357e-05
0.02369018265
0.009637321213
-0.0002679102204
0.03168028154
-4.695565081e-05
0.02346922808
0.009590365562
-0.000278092172
-0.02401897183
0.02385010174
-0.0001496280379
-0.01644151611
0.01631305197
-0.009438273628
0.00928864559
-0.000105431396
-8.095730884e-06
-0.0001184383911
0.02252977624
-3.411849246e-05
0.01534439689
0.008749234686
-0.0002395520352
0.02368735676
-0.0001146580511
0.01618815799
0.009173987539
-0.0001623764302
0.02354949096
-6.046315266e-05
0.01608624471
0.009113524386
0.002081443769
-0.02767985748
-0.0004936351404
-0.02287399759
-0.01782158003
-6.217107191e-05
0.0186241323
-6.710867214e-06
0.01267568116
0.007454972253
-7.168418809e-05
-1.660213408e-05
-0.0001916358868
-9.945939327e-05
-7.222879319e-05
-0.02849106298
1.713992136e-05
-0.01950616277
-0.0109213647
-7.277295466e-05
2.152407596e-05
-0.0002331996728
0.02802040623
-9.523881285e-05
0.01915652282
0.0109524665
-3.69981786e-05
3.105159658e-05
0.0008120764176
-0.009863031825
0.0003511040999
-0.0075585892
-0.005746516465
0.001711698329
0.000728528186
-0.0001357601164
-6.032970644e-05
-0.0002587860441
-0.0003932561092
-8.724181167e-05
-1.702729231e-05
-0.0002670459414
-7.608940068e-05
-0.0004192234287
-0.0001609430503
-9.979194253e-05
-0.03156608815
0.03146927535
6.733197518e-05
-0.02323173954
0.02306461562
-0.009521973535
0.00958930551
-0.0003058805704
-6.839202755e-05
1.496377812e-05
0.03138900611
0.0001366330068
0.02294294639
0.009725938517
-0.0002100439487
6.034063382e-05
-5.999191916e-05
2.799592625e-06
-0.0002006815981
-0.0234291314
0.0232893289
-9.029785067e-05
-0.01600812642
0.01589774267
-0.00909582801
0.00900553016
-9.581467207e-05
-1.769637574e-05
-0.0001711821121
0.02315492681
-6.988395979e-05
0.01579644452
0.0089356462
-0.0001063696554
-2.645463145e-05
-7.790911418e-05
-0.02024863008
-1.523571013e-05
-0.01379798406
-0.008008659713
-0.0001749433058
-6.357396207e-05
-0.0001543951403
-0.01939377464
-7.26948817e-05
-0.01322086178
-0.007755674952
-0.0001170137593
-4.779657127e-05
-0.0001217890955
0.01979306435
-4.68569474e-05
0.01349736069
0.00782778042
-0.0001356618986
-3.404349497e-05
0.003824315177
0.0009604845227
)
;

boundaryField
{
    topAndBottom
    {
        type            calculated;
        value           uniform 0;
    }
    inlet
    {
        type            calculated;
        value           nonuniform List<scalar> 
20
(
-0.4583335
-0.458335
-0.45833
-0.458335
-0.458335
-0.458315
-0.45835
-0.45835
-0.91665
-0.91935
-0.91685
-0.9138
-0.4583315
-0.458335
-0.458335
-0.45833
-0.458335
-0.45835
-0.4583
-0.45835
)
;
    }
    outlet
    {
        type            calculated;
        value           nonuniform List<scalar> 0();
    }
    wing
    {
        type            calculated;
        value           nonuniform List<scalar> 
162
(
0
0
0
2.710505431e-20
-2.710505431e-20
0
0
0
0
2.710505431e-20
0
0
0
-2.710505431e-20
0
0
0
0
0
-2.710505431e-20
0
0
0
0
0
0
0
2.710505431e-20
0
0
0
0
1.355252716e-20
1.355252716e-20
0
-1.355252716e-20
-2.710505431e-20
2.710505431e-20
0
-1.355252716e-20
2.710505431e-20
1.355252716e-20
0
0
2.710505431e-20
-2.710505431e-20
0
0
2.710505431e-20
-2.710505431e-20
-2.710505431e-20
0
-1.355252716e-20
0
0
-2.710505431e-20
-1.355252716e-20
0
-2.710505431e-20
2.710505431e-20
1.355252716e-20
0
2.710505431e-20
0
0
0
0
0
-2.710505431e-20
0
0
-1.355252716e-20
1.355252716e-20
-1.355252716e-20
2.710505431e-20
0
-1.355252716e-20
0
0
0
0
1.355252716e-20
-3.388131789e-21
0
0
0
1.355252716e-20
-2.710505431e-20
2.710505431e-20
-1.355252716e-20
0
-2.710505431e-20
0
0
1.355252716e-20
-2.710505431e-20
0
1.355252716e-20
-2.710505431e-20
0
0
1.355252716e-20
0
1.355252716e-20
-2.710505431e-20
0
-2.710505431e-20
2.710505431e-20
-1.355252716e-20
0
0
-1.355252716e-20
-1.355252716e-20
0
-2.710505431e-20
-1.355252716e-20
0
0
0
1.355252716e-20
0
0
0
1.355252716e-20
1.355252716e-20
0
-1.355252716e-20
0
0
0
0
5.421010862e-20
0
-1.355252716e-20
1.355252716e-20
2.710505431e-20
-2.710505431e-20
2.710505431e-20
0
-1.355252716e-20
0
0
0
0
1.355252716e-20
0
0
0
-1.355252716e-20
0
1.355252716e-20
0
0
1.355252716e-20
-1.355252716e-20
0
0
0
0
1.355252716e-20
0
-6.776263578e-21
)
;
    }
    front
    {
        type            empty;
        value           nonuniform List<scalar> 0();
    }
    back
    {
        type            empty;
        value           nonuniform List<scalar> 0();
    }
    procBoundary2to0
    {
        type            processor;
        value           nonuniform List<scalar> 
58
(
-0.002321860416
-0.03164068783
-0.02507176292
-0.0008148634931
-0.005677329743
8.288143973e-05
0.009596357223
-0.001749699763
-0.001393546704
-0.003032762294
-0.006930438322
-0.2290755168
-0.004621690668
-0.01860660458
-0.009038546052
-0.03347113606
-0.02241738676
-0.04288389339
-0.03654905479
-0.02969967741
-0.04414222418
-0.04293132305
-0.01917918259
-0.02290209434
-0.01106909062
0.01847013962
-0.007691083696
-0.01007950619
-0.003624418367
-0.006336994287
-0.03406075895
-0.005529168603
-0.00489279423
-0.01500399177
-0.01176756018
-0.03000503606
-0.02627153129
-0.04125768822
-0.03915571083
-0.05016630105
0.1059494738
-0.04619102847
-0.03825479059
-0.04815803987
-0.01961380812
-0.02039778498
-0.01096055786
-0.009476631518
-0.01012417462
-0.0280894716
0.007240073695
-0.000765361906
0.009185226106
-0.0002329301957
-0.0001069335857
-0.0006003533103
0.01044450211
-0.0006025387065
)
;
    }
    procBoundary2to3
    {
        type            processor;
        value           nonuniform List<scalar> 
51
(
0.4670162076
0.4631805221
0.9144663345
0.007226265259
0.9089934443
0.9068131958
0.9057239219
0.02944985393
-0.0109978096
0.06362843569
0.03062392708
0.06275704198
0.1284872642
0.1287212032
0.02731533196
0.03129469779
0.02299637038
0.1287716853
0.2569884437
0.06298389477
0.03107910029
0.06236414443
0.006716257586
0.2669414227
0.2590171847
0.1289111189
0.03121447694
0.2756705825
0.2826678588
0.2957063936
0.2959698315
0.2854829826
0.2786425288
0.4694006135
0.4648071426
0.4618411027
0.06343950261
0.1290703948
0.2931885314
0.2885644104
0.2912691345
0.2946837736
0.2586910798
0.2703497819
0.0632221043
0.2511211073
0.2410298198
0.1285536503
0.01620280103
0.01091065747
0.006173972053
)
;
    }
}


// ************************************************************************* //
