/*--------------------------------*- C++ -*----------------------------------*\
| =========                 |                                                 |
| \\      /  F ield         | OpenFOAM: The Open Source CFD Toolbox           |
|  \\    /   O peration     | Version:  v2012                                 |
|   \\  /    A nd           | Website:  www.openfoam.com                      |
|    \\/     M anipulation  |                                                 |
\*---------------------------------------------------------------------------*/
FoamFile
{
    version     2.0;
    format      ascii;
    class       surfaceScalarField;
    location    "2.13";
    object      phi;
}
// * * * * * * * * * * * * * * * * * * * * * * * * * * * * * * * * * * * * * //

dimensions      [0 3 -1 0 0 0 0];
oriented        oriented;


internalField   nonuniform List<scalar> 
5999
(
0.0004231528549
0.9162268471
0.0005142290934
0.9166089238
0.000592924885
0.9165713042
0.0002901295557
0.9165996009
0.0003531944129
0.4583383521
0.0003017775059
0.4583094714
0.0003713284454
-0.0003807997962
-0.0004727003918
0.4582856083
0.0005370921308
-0.0005993186695
0.4582334792
0.0007008394571
-0.0008124244499
0.4582079385
0.0009344859291
-0.001076172098
0.4581805179
0.001230654165
-0.001389360152
0.4581737081
0.001550652064
-0.001711315747
0.4581973937
0.001845422028
0.001161830616
0.9150650165
0.001824472454
0.9159462819
0.002043374535
0.9163524021
0.0005537367219
0.9171643345
0.0009249042783
0.4580887169
0.0006672306665
-0.4582022109
-0.4581863865
-0.0008260472265
0.4579853798
0.001027054002
-0.4580404164
-0.001278205389
0.4577351367
0.0007454544707
0.0008380306676
-0.2289575222
-0.0009130822233
0.2288759017
0.0009947027167
-0.001350536831
-0.2288908615
0.2287816795
0.001459718781
-0.00191820962
-0.2288287548
0.2286831196
0.002063844877
-0.002608013985
-0.2288022001
0.2286367138
0.002773500279
-0.003320878883
-0.228842701
0.2287441945
0.003419345716
0.001460923201
0.9136040933
0.003948583105
0.913458622
0.006698246875
0.9136027384
0.002712029574
0.9150058006
0.006144751124
-0.458052166
0.4578961292
0.00286806639
-0.4578132602
-0.002834556966
0.4584772493
0.002170567897
-0.4573208775
-0.002237826561
0.4571042167
0.001189394455
0.001265092966
-0.2284808229
-0.001491266498
0.2283097009
0.001662388514
-0.228231176
-0.002283250633
0.2279874088
0.002527017749
-0.2280570906
-0.002481278136
0.232356125
-0.001823023552
-0.2361627882
0.01664049514
0.2402126268
-0.02071448751
-0.2346420294
0.02964428225
0.2364430752
-0.03146324998
0.0004438631582
0.9131602302
0.0009831781062
0.9129193071
0.002119776283
0.9124661402
0.003024936562
0.9121301658
0.001970474536
-0.4571615215
0.4567604398
0.003426018247
-0.4600417648
-0.004607326994
0.4570220701
0.007627021735
-0.4586043101
-0.008856815292
0.4601901601
0.001955364043
0.00531560123
-0.2276838053
-0.001924573657
0.2274897901
0.002118588864
-0.2295710025
-0.0012135143
0.2352684711
-0.004497249347
-0.2483995392
0.02090887002
0.2530992715
-0.02566799396
-0.2505376536
0.03666063837
0.2529392829
-0.03912551536
-0.2402523749
0.0432703014
0.2407289464
-0.04378236407
4.169790952e-05
0.9131185323
0.0001367380001
0.912824267
0.0003873418713
0.9122155363
0.001077677396
0.9111780695
0.0002617607751
-0.4565187447
0.4557380101
0.001858412021
-0.4556269796
-0.002255301819
0.4550297377
0.002852543722
-0.4541361281
-0.003681111596
0.4533993934
0.002355707841
0.002062138447
-0.2281615576
-0.004165134943
0.226914985
0.005410751441
-0.2516828653
0.005121926048
0.2582926733
-0.01180368265
-0.2636207251
0.02628606165
0.2657705885
-0.02854132548
-0.2556004103
0.03052998073
0.2547462617
-0.02976089682
-0.2387558092
0.02472378133
0.2367333523
-0.02274064679
-0.000250629857
0.9133691621
-0.0004024370639
0.9129760742
-0.0003085018278
0.9121216011
2.862462668e-05
0.9108400084
9.346378072e-07
-0.4548910579
0.4546108682
0.0003088143157
-0.4545531512
-0.001240410413
0.4538196739
0.001973887783
-0.4526155813
-0.002488802581
0.4516379077
0.001704248696
0.001762227505
-0.2369753293
0.0009299688975
0.2402582471
-0.004250785223
-0.2640997257
0.01302997261
0.2661305487
-0.01517881382
-0.2673812214
0.01584668399
0.2649726034
-0.01356852103
-0.246192575
0.002616205405
0.2459725229
-0.002472745907
-0.2259556695
-0.01402480505
0.2218321369
0.01812972091
-0.0006761762988
0.9140453384
-0.001219724513
0.9135196224
-0.001605067526
0.9125069441
-0.0003321348988
0.9106523299
-0.001085254087
-0.4545124491
0.4542374617
-5.714750189e-05
-0.4528020649
-0.0001470523429
0.4524623258
0.0004867914478
-0.4512866923
-0.001431616188
0.4510931756
0.0008582721204
0.0007662743802
-0.2466763162
0.002848096837
0.2483969752
-0.004640332355
-0.2719989599
0.008450316451
0.2683536918
-0.004953023672
-0.2592901632
0.003726526759
0.2572913202
-0.001856579505
-0.2271533106
-0.009016860588
0.2204489388
0.01567714308
-0.2092848847
-0.03594051798
0.1062869931
0.1005397882
0.01704187276
0.02135674856
-0.001119431711
0.9151647702
-0.002181834947
0.9145820257
-0.003041000874
0.91336611
-0.001621233033
0.911430669
-0.002198106897
-0.4542434139
0.4542790758
-0.001656894987
-0.4523262749
0.001741433424
0.4522572499
-0.001672408374
-0.4504132046
0.001531823995
0.4509941296
-0.0007381281051
-0.001383100001
-0.2506321297
0.0006002058509
0.2504744775
-0.0005314122292
-0.2673841836
-0.0003529755999
0.2668401803
0.0007410228348
-0.2510576433
-0.003283956086
0.2496975181
0.004519902721
-0.2089345951
-0.009064022894
0.2072052901
0.01077856524
-0.09357312008
-0.007064819758
0.09352750936
0.00711043048
-0.001555748767
0.9167205189
-0.003035803846
0.9160620807
-0.004578304357
0.9149086106
-0.002692939638
0.9128072935
-0.003261989256
-0.4545202267
0.4547515163
-0.002924229171
-0.4523658535
0.003186178854
0.4526082154
-0.003428540757
-0.4513225856
0.003645296655
0.451963825
-0.002060832553
-0.002243815401
-0.25091028
0.002674226954
0.2507708103
-0.002637934347
-0.2642598556
0.001594839596
0.2634887122
-0.0009919618234
-0.2460069644
-0.001082378365
0.2452573003
0.001706060148
-0.2060029069
-0.002647282574
0.2063342782
0.002309128053
-0.09716548062
0.0005523564096
0.09771776991
-0.001104645704
-0.001954731364
0.9186752503
-0.004016451962
0.9181238014
-0.006006509848
0.9168986684
-0.003761018282
0.9149024026
-0.004340600658
-0.4551939837
0.4556315991
-0.004198633677
-0.4529358989
0.004695206931
0.4534957533
-0.005255061281
-0.4527348039
0.005783836219
0.4539213853
-0.003296485053
-0.003702383537
-0.2503235307
0.004041288452
0.2502591221
-0.004091436513
-0.2615239524
0.003507712109
0.2609773275
-0.003140979767
-0.243753034
0.001983145363
0.2433594417
-0.001719959686
-0.2079215102
0.001786929884
0.2084866167
-0.002356074093
-0.1003446723
0.002491390564
0.1006101623
-0.001363549672
-0.001393330887
-0.002437648567
0.9211128989
-0.004861089464
0.9205472423
-0.00741718865
0.9194547676
-0.004796822787
0.9176390372
-0.005357000498
-0.4562670762
0.4568988899
-0.005428636423
-0.4541325952
0.006192685192
0.4548388442
-0.006898934217
-0.4554787854
0.007710863953
0.4573274408
-0.00469591865
-0.004907327959
-0.2501936558
0.00533506228
0.2502066747
-0.005475581203
-0.2595695393
0.005261999072
0.2591651203
-0.005049648732
-0.2424599433
0.004439328569
0.2422346332
-0.004348029785
-0.2102710201
0.004756856229
0.2108958276
-0.005383268735
-0.1021542289
0.003726082179
0.1023274255
-0.001934876385
-0.001964402475
-0.002877426057
-0.005769449448
-0.008780906543
-0.005737099763
-0.4576960172
-0.006519107369
-0.4557524242
0.007420462385
-0.008382695468
-0.4592432799
0.009425969121
-0.005743518555
-0.005253046076
-0.2503393452
0.006557954644
0.2504314434
-0.00679180089
-0.2581080962
0.006860446132
0.2577995037
-0.006756154224
-0.241725596
0.006429558026
0.241585477
-0.006425817952
-0.212947291
0.007041683678
0.2137159381
-0.007810491413
-0.1034534855
0.004997750628
0.1036211316
-0.002563115139
-0.002602281625
0.000124893667
-0.0007287494257
-0.09656162486
0.00231475734
-0.1000643759
-0.001283959005
-0.001311094738
0.003583322574
-0.1019682186
-0.00187287959
-0.001896453239
0.00482479128
-0.1032903847
-0.002475905388
-0.002511986695
-0.008713422418
0.00914016931
-0.09399986698
0.0008370684788
-0.001419506105
-0.2073437538
0.1007118107
-0.1004312182
0.002034164834
-0.0977884888
7.930797909e-05
0.09826153724
0.004093442387
-0.004704466117
-0.2096621231
0.1025126129
-0.102319359
0.003390068735
0.002230060851
0.1009731404
0.1013386054
0.002990836189
-0.101112053
-0.00159814217
-0.001619246438
0.05034616084
-0.001078780539
-0.05010950577
0.001995837151
-0.001153711683
-0.04962337412
-0.0008653545988
0.001681657911
0.04966048296
-0.0008534121491
0.006518556587
-0.007241950032
-0.2122243657
0.1038928057
-0.1037189269
0.004650912496
0.003544956403
0.1026937386
0.1028209764
0.004170863272
-0.1026591475
-0.002150720913
-0.002181971267
0.02552537368
-0.001047447126
-0.02559367579
0.001115749235
-0.05030627951
-0.001025415603
0.002126480293
0.05031138471
-0.001106169888
0.004815621104
0.1040749352
0.05215029358
0.00278890715
-0.002844232016
-0.05209496872
0.02720119672
-0.002058710287
-0.02695627664
0.001813790204
-0.02643864422
-0.001046478059
0.001210131418
0.02627499086
-0.04490609166
0.001241738993
0.04548315366
-0.000917616882
-0.0009011841146
0.04823166444
0.001690819109
-0.04787096044
-0.00109741209
-0.0009541110112
-0.004144381638
-0.04139996096
0.04144862208
0.004095720521
0.0009886822451
-0.001580914988
-0.04431385892
-0.000830880608
-0.04958019062
0.001642608065
-0.0008549109497
-0.001531274648
-0.04896448949
0.00145872099
0.04903704314
-0.09906042452
0.001698730888
0.09942738496
-0.002065691323
-0.04879576819
0.04882123517
-0.0007448150713
-0.0008119265557
0.02489488944
-0.0008356315148
-0.02489013853
0.001631981713
0.04842562984
-0.00099506135
-0.0008308857636
0.001506458207
-0.04877093017
-0.00074808026
-0.0007832159692
-0.001031160037
-0.05034539299
0.002074556534
-0.001004283016
-0.001138592928
0.001980821473
0.05047606497
-0.0009721326705
0.003142774235
0.1015637521
-0.001672038912
-0.00169588204
-0.02551998649
0.02558046368
-0.001199070116
0.02496409957
-0.0009693907559
-0.02502586885
0.02487584437
-0.0008463095293
-0.001288162445
-0.02531060459
-0.001087327377
-0.02657270771
0.001221390867
-0.001056507148
0.001133275997
0.02544860483
0.004327090196
0.1029787591
-0.002224595177
-0.002260277758
-0.02572012636
0.02557264628
-0.0009090270603
0.02704981184
-0.0008470309327
-0.02729010828
0.02493671494
-0.0009980309795
-0.0009014075692
-0.02586616592
-0.001494265089
0.001550236634
0.02714522518
-0.002890528625
-0.02772033238
0.02752381731
-0.001297750015
0.026778383
-0.0007750492208
-0.002299408811
-0.02747963386
-0.004053792451
0.003993089564
-0.2059501088
-0.0972912206
-0.0003723745366
-0.0952451262
-0.006909751751
0.09509005819
0.09462657303
-0.002817588797
0.002233714801
-0.09404269903
0.04517769719
-0.04468090964
0.0004918946902
-0.04228949891
-0.004194958043
0.04234007532
0.001465659604
-0.001866842902
-0.09865924122
-0.04890229412
0.001444262845
-0.04804240783
0.001418340286
0.04825604926
-0.04776787692
0.001416288195
0.0007770223275
0.04564241386
-0.001777462193
0.09525944876
0.001144586468
-0.02093684308
-2.994312109e-06
0.02081873327
0.0001211041289
-0.002663426758
-0.01710565205
0.01698093383
0.002788144988
0.001719612147
0.0196261514
-0.001923655983
-0.01942210756
-0.02657361154
-0.09613344959
0.04706755444
0.04564327488
0.01498951232
0.01500671949
-0.005101924521
0.005827232488
-0.04212526892
-0.001167667029
-0.02505215121
0.001319754591
0.02490006365
-0.05136061732
0.002826182503
0.05138826937
-0.002853834551
0.05151589869
0.002976729075
-0.003017805998
-0.05147482177
0.00526641315
-0.02029448256
0.02866240044
-0.01363433103
-7.236753855e-05
-0.02103253454
0.0001680589984
0.04674962605
0.001559229763
-0.04639179175
-0.0009611996642
-0.000955864397
0.02313507531
-0.02346798951
0.0002605466705
-0.02223897403
0.00357251452
0.02393287266
0.02337578826
-0.02549948141
0.002143970752
-2.027760522e-05
0.0003349202012
0.02279716079
0.001611350717
0.04707784256
-0.0009603496771
-0.0009792175394
0.04245105434
-0.001200966438
0.0006212023909
-0.04187129029
0.02009397617
-0.0196586259
0.001284261883
-0.0182402195
-0.002230109853
0.01780690259
-0.003673650084
-0.02147879004
0.002913466098
-0.002377279113
0.001720507259
0.02075074802
-0.0003856341253
0.04308176948
-0.0002450810205
0.02021545499
-0.002966582698
-0.003603253056
-0.02036487959
0.02482725532
0.0008189241649
-0.0009141125044
-0.02473206698
-0.02141649043
9.443654557e-05
0.02134345603
-2.140214051e-05
0.0008536742349
0.02486649812
-0.0008929170298
0.04865888837
0.00153110604
-0.04860068628
-0.0008227625113
-0.0007665456173
0.02192997145
-0.0219723344
9.26603143e-05
-5.029736399e-05
0.000703821748
0.02264076797
3.119854293e-05
-0.02148159886
9.585660219e-05
-3.07481737e-05
9.747262017e-05
0.0218644313
-3.193247443e-05
0.001516754628
0.04870831802
-0.0008001890849
-0.0007659951876
0.02542363764
0.0009365363226
-0.0009143371344
-0.02544583683
0.001006615632
0.02534225066
-0.0009252286563
0.02480924156
0.0009213078795
-0.0009118548146
-0.02481869462
0.0009274189596
0.02480525643
-0.0009234338356
0.02482370235
0.001366715247
-0.001425626554
-0.02476479104
0.001619113166
0.02513654959
-0.001931960408
0.02654326459
0.001283965843
-0.001498153781
-0.02632907665
0.001175370871
0.02659395363
-0.001226059911
0.003019746477
-0.003052571409
0.02478169895
0.001113617862
-0.0008305849385
-0.02506473187
0.0245183926
-0.0009043606797
-0.04389927769
-0.01615025341
0.04007939192
-0.00379324327
0.003909241486
-0.01722165027
-0.02590556433
0.001142714107
0.0259382211
-0.05090477536
0.002142921783
0.05093909748
-0.0021772439
0.05102372325
0.002250520521
-0.002278099637
-0.05099614413
-0.05075287503
0.002018150291
0.05079297719
-0.002058252455
0.002116237019
-0.002152108472
-0.05086890391
-0.02579019208
0.001168593592
-0.05128045513
0.002628149812
0.0513021678
-0.002649862477
0.002770140036
-0.002788472731
-0.05134228462
-0.025220103
0.001281569651
-0.05044761535
-0.0009577960131
0.001997489729
0.05041453726
-0.0505807491
0.001893949818
0.05062761431
-0.001940815024
0.001984306142
-0.002025787848
-0.05071139332
0.0241152083
-0.0003482364249
-0.02439447886
0.0006275069887
-0.0003367130245
-0.02519345434
0.0006001914992
0.02492997587
-0.02519201762
0.001004077454
0.02513107343
-0.0009431332636
-0.02513341393
0.001422840068
0.02532968702
-0.05113503215
0.002476213147
0.05115952003
-0.002500701026
0.002584561442
-0.002610623526
-0.05125439305
0.002289191866
0.05105103733
-0.002316505951
0.002413670205
-0.002442391348
-0.051106311
-0.02507516732
0.001308468647
0.02512031354
0.001080292714
-0.0009273185839
-0.02527328767
0.02456807811
-9.148606416e-05
-0.02484450918
0.0003679171284
-0.02557547687
-0.0001414634635
0.0003868814014
0.02533005893
0.02290348211
-0.02305648271
0.0001696293608
-1.662876309e-05
-0.02644121164
0.002267616719
0.02415575152
1.784340577e-05
-0.02717957658
0.00165823859
0.02746807989
-0.001946741901
0.02517168371
0.00128908344
-0.001475398876
-0.02498536828
0.02333693607
-0.00219317565
-0.02329191064
0.002148150226
-0.0004065977759
0.0006944569986
0.02382734907
-0.0001337257644
-0.02582250508
0.0003807539734
-0.0001181440876
-0.0265685933
0.0003700870677
0.02631665032
-0.02629731822
0.001029183884
0.02615556304
-0.0008874287115
0.0259255407
0.001046012066
-0.0007600070373
-0.02621154573
0.02240368611
-0.02252284712
0.0001056779248
1.348308358e-05
0.0001031329337
0.02275996802
4.038115332e-05
-0.01949947403
0.004445158576
0.0150080353
4.628014979e-05
-0.02447872827
0.002598689493
0.02536455623
-0.003484517453
0.01885209467
0.001310989849
-0.020259315
9.623048696e-05
0.004214317411
0.01454804259
8.973466427e-05
0.01770402649
-0.0002635663896
-8.628260154e-05
-0.01735417749
0.0003753945795
0.01822929774
-0.0009006658287
0.02145228527
0.0005609871445
-0.02216730624
0.0001540338239
0.0001192420888
0.02122179515
0.0001112480421
-0.0245700744
0.0005390326359
0.02415028386
-0.02375149703
0.001091244105
0.02371237552
-0.001052122591
0.02339360204
0.001013652355
-0.0008986476327
-0.02350860676
-0.02267115864
0.001368227183
0.02310378026
-0.001800848802
0.001170245901
-0.001232151728
-0.0236895912
-0.02501609149
0.001007004228
-0.0211572059
0.004209062791
0.02116246052
-0.02364508789
0.001628036384
0.02425719715
-0.002240145641
0.02600471459
0.001364547379
-0.001692990165
-0.02567627181
0.00102857464
0.02329789021
-0.0009328628161
0.00141263489
-0.001725883809
-0.02333183897
-0.02186387625
0.002017660198
-0.0008274552899
-0.02236875318
0.00115005651
0.02204615197
-0.02166523607
0.0009754233067
0.02180251831
-0.001112705548
0.001262636688
-0.001684140891
-0.02224965444
0.02246926363
0.001509433722
-0.001370959223
-0.02260773813
0.02186577862
-0.0002239702804
-0.02059281546
0.001449128986
0.01914780602
-4.11955142e-06
-0.02319872207
0.001575369293
0.02359608515
-0.001972732369
0.02701002242
0.002180262972
-0.003209415078
-0.02598087031
-0.02355434508
0.0006519718777
0.02339546613
-0.0004930929228
0.001086024822
-0.001131650588
-0.02315309631
-0.02106414468
0.0004340692433
3.725998165e-05
-0.0269958408
0.0005283267423
0.02678240605
-0.0003148919868
0.02613455996
0.0005027461049
-0.0002827769279
-0.02635452914
0.001618210871
0.02740592548
-0.002014113931
0.0005887199649
-0.0003794651512
-0.02720509562
-0.02219333429
7.933777133e-05
0.02214122639
-2.722986957e-05
-0.02561560339
0.0006910953283
0.02543382943
-0.000509321365
0.02489677404
0.0006621091781
-0.0004889823425
-0.02506990088
0.001082340046
0.02605359016
-0.001131215613
0.0007160065268
-0.0005388629756
-0.02579274694
-0.02226528945
8.247114277e-05
-1.051598305e-05
-0.02167556614
4.617064178e-05
0.02159080492
3.85905745e-05
-0.02421886694
0.0006334963826
0.0240472975
-0.0004619269436
0.0006389108886
-0.0004769812322
-0.02371627474
0.0006582765885
0.02472715964
-0.0004886621839
0.000637686783
-0.0004662301074
-0.02439032362
-0.02175416123
5.382781979e-05
2.476727028e-05
-0.02676460394
0.0003543201699
0.02652932634
-0.0001190425633
0.02584109488
0.0003033624759
-7.254795682e-05
-0.0260719094
-0.02764380845
0.002095729451
0.02773616475
-0.002188085749
0.0004273235715
-0.0001564263029
-0.02703550121
-0.02493330629
0.02471037727
-0.0001137840114
0.02400153331
-9.541882385e-05
-0.02425435091
0.0003041338141
0.02560962239
-7.266132542e-05
0.000332722439
-0.0001108527086
-0.02515517602
-0.02515722908
0.0005090027448
0.02490611745
-0.0002578911148
0.02414117357
0.0005352893819
-0.0002771702681
-0.02439929268
0.0004940470373
0.0258955386
-0.0002550256745
0.0005023447291
-0.0002538695582
-0.02540570425
-0.02310342733
0.00207655034
0.02316115791
-0.002134280921
0.003330888329
-0.004610912717
-0.02636378406
0.0005611360886
0.02387933032
-0.0002992928426
0.001232170394
-0.001002425304
-0.02333317242
-0.0004999215557
0.02293873673
-0.02354313373
0.001104318556
-8.881310248e-05
0.0003780735396
0.02427881768
0.001096063979
0.02497201187
-0.0009477623172
-0.02207769352
0.02195801046
3.08699492e-05
0.0210916003
-0.02159706788
5.546026804e-06
-0.02248599315
0.02238273661
-3.820692198e-05
-0.02220455408
3.53745034e-05
0.001510613317
0.01958934285
-8.355868789e-06
0.001919764806
-0.002552094409
-0.02654724697
-0.03116143841
0.004739382877
-1.915610196e-05
0.002254996669
0.02219435338
-0.002241282185
0.0278814054
-0.02780132041
0.002161197203
-0.004513095633
0.003354308084
0.02449572362
0.00142469311
0.02547370381
-0.001726713206
-0.02206543284
0.02206903989
-0.004516702677
0.02421471747
-0.0264558687
-1.309478105e-07
0.02371495701
-0.0001200214809
-0.001486765302
-0.02277184319
-0.02289477858
0.02279073714
-1.410264991e-05
-0.02258834827
-3.137064356e-05
0.0007830729746
0.02343645402
-4.809528039e-06
0.0001246641522
-0.02300696633
-1.247639763e-05
0.001030513442
-0.0008983299827
-0.02642950168
-0.02683324668
0.0003893175319
0.001163190212
0.02750128816
0.0219010074
-0.02203511614
0.0001560760935
-2.196734646e-05
0.0001168039317
0.02228632098
5.611971579e-07
0.00105722297
0.02563815419
-0.0007698364574
0.002050547891
-0.002304780332
-0.02422449582
-0.02102669133
0.001456645762
7.057153854e-05
0.0001943982148
0.02174573212
-3.912293486e-05
-0.04978522704
-0.0009548366932
0.001831582153
0.04983590054
-0.05012431062
0.001645426957
0.05018605256
-0.001707168893
0.05037672503
0.001744402276
-0.001806365268
-0.05031476203
0.001489784405
-0.04986094391
0.04992953681
-0.001558377299
0.001604982388
-0.001672177255
-0.05005711575
-0.0009146284911
-0.04974290968
0.001793619008
0.001776219929
0.05043657409
-0.001836068987
0.001868867534
-0.001913305962
-0.05053631067
-0.001011147106
-0.05047466127
0.001974729346
0.02563601768
0.0009169159931
-0.0009369414801
-0.02561599219
0.02731923214
-0.02757327467
0.0006813661005
-0.02751658637
0.001743665306
0.02786865052
-0.02651507493
0.002329376886
-0.02382756342
0.001716212118
0.02418790165
-0.02486085088
0.001048680232
0.02496963977
-0.001157469122
0.0001667963882
0.02070647599
-5.45391112e-05
0.02427766183
0.004217438119
0.0001673004908
-0.01399129066
0.0003569596298
-7.83776522e-05
-0.02114313796
0.0001889810677
0.0002637766668
-0.02381014383
0.02365706156
-0.02403739141
0.0006441065249
0.0232837473
0.0006338609281
0.004494727804
-0.02997976639
-1.444282137e-05
0.02655124919
-0.025297236
0.003240714614
0.02665885784
0.002036362106
0.02292665364
0.0006920138581
-0.0005326140111
0.02259573786
0.0008635297904
0.02243134317
-0.02057419231
0.00049427726
0.02084053031
-0.0007606152586
0.0008178455737
-0.001070124922
-0.02141295672
-0.022305673
0.001446353539
-0.004306181771
0.02162864664
0.002892990122
-0.01863300938
0.02623169753
-0.01190486991
-0.002820576883
-0.0187790152
-0.01786590551
0.0002713617981
0.0009298444485
-0.01909724252
0.0003014925588
-0.0211482861
0.001713250957
0.01479942645
-0.01473121192
-6.821452828e-05
0.03045040534
-0.02146677281
0.00581579392
0.02594094154
0.004520369085
-1.090528361e-05
0.0230805199
-0.02326914169
0.0002830583352
-0.0001096794886
0.02285892709
0.0003312722964
0.02125823942
-2.446288185e-05
0.02247292756
-0.02253774009
0.0001151781574
-5.036563093e-05
0.02242721552
0.0001053298278
-5.96177855e-05
0.0237982945
0.002159536363
-1.688932897e-05
0.02307154564
0.0007489336917
-2.218482501e-05
4.260825608e-05
-0.02206585971
5.091705696e-05
0.02487881661
-0.02508765545
0.000251447096
0.02470113531
0.0002703416149
0.02630795378
0.001054725811
-0.0002167885369
0.0259671325
0.0005576098172
0.02238601867
3.796076399e-05
9.94980574e-05
-0.02153517084
-4.592608234e-05
0.02344390465
-0.02361201006
0.000267603468
0.0002706195696
0.0245235004
0.0002751075283
-0.0001002124163
0.02434971459
0.0002739982308
0.02180673132
-4.251243797e-05
0.02626035144
-0.02653001202
0.0005730230578
0.0006137189715
0.02705983334
0.001023156586
0.02554320192
-0.0009303408237
0.0009820165419
-0.0009361868175
-0.02523784734
-0.02545622118
0.00059548927
0.0005743857304
0.02599009952
0.02433895209
-0.02454305765
0.0007393949419
-0.02515117183
0.0007102525006
0.02494992208
-0.0248539517
0.0009002879868
0.0248376707
-0.0008840069831
0.02189139379
-0.02196567607
5.496979745e-05
1.931247524e-05
0.02181140515
5.750103298e-05
2.248761047e-05
0.02232465581
4.104616789e-05
6.151354358e-05
0.02225100657
4.134786146e-05
3.230137788e-05
-0.01499986458
0.01496901699
3.08475933e-05
0.02172645717
6.764309543e-05
1.730488561e-05
9.471846401e-05
0.02161923507
1.250363308e-05
0.001008754176
-0.001053273573
-0.02481633148
-0.02381805511
0.001222662078
0.0007616126216
0.02413847556
0.0003864426904
-0.0001443060124
-0.02508664585
0.02510926283
0.0006807654002
-0.02540358554
0.0247986723
0.0006785076591
0.0003057972834
-0.02335332127
-8.958721028e-06
0.02706175899
-0.02747389598
0.0007179342772
0.0267219048
0.0005094835543
0.02790238932
-0.02787569935
0.002240926745
-0.0007988625828
0.001227355921
3.567664889e-06
0.0231026528
-0.02393083523
0.0008245119365
3.670494325e-06
0.0003417033716
-1.906567414e-05
9.828888001e-05
-0.02263980267
1.866667633e-05
0.02579254551
-0.0260943019
0.0004000452757
0.02549170467
0.0004065187654
0.02640079328
0.0004242444514
-9.504793658e-05
0.0004015393114
2.511741629e-05
0.02623119827
-0.03097211942
0.004732179515
8.741630648e-06
0.002290138314
1.022472918e-05
0.02200196263
-0.0220731457
0.004516341652
-0.01497596356
0.006005806771
3.207174754e-05
0.0003946239768
5.253701489e-05
0.01452189693
2.61456584e-05
0.01580839215
-0.0002737121978
-0.01516743481
0.01610819785
0.0004725341285
0.01905044213
-0.02266287214
0.002476345947
0.01661717304
0.001585336276
0.0008479328103
0.01619493846
0.001424686762
-0.0091248112
0.002656877528
0.001936450378
0.0001739052118
8.318030807e-06
7.033915727e-05
0.02335830293
-0.02230462692
0.003155386778
-0.005704591068
0.003765657997
0.0009620908962
0.02231163465
0.001246194113
0.002024667925
-0.02226773935
0.02025106412
0.0006457160041
0.003517855099
0.0004461030812
0.002538763609
0.01297177355
0.0008248226112
0.001066903638
-0.0001443218732
0.0008618144022
-0.01954916555
0.0003076011646
0.0004779282883
0.02138198542
-0.02201508887
0.002082232435
-0.004464876704
0.00438008932
-4.828259969e-05
0.0001582145189
3.588022505e-05
0.02252961208
0.0004875295292
0.0009485924517
0.02261338503
-0.02269840292
0.0001150946097
-3.007672035e-05
0.000111809422
-3.616448354e-05
0.02281982232
0.000268233428
-1.65101078e-05
0.000144218858
-2.279945623e-05
0.02529245442
-0.02548785587
0.0002747392199
-5.105976666e-05
0.0002558587387
2.430691501e-05
9.864271667e-05
2.208650736e-05
0.02570346022
0.0003623149908
0.0002980754991
0.0237870955
-0.02398269009
0.0002417652257
-8.108249921e-05
0.0002561679375
-2.544841275e-05
8.98732327e-05
-3.730313606e-05
0.02417509334
0.000264494484
0.0002462310703
-0.0001001629535
0.0263043745
0.0003251147916
-0.02287804677
0.02279547504
-1.759121826e-05
-0.02297366049
-2.342884776e-05
-0.02270033375
0.0226129486
1.483719586e-05
7.533219597e-05
1.980908626e-05
0.0003077972998
-0.0007509391441
0.02737427283
0.001112831063
-0.02412986199
0.02336300241
1.592043186e-05
-0.02634957442
3.162668415e-05
-0.02310734797
-2.273881675e-05
0.0002856220928
-2.996765543e-05
0.0006243937108
-0.0001145323905
0.02448612494
0.0003387847264
-0.02217659327
0.02209194913
-2.988824397e-05
-0.02226513644
-2.524084556e-05
-0.02200229343
0.02189361898
1.32556292e-05
0.000106280521
-1.662482373e-05
0.0003380545526
-7.81480338e-05
0.02537706894
0.0003107014826
-0.02252615768
0.0224307386
1.727104033e-05
1.412959914e-05
-0.02235141949
-2.456965745e-05
0.0001026077587
-2.328864233e-05
0.0003245006815
0.02203666082
4.764789404e-05
-0.02211014144
2.583272573e-05
5.362120016e-05
1.736355187e-05
-0.0002638149905
0.02465397803
0.0005159544097
-0.02465955352
0.02444935973
-0.02486979674
-0.02423536624
0.02401569701
0.0002689632874
0.0005236486343
0.02218497714
4.72352977e-05
1.879413146e-05
4.349928638e-05
3.13364204e-05
0.01948225105
0.00144824891
-0.02094912481
1.862485057e-05
0.004461950332
2.043614004e-05
-0.004438785107
0.02432536351
0.003274579509
-0.02192136033
0.02194452555
-0.02260739234
-0.0309830337
2.254656828e-05
0.005930508838
0.003892088289
-0.0003605309623
0.02360924328
0.0006306180111
-0.02378404726
0.02351823476
-0.02315656249
-0.0004532551483
0.0005342651075
-0.0001725928366
0.0008103359648
0.02142324271
2.339952355e-05
2.086275842e-05
0.0006228822016
-0.02395735045
-0.0002086654847
0.02381501832
-0.02414807321
0.0009559370926
0.02352948047
0.001389856406
0.02447760878
0.0006991370593
-0.0004403177214
0.0007698532909
-0.0001188504913
0.02182044149
1.871848334e-05
1.470812477e-05
0.02228495794
0.0001469166171
-4.91379476e-05
-6.390215285e-05
0.01505160248
0.004544849089
-7.108719818e-06
0.01509818124
-4.65787514e-05
0.006093454324
-0.0221567115
0.02664842552
-0.02464747026
0.004092499067
0.003512109047
0.02353316184
0.002251315306
-0.004582490967
0.003468182543
-0.01506650228
0.03113218714
0.006003355031
-0.01505821709
-8.285191571e-06
-0.01958445658
9.536811895e-06
0.004677966201
-1.647766241e-06
-0.0002058919762
0.02333813024
0.0005827187451
-0.02176926555
0.0215621428
1.230776066e-06
4.331947066e-06
-0.02107500644
3.784563175e-06
0.0004888282641
-1.691906486e-06
0.001055115319
0.02268959126
0.0001206926495
-1.954676234e-05
0.0001282932687
-2.70502838e-05
0.02315583362
0.0002900441201
-9.423722876e-06
0.00015956475
-1.069745913e-05
0.0001341576933
-0.02216383156
-5.442270446e-06
0.02458055837
-0.0248887052
0.0004423045201
0.02426401099
0.0004726234729
0.02519142294
0.0004170856649
-0.0001244241183
0.0004271418564
-1.93469977e-06
0.0005488306072
-0.02151335549
-6.216643865e-05
0.02286509117
-0.02348290029
0.001166639728
0.002248591232
0.02391638174
0.0005420274644
-0.0002825946422
0.0007160760952
-5.021801933e-05
-0.001354672011
0.001510739144
-0.22863689
0.002068352685
0.2283103154
-0.2285148062
-0.001863861839
-0.2289845308
-0.001209611568
0.2288436055
0.002282601946
-0.2284454252
0.003028098194
0.2280573868
-0.2283308872
-0.002754597787
-0.2289248396
-0.001750171154
0.2287568012
0.003224255413
-0.2282533197
-0.007973108122
0.2349914234
-0.2304299652
0.003401114827
-0.2288929807
-0.002409943092
0.2286949098
-0.01213268294
-0.2320170063
-0.02144443834
0.2358594739
-0.2333316535
0.0189018404
-0.228908843
-0.003133211831
0.2287211759
-0.02340206336
-0.2326971105
-0.001793553374
0.002017383453
-0.2279076354
0.002837622651
0.2272625618
-0.2275574376
-0.002542746844
-0.002059721561
0.2280867863
0.0006892102409
-0.227425611
-0.0164299153
0.2452304788
-0.2397571232
0.01091926251
-0.003068147501
0.2286433388
-0.02159275872
-0.2432823826
-0.03414623646
0.2514946673
-0.2479185459
0.03051435303
0.01208468992
0.239525355
-0.03720711769
-0.2475311921
-0.04300370833
0.2435165219
-0.2421565873
0.04160422203
0.02724746306
0.2382348907
-0.04396176547
-0.2393262658
-0.009018627555
0.01023072146
-0.2293736515
-0.008391541231
0.2469781147
-0.2396657986
0.00103927268
-0.002660304126
0.2287070748
-0.01401999054
-0.2461118691
-0.02680046915
0.2626456554
-0.2591509813
0.02321442788
0.01572364125
0.2503639639
-0.02971571926
-0.2608011729
-0.03420366597
0.2590455087
-0.258353101
0.03342188675
0.03358728105
0.2545020443
-0.03434067236
-0.2555454853
-0.03190861624
0.2430163799
-0.2442028569
0.03304340587
0.04237827645
0.2443642449
-0.03066286222
-0.2400418211
-0.0002911398435
-0.003444661848
-0.2332665268
-0.01359647528
0.2594735354
-0.2565441246
0.01057368968
0.0003984345582
0.2516480168
-0.01602285688
-0.2617820846
-0.01446265658
0.2691722034
-0.2710722649
0.01623253082
0.02289078324
0.2659383218
-0.01059421009
-0.2713826616
-0.01126248058
0.2550485204
-0.2562293258
0.01234412903
0.03062975386
0.2588517442
-0.006840784389
-0.2506953367
0.002847077932
0.2306479332
-0.2344147455
0.0008809944784
0.02669402465
0.2409949307
0.00706913059
-0.2302043519
0.002899498382
-0.005147742858
-0.2444918965
-0.005117907279
0.2653337936
-0.2654252831
0.005084999564
0.01041177857
0.2619879228
-0.008639100618
-0.2686198409
-0.00723805641
0.2647836013
-0.2660052522
0.008319472338
0.01716083251
0.2677241156
-0.005382325078
-0.2612754721
0.0082188098
0.2354866665
-0.242355802
-0.001426913216
0.005980411229
0.2515901392
0.01430387151
-0.2332921843
0.03338208808
0.2105935776
-0.2136645178
-0.03031201424
-0.01003463412
0.2266270483
0.0359872054
-0.211890002
0.001225711592
-0.001595276174
-0.2503494202
-0.001595032421
0.2661500622
-0.2665058602
0.001804507436
0.007520489511
0.2661298503
-0.001158711817
-0.267975306
0.00136580705
0.2582440425
-0.2594583149
-0.0002934214956
0.002098100079
0.266267816
0.002863378407
-0.252680841
0.01020873237
0.2206636068
-0.2234081868
-0.00751468682
-0.004209715963
0.2306116398
0.01345945194
-0.2122058794
-0.09557545898
-0.008383089638
-0.02853360888
0.2031866685
0.09811240297
-0.01417121457
0.0149064885
-0.0988476769
0.09909719847
0.02464557154
-0.1003547683
-0.02338800176
0.02193328263
-0.1044868814
-0.01837640494
0.1009300037
0.002628898126
-0.002728372209
-0.250911423
-0.001754106637
0.2637785481
-0.2644472392
0.002263586093
-3.552211189e-05
0.2656848146
-0.001104848427
-0.2650752395
0.001408751803
0.2533626469
-0.2543928462
-0.0005238759887
-0.002203496062
0.2570222453
0.002263146051
-0.2469869483
0.2165189344
-0.2169563011
-0.003656060587
-0.007480765267
0.2190343607
0.008277389891
0.2061950848
-0.007278737553
-0.2004393076
0.2004832482
0.003864430549
0.004369018684
0.006111472719
-0.2010790311
0.005306805843
0.005175847255
0.09364247012
-0.005290808012
-0.09178234714
0.09192511235
0.002220521656
0.00281256039
0.007105105365
-0.09177702202
0.003518441608
-0.003497985223
-0.2504552445
-0.002711340836
0.2613991609
-0.2619266758
0.003068523315
0.00208352654
0.263128264
-0.002286283454
-0.2621254971
-0.001025932813
0.2506869894
-0.2512148731
0.001402820628
-0.0003924342955
0.2525264607
-0.0007414792276
-0.2441665785
0.2167475941
-0.2165618206
0.0006152595603
-0.002547861496
0.2163811475
0.0008794273062
0.2068055796
-0.00135670657
-0.202522308
0.203427802
-0.000139302981
0.0001132363859
0.000887864623
-0.2016692737
0.0005682290746
-0.00139904792
0.09821382149
0.0009029963492
-0.09726215544
0.09781523392
-0.0009851362156
-0.0009669901873
-0.09663005774
-0.0008547493805
-0.0008819940246
0.004993070553
-0.005111049807
-0.2501998373
-0.004792639579
0.2597030733
-0.2600790646
0.004984826993
0.003810916602
0.2609220083
-0.004547007899
-0.2600041653
-0.003843607899
0.2489626427
-0.2493205748
0.004043847729
0.002338568987
0.2501785917
-0.003723339557
-0.2427133793
0.2175162271
-0.2172838927
0.003829361198
0.001588422465
0.2169109016
-0.003204123722
0.2090611213
0.002626275373
-0.2060461261
0.206854046
-0.002082173354
-0.001929870231
-0.2051998451
-0.001515883402
-0.001686471719
0.1008662488
0.002665944306
-0.001444912546
-0.001477118262
0.05020989965
-0.05014781042
0.001542893161
-0.04994926462
0.001425946892
0.05001310214
0.005668726209
-0.005765901959
-0.2503792317
-0.005741465159
0.2584606098
-0.2586922492
0.005777087819
0.005415946347
0.2593619591
-0.005688232845
-0.2583612899
-0.00573195152
0.2478288982
-0.2479265691
0.005667117948
0.004605459242
0.2486372965
-0.005853196676
-0.2417397297
0.2185663437
-0.2183382659
0.00626441167
0.004494419177
0.2177481973
-0.006031066878
0.2115478623
0.005377892897
-0.2091512236
0.2098928761
-0.003450735708
-0.003321983642
-0.208405876
-0.00300032969
-0.003128286698
0.1024984612
0.003865866801
-0.002003503466
-0.002033398993
0.05100746196
-0.05097034209
0.002079117145
-0.05084766594
0.001977619327
0.0508881969
0.006923601512
0.2581966533
0.006507842585
0.2475861221
0.006714653049
0.2188693353
0.007522147452
-0.004122409104
-0.004228541222
-0.004673731108
-0.1061410273
0.004471873948
-0.2114160996
-0.004249745858
-0.004373899936
0.1059793625
0.1062498915
0.103794824
0.005173615952
-0.002654667671
-0.002692640694
0.05153153446
-0.05150243456
0.002741040145
-0.05140951394
0.002596273205
0.05144139055
-0.09591064244
-0.0007532043998
-0.0006949603211
0.0002519853274
-0.0004830817633
-0.0951037349
-0.0005758110964
-0.09591546333
-0.0003941761985
-0.001455735425
-0.04988374839
0.001390219191
-0.001344250556
-0.0496653506
0.001269616281
0.04973998487
-0.09976545126
0.002125565685
-0.001198825416
-0.001225664878
-0.05080533495
0.001941975162
-0.05066915752
0.001846929772
0.05071617757
-0.1017709175
0.003437594886
-0.001802902715
-0.001831993271
-0.05137790218
0.002552949683
-0.05127287495
0.002432663713
0.05131642438
-0.1031335206
0.004652862282
-0.002391737593
-0.002417988749
-0.04255479494
-0.004836628488
-0.02006298551
0.09258657243
-0.0129123999
0.09703656724
0.01398823563
-0.105694005
0.1029480312
0.02467925639
0.025718592
-0.09720647005
-0.2043193455
-0.001243910843
-0.001056094776
0.0003513153764
-0.0005179364188
-0.000724922549
-0.0001921659758
-0.09947433822
0.001360233647
0.09981283546
-0.1009593472
0.1011907118
-0.0007493010872
0.1019633777
-0.001508699181
-0.1016985893
-0.09985825784
0.1000973678
0.0006487546574
-0.0004441290261
-0.1006545211
-0.09909885942
0.001090180807
-0.207642829
-0.002804291665
-0.002663221367
0.003983019922
-0.002315888058
-0.002455914953
0.003379320766
-0.101696994
0.002925451272
0.101914317
-0.1028497787
0.1030340733
-0.002500182686
0.1036377225
-0.003010731688
-0.1034312825
0.1021729043
-0.001725410049
-0.002315092522
-0.1026168595
-0.1014647272
0.002758569356
0.0504579756
-0.05039685831
0.001683284985
0.001580644621
0.05027468199
0.002827765067
-0.001521302995
-0.001552266252
0.001952168093
-0.04992043546
-0.00109255817
0.0501566296
-0.05005429369
0.001849832185
0.05027420398
0.00187826278
0.04974512973
0.001622188201
-0.04968566002
-0.001718705196
0.00166211626
0.04980171867
-0.0008753129607
0.04970110707
-0.0008840163431
-0.2106448592
-0.004066221418
-0.003946969064
0.006650355641
-0.003643200749
-0.003759137978
0.005973064606
-0.1032092697
0.004162626583
0.1033737333
-0.1043753225
0.1045414777
-0.003809355934
0.1051231437
-0.00427457907
-0.1049147861
0.1038075749
-0.003170182105
-0.003647644193
-0.104178414
-0.1030382249
0.003999818463
0.05114198158
-0.05111246772
0.002221006659
0.002107184189
0.05104319956
0.004017070421
-0.002073479534
-0.002104277158
-0.02580994485
0.001101376831
0.0257377519
0.0507983334
-0.05080715438
0.002261350523
-0.001139031252
-0.001113498281
0.05078854884
0.002294185113
-0.001150291771
-0.001134108787
0.05053673447
-0.05050770412
0.002097449946
-0.002227255455
0.00213715249
0.05062683743
0.05052199599
-0.001148783299
0.105306363
-0.004432965107
-0.004886136019
-0.1057408706
-0.1044648915
0.005327241638
-0.002743013326
0.0516931373
-0.05165115263
0.002934744399
0.002783518315
0.05157419864
0.005361038596
-0.002752898009
-0.002787925535
0.05193139022
0.05204321875
-0.02508445789
0.002041905004
0.02564124238
-0.05100376509
0.003031012131
-0.001774677907
-0.001722844317
0.02577639929
0.02569387589
0.0257584909
0.001517480236
-0.001563228425
-0.02571274272
0.05111322861
-0.05118096249
0.002638274848
-0.001332665515
-0.001237875448
0.002684042479
0.051036815
-0.001329090824
-0.001278538049
0.02575393956
-0.02592500219
0.001217074692
0.0459756323
0.001392451496
-0.0009588125672
-0.000926117565
0.02332175909
-0.02321520071
0.001063687521
-0.02250536265
0.001093459121
0.02278013071
0.02517481281
-0.02494228333
0.0011320179
-0.02376804689
0.001265928457
0.02413015482
-0.04743994217
0.00169760557
-0.001078196651
-0.001050427187
0.002906015945
0.04150202732
-0.002959421187
-0.04000977636
0.04027525298
0.002640539327
0.004312873146
-0.04022692898
-0.04404517819
-0.001211622746
0.02243315998
0.001264920931
-0.0433272659
-0.001007409906
-0.0437156114
0.0006666734079
-0.04939096201
-0.0007974630271
0.001560001941
0.04948209733
-0.04958449959
0.04965612149
-0.00141587246
-0.001524853483
-0.04979182585
0.001211136073
-0.049259623
0.04934347741
-0.001294990484
0.001297217873
-0.001362103153
-0.04951961431
-0.0008463391793
-0.04927221252
0.001546513857
0.001915959894
-0.001120313998
-0.001133712194
-0.04959319724
0.001225064517
-0.0987234203
-0.001225525674
0.0495200975
0.04957429323
0.04894843214
0.001585487844
-0.0007924702889
-0.0009202145237
0.02383579065
-0.02372951787
0.0009797520462
-0.0239005589
0.0007363485397
0.02381618224
0.02593128778
-0.02611058041
0.0006820387327
-0.02660983753
0.000687897917
0.02645026636
-0.02493105507
0.0008413091521
0.02490673765
-0.000816991735
0.04853148133
0.001579164429
-0.0009021108144
-0.0007829051042
0.02506343327
-0.02514993585
0.0008025091021
0.001012409859
0.025244743
-0.02399570305
0.0007340550426
-0.02428205162
0.0007304275126
0.02418512049
-0.04874262111
0.001503876097
-0.0007593955578
-0.0007727895978
0.002043799354
-0.05038268008
-0.001002434807
0.05049074397
-0.0504808106
0.002033865979
0.002057596389
0.0503538254
0.001901200049
-0.001961778689
0.001911941358
0.05040366273
0.05049110127
-0.001059898997
0.003295516205
-0.001739269354
-0.001763412256
-0.05062020803
0.001819918038
0.001721631173
0.05051256435
-0.001068853546
0.02567718456
-0.02630350745
0.02637327645
-0.001138622542
-0.02609092733
-0.001411650235
-0.02483946465
0.02471281795
-0.0008427440626
0.0009531819037
-0.0008243825225
-0.02496826403
-0.02507696996
-0.0008731348572
-0.0248561298
-0.02535102344
0.0007021963372
0.0006830405681
0.02574229425
-0.02571406017
-0.001665029605
0.001323092578
-0.001756258641
-0.02528089411
-0.02514122369
-0.02644048731
0.001472887975
0.02662583793
0.05121749287
-0.05113697142
0.002623738753
-0.001433443409
-0.001270816793
0.002621752711
-0.001361319348
-0.001223902982
0.05078322491
0.002332207126
-0.001167030913
-0.001159852277
0.002366728176
0.05077682074
-0.001174160879
-0.001186163131
0.02522417563
-0.0253031494
0.001159266483
0.004488517131
-0.002303586643
-0.002339691985
-0.05123828829
0.00237908355
0.002260304929
0.05117086852
-0.0009160330698
0.02542488861
0.001063790733
-0.02570430312
0.02546760606
-0.0006793360161
-0.02593880416
-0.000674526014
-0.02766931992
0.02733177254
0.001017308375
-0.02796869402
-0.02746158091
0.001188781007
-0.00107850888
0.02490905393
-0.02460825853
0.02455372617
-0.001023976515
-0.0008934715565
-0.02617201972
-0.0006681920127
0.0008945253593
-0.000661343059
-0.02640520202
-0.02601145329
0.001039812732
0.00155613692
0.02574580049
-0.001543446509
0.002981768645
-0.0007997746032
0.00115079521
-0.02704027643
-0.0275135145
-0.0007541481046
0.02649778705
0.00103474406
-0.02698096777
0.02662835898
-0.027522785
0.003545856194
-0.02633646168
-0.02658196545
0.002648187786
-0.2009602853
0.001446846476
0.001837254652
-0.005923773071
0.002939407277
0.002507328765
-0.005688053433
-0.09580858286
-0.002241830282
0.09627295096
-0.09894270959
0.09905863929
0.002823477582
0.001128820003
-0.09954023137
-0.09883421218
0.09874108574
0.006204599155
0.003692518168
-0.09877079721
-0.09540667613
-0.003219495535
-0.09256194771
0.0005847716258
0.0933806936
0.0008301972852
-0.003553023039
0.001608829566
0.001307358113
-0.003953251949
-0.04320499486
-0.0008550425291
0.04367440327
-0.04518325852
0.04534554273
0.001446545356
0.04619161745
0.0002665094612
-0.04587335529
0.004053034433
0.00333473713
-0.0893868973
0.04434684619
0.04475738492
0.001944976969
-0.04490771383
-0.04280915141
-0.001596809886
-0.09829844521
-0.001153322497
-0.001138495495
0.001651710778
-0.00105785322
-0.001077068847
0.001206291041
-0.04865606807
0.001424823966
0.04874799873
-0.04880134901
0.04892055384
-0.001177058046
-0.001264126618
-0.04914881888
-0.04815695723
0.04832297518
-0.001020767334
-0.001141067533
-0.04864541769
-0.0485478287
0.001422866674
-0.04681661777
0.00128630254
0.04714166595
-0.0472785871
0.04750848141
-0.0007129760672
-0.0009655464186
-0.04794461521
-0.0002246624977
0.04644999896
-3.371900783e-05
0.0003077797348
-0.0005859788696
-0.04700038797
-0.04646472593
0.001207337922
0.0003635639412
-0.001019578511
-0.09424286801
-0.000189523215
5.774955881e-05
0.001549858475
0.01707833418
-0.001647258824
-0.01619971317
0.01624412608
0.00150544557
0.00278761401
-0.01619918219
-0.0191173349
0.001872390216
-0.01851337917
-0.01891778773
0.001368070385
-0.0142680052
-0.04645240255
0.04576923053
-0.01700059335
-0.04495487488
0.04349952851
-0.008957230504
0.01028597835
-0.04482827636
0.04449717142
-0.04737711153
-0.01412065323
-0.04714599421
-0.01478989823
0.04766788724
0.01811248866
0.004087952529
-0.03672167336
-0.007512230596
-0.0130006467
0.04134756471
-0.008332284099
0.04298876483
0.008843047771
0.05084306174
0.002861103465
-0.05088065587
-0.00137616634
-0.001447342994
0.002982064966
-0.001504790654
-0.001637977659
-0.02482235444
0.001788444445
-0.002915010385
0.05143096747
0.002872312279
-0.05116149392
0.0512285485
-0.051154225
-0.05130243036
0.05135868074
-0.001556576135
0.002957130271
0.00291327598
0.02338373021
-0.0233880144
0.001017936543
0.001041770983
0.02337123221
0.001491385734
-0.0009608692887
-0.0009466758975
0.02391170428
-0.02283175312
0.002492563359
-0.003118567534
0.002298090526
0.02473218129
0.02503174325
0.00166576402
-0.00099695211
-0.001030911527
-0.02353735189
0.001181939897
0.001020581687
0.02339172316
-0.04086119586
-0.0001884763289
0.04166203467
8.839903906e-06
-0.001612456558
0.001026513675
-0.001981719524
-0.0183111611
6.994853491e-06
0.01867956083
-0.03887380161
0.0001947347346
-9.609484649e-05
0.0198420927
0.01995958269
-0.0005298287363
-0.02023283991
0.03832968864
0.002320033033
0.001951616343
-0.03828846487
0.001281328725
0.0008150976353
-0.01806982921
-0.0005048982847
0.001878913141
-0.02164445223
0.0221272448
-0.02195791217
0.001709580516
0.002208957781
0.02087199641
0.001176997558
-0.02032848671
-0.00200246202
0.001402414916
0.02147204352
0.02164127612
-0.0008411012768
0.0002072593652
-0.04253661654
-0.0008139050709
-0.0006253856214
0.02636932571
-0.02568574573
0.001496682989
0.001214831894
0.02419632805
0.02469490421
0.02467821915
0.001658437508
-0.0009984956618
-0.001084633073
0.0007916392252
-0.0008133766687
-0.02490931762
-0.02674504116
0.0007239235932
0.001255983986
0.0267315526
0.02466717162
-0.02476207931
0.0007570168655
0.0007936806196
0.02496084798
0.001555353857
-0.0008549031475
-0.0007696556584
0.001511792863
-0.0007789976536
-0.0007670982998
-0.02437962554
0.0007352607085
0.0007552693348
0.02457017888
-0.02587559264
0.02574952912
-0.0007882736129
0.0009211378619
-0.0007891457546
-0.02600758474
-0.02553584607
-0.0009238824412
0.02530833709
-0.02561599833
0.02548812222
-0.0007960063284
-0.0007916978748
-0.02475291064
0.02470133117
-0.0008602753489
0.000902445538
-0.0008490680922
-0.02480628808
-0.02483087757
-0.0009447907256
0.02479521047
-0.0246541132
0.0246201854
-0.0009108629269
-0.0008762158668
-0.02431309854
0.02427732839
0.001138867033
-0.02449602848
-0.02484222998
0.001216305972
-0.002502852529
0.02576178968
0.001877612437
-0.02459668329
0.0255620133
-0.02705926479
0.02738203814
-0.001820927137
0.001750672173
-0.002410782065
-0.02639915489
-0.02594703342
0.001368628942
-0.001037494163
0.02653938812
0.001092059677
-0.02741291308
0.0272839635
-0.0009085445872
-0.001256934845
-0.001515056594
-0.02485912405
0.02450116259
0.0007976919124
-0.02521451144
-0.02535147967
0.001084439714
-0.001082651996
0.02430110146
0.001299943134
-0.02413882937
0.02377225347
0.01939265771
-0.01343365017
0.007504423187
0.007267750697
0.0193482105
-0.005602456293
0.01846358733
0.006531526673
0.0508057157
0.002205644611
-0.05077457769
-0.001147418028
-0.001089364591
0.002230452179
-0.001133425883
-0.00109846498
-0.02586930969
0.001089878288
-0.00221265831
0.05097281806
0.002178937732
-0.05085246662
0.05087026049
-0.05082406591
-0.05089150287
0.05090758835
0.002240108141
0.002216782074
-0.0020904991
0.05083170807
0.002051768227
-0.05068004676
0.05072670015
-0.05064084927
-0.05078061432
-0.00219556006
0.002114187338
-0.002168101506
0.002076991497
0.002252017352
-0.001364197115
0.02559444502
0.02546442385
0.05071075328
-0.001151423793
-0.001107960676
-0.002690457604
0.0513200017
0.002672623705
-0.05117878676
0.05117237164
-0.05119037439
-0.05116117274
-0.002781524997
0.002739487898
-0.002728288998
0.002717204972
0.00123632349
0.02557483904
0.05095897513
-0.001332428422
-0.001318020701
-0.00134037006
-0.001362835677
0.0504643933
0.00197839123
-0.0504452948
-0.002018755139
0.002002337838
-0.001004881414
-0.001971325351
0.05066820235
0.001930737304
-0.05054456851
0.05057558099
-0.0505069923
-0.05060904073
0.002000406245
0.001957215276
0.000608966138
-0.02466539044
0.0246126642
-0.02482808059
0.02439742713
0.02504260291
0.0008130326329
-0.02525544404
-0.0006033701533
0.0008178924722
-0.0009483313412
-0.0250987029
-0.02522880353
0.05094091164
0.002568697253
-0.05080297642
-0.001333628932
-0.001373003538
0.002617795868
-0.00143937439
-0.001374481258
-0.02609025798
0.001569535471
-0.002540444587
0.05122043374
0.002479530874
-0.0510556801
0.05113303138
-0.05098768387
-0.05117924521
0.002577524924
0.002543565623
-0.002355122534
0.05107859441
0.002327565455
-0.05092328952
0.05093489516
-0.05095643755
-0.002473637664
0.002396210735
-0.002417753124
0.002368494142
0.0011670886
0.02515315102
0.05076416841
-0.001191012344
-0.001214088451
-0.001231715482
-0.001280730193
-0.02522711275
0.02497830183
0.0009212587124
0.001072859661
0.02569259186
-0.02598023648
-0.0003903296946
-0.001371436571
0.001377935547
-0.02811277467
-0.02781858982
-0.02463111243
-0.001800059227
0.02495577279
0.001225097639
-0.001302483907
0.001299254161
-0.02353604948
0.02404522465
-0.02404845439
0.02439331564
0.02419841257
-0.0008740183337
0.0003741302489
-0.02606834206
0.02626767451
-0.02655488732
0.02684249328
0.0006575460271
-0.02712995224
-0.0003690009183
0.0006566068796
-0.0008884178136
0.001032527567
-0.02663701295
-0.02686689564
-0.02627542138
0.02592193311
0.0007529828726
0.001039224191
-0.004092196991
0.002874787767
-0.0244228519
-0.0233910277
-0.01663607219
0.01702232372
-0.0006656583117
-0.0009415016303
0.01502126779
-0.01536742648
-0.00168984301
0.001001353014
-0.01754634465
0.02440443577
0.0008773122106
-0.02474271534
-0.0003484580591
0.0007155024157
-0.0009548997447
0.02362159767
0.001045677594
-0.02413930476
0.02389990744
-0.02431411514
-0.02363578315
0.02337099645
0.0009082308084
0.001021221716
-0.001733900915
0.02347321187
0.001364469305
-0.02352609921
0.02409028882
-0.02283438465
-0.02433981215
-0.001206454724
0.001492594264
-0.001742117588
0.001276214931
0.001952102138
0.02494216584
-0.002510975183
0.02503294914
0.001735223199
-0.02412667606
0.02538135888
-0.02321143493
-0.02634692824
0.02669030018
0.002275145254
0.001631822583
-0.001042966701
0.02325442175
0.001086435167
-0.02313014749
0.02295071058
-0.02291265081
0.001284253883
0.001206836661
0.02204283928
0.001217528613
-0.02211031138
-0.001263514142
0.001348441248
-0.001227479283
0.02202258769
-0.02191771477
0.02203867674
-0.0218128917
-0.02230956776
0.00143868949
-0.003155085677
0.02463435133
0.002116819493
-0.02254736718
0.02377237082
-0.02243786711
-0.02583535318
0.02714630719
0.003752811561
0.002406292585
-0.0005516267135
0.0232499396
0.0006971532372
-0.02307236394
0.02285200952
-0.02328239853
-0.02262092525
0.0007186138055
0.000815457103
-0.0002978516125
0.0265690911
0.0005111665629
-0.0262479392
0.02606189701
-0.02644773657
-0.02588426951
0.02570682241
0.0002928056555
0.0005073676167
-0.001055806463
0.02738120748
0.001080524458
-0.02729172962
0.02698485685
-0.02668298287
0.0005701074109
0.0007462192767
-0.0004922940417
0.02525110882
0.0006750146438
-0.02566900774
0.02543257243
-0.02590358988
-0.02519839466
0.02497975394
0.0004856248657
0.0006668328109
-0.0007795353865
0.02595343026
0.0008796952875
-0.02661381038
0.02639188481
-0.02614437736
0.0006098224393
0.0007705057601
-0.0004667108608
0.02388009148
0.0006339168876
-0.02390350789
0.02369296497
-0.02412366961
-0.02348876019
0.0004718082429
0.0006356249808
-0.0004844140894
0.02455911468
0.0006524590531
-0.02476619928
0.02455578342
-0.02434366864
0.0004766092654
0.0006454003276
-0.0002494280805
0.02565145907
0.0004935076102
-0.0254928429
0.02528476268
-0.02508016701
0.0002518309656
0.0004975857873
-0.001003501379
0.001133283272
-0.02472967657
-0.02685857519
0.002795937186
0.002010479897
0.003405609101
-0.02652896331
0.02770494407
-0.02671011703
0.02804521413
0.02538823059
0.002359393139
-0.003970115337
0.002648228899
-0.001837526724
-0.02558845272
-0.02708768421
-0.0006775414149
0.0009386784244
-0.0007423991274
0.001048564864
0.000458648313
-0.02713233025
0.02741817613
-0.02770192694
0.0279514695
-0.0006590020317
-0.0007818127312
0.001068487245
-0.02556918232
-0.0234472168
0.001491676397
0.001568282037
0.04998138486
0.001770524197
-0.04992032691
-0.001884241021
0.001811332193
-0.0009600217593
-0.001740273144
0.05024674081
0.001679584899
-0.05008937597
0.05016043502
-0.05002602067
-0.05022981861
0.05030171612
0.001780448603
0.001712427376
-0.001597760127
0.04999349405
0.001533802885
-0.04983302234
0.04989737847
-0.04976921144
-0.04996181442
-0.001736383501
0.001631715546
-0.001696151496
0.001568093846
0.001757524228
-0.000899038856
0.0498630914
-0.001862617426
0.05049001492
0.001809176592
-0.05036684718
0.05041617112
-0.0504628493
-0.001957448962
0.001887154196
-0.001933832382
0.001840858443
0.001958184069
-0.0009185874787
0.05042801442
-0.02632787578
-0.0008530448996
0.0262439792
0.0009987066308
-0.0009533059651
0.000845889566
-0.02779477052
0.02712025325
-0.02722766965
0.02694857445
0.02717958113
-0.02684756606
-0.00118671106
0.002565999714
-0.02518898635
0.02618321878
-0.0253734777
0.0247242116
0.00137507528
-0.02438307477
-0.0022734948
0.001624228701
-0.001264142087
-0.02492080749
-0.02470320133
-0.0009618616163
0.02117700631
-0.02080986639
0.02125041969
-0.02039348409
-0.02159886567
-0.001284150954
0.00104985548
-0.001398301461
0.001874366735
0.02194810879
0.0005756084552
-0.02679782318
0.02633070307
-0.02654424037
0.02611545252
0.02675075322
0.0008115401976
-0.0005871249517
0.0007936378022
-0.0009112316346
-0.02612517858
-0.02535654435
-0.0008084459971
0.0009343916637
-0.0008028137905
0.0005890180958
-0.02572073859
0.02546840077
-0.02568219646
0.02589814037
-0.0005800624171
0.0007277786355
-0.02474718765
0.02466281712
-0.02478410657
0.02454193671
0.0249052648
0.0008307902385
-0.02502580254
-0.0007186888369
0.0008398470626
-0.0008922457349
-0.02485868675
-0.0249119035
-0.02462380437
-0.00113267054
0.0009811427767
-0.0009847617396
0.0009452885269
-0.02395300767
0.02429308323
-0.02433255644
0.02442733347
-0.0008160859005
0.0007109434291
-0.0005878586122
-0.4582486281
0.0008654959154
0.4580940756
0.001110687763
-0.4582527735
0.001316611304
0.229034045
0.2290128049
0.001579329666
0.2290132387
-0.458223415
0.001893948092
0.2289242658
0.002259693345
0.2289513318
-0.4581933138
0.002665026685
0.2288631409
0.003104374235
0.2289124155
-0.458171294
0.003575964615
0.2288067229
0.004057271111
0.2288902015
-0.4581743363
0.004512096629
0.2288106678
0.004923057495
0.2289437318
-0.4582226551
0.2289013673
0.0009614552209
-0.4580136381
0.001179491301
0.457795602
-0.4581724547
0.001351610866
-0.4578429242
0.001639121497
0.4575554135
0.0009827440531
0.00107063656
0.2285546225
-0.2286971698
-0.001212124747
-0.0008213708299
0.2289423336
0.001181322736
0.2287626337
-0.001068054762
-0.2288909215
0.2287676468
0.001304597365
0.001117019916
0.001749168791
-0.001592908229
0.228625419
-0.2287963778
0.2286254056
0.001920140944
0.001614672809
0.002485417654
-0.00229068297
0.2284883849
-0.2287192942
0.228509324
0.002695387833
0.002256966258
0.003329936212
-0.003139632899
0.2284463805
-0.2286960799
0.2294307524
0.002594497491
0.002967621834
-0.003013307693
0.001066229148
0.2306887709
-0.2290327012
0.2304459488
-0.004428881869
0.003330204785
0.00687935882
-0.4578291115
0.006878857277
0.457829613
0.005314341719
-0.4574881549
0.004447525287
0.4583549713
0.001354351142
0.001593080696
0.2278396845
-0.2280237294
-0.001609508517
-0.001327953439
0.2283913095
0.001795108305
0.2281150009
-0.001600408291
-0.2282461281
0.2280324316
0.002008804772
-0.2284400624
0.001856322778
0.002755234044
-0.002488072338
0.2277202471
-0.2279214377
0.2276263983
0.003050273364
-0.228186878
0.002792458133
-0.009534761739
0.003983878518
0.2378893231
-0.2356027996
0.2408244664
-0.01478142747
-0.2303182729
-0.007119375154
-0.02789122236
0.02401871834
0.2440505548
-0.2402171415
0.243498186
-0.03120618393
-0.2366987241
-0.02425763096
-0.03771145479
0.03610534162
0.2380262034
-0.2343729616
0.2354242724
-0.03877994043
-0.2331577532
-0.03269200298
0.002212169647
-0.4566483042
0.002801274379
0.4560591995
0.004196364882
-0.4571251778
0.006265320176
0.4550562225
0.008224897447
0.004094454778
0.2278212028
-0.2315493293
-0.005290501048
-0.00198085772
0.2278959686
0.00257623252
0.2278145072
-0.002900949628
-0.2273055316
0.2273649003
0.002516863746
-0.2275535206
0.002366577872
-0.008806794362
0.003224836817
0.2408222827
-0.241361702
0.2467458558
-0.01423433439
-0.2356719744
-0.0102153861
-0.02836548578
0.02412163253
0.2572706463
-0.2546883786
0.2582688052
-0.03202209819
-0.2505005308
-0.02992009827
-0.03921159262
0.03744222973
0.254637679
-0.2506547318
0.251793348
-0.04041500886
-0.2488273598
-0.04101139395
-0.04140447886
0.04142967423
0.2406655778
-0.2369657333
0.236712215
-0.04117866914
-0.2367960302
-0.0439780048
0.001108713003
-0.4556623097
0.001919930964
0.4548510918
0.002396517395
-0.4542276546
0.003007965662
0.4536162063
0.001935142054
0.001856635714
0.2280214357
-0.2262519374
-0.00206527417
-0.002801333238
0.2264574011
0.0003808564955
0.2292676502
-0.002739542762
-0.2348329545
0.2381311474
-0.002944627954
-0.2333675721
0.003931465003
-0.01053138184
0.008281722644
0.2604512717
-0.2632940877
0.2652231905
-0.01255851842
-0.2566803455
-0.01850345021
-0.02568755248
0.02328751837
0.2680567203
-0.2645978148
0.2655230729
-0.0267240553
-0.2632695772
-0.02997424422
-0.02396880731
0.02562568637
0.2530032309
-0.2502348841
0.2480459117
-0.02185402708
-0.2516330236
-0.02843732147
-0.01355970486
0.01635372827
0.2339024839
-0.2329325548
0.2304340474
-0.01108669968
-0.2347447337
-0.02095619028
9.935372401e-05
-0.4539194957
0.0003689320347
0.4536499174
0.001386541059
-0.4531012915
0.002128029303
0.4523598033
0.001348930992
0.001130313669
0.2378781857
-0.2355378715
0.0005233524648
-0.00193022209
0.230870113
-0.004503664655
0.2443279179
0.0003853411213
-0.2487896556
0.2514236725
-0.007210842492
-0.2456557667
-0.007447723047
-0.0133854678
0.01177481416
0.2676147593
-0.2684928199
0.2693833993
-0.01441078573
-0.2672043924
-0.01659495049
-0.01243797351
0.0141390973
0.2631415493
-0.2656026616
0.258390465
-0.005349282545
-0.2693292584
-0.009972146016
0.006768196864
-0.00104067048
0.2401738761
-0.2370386101
0.2318493739
0.01190458647
-0.243215328
0.003641798826
0.02945326804
-0.02372724106
0.2160978883
-0.2183748768
0.2150701543
0.03275510316
-0.2230342507
0.02277918645
-0.001091206258
-0.4534457175
-0.0009879143243
0.4533424256
-0.0008518635067
-0.4514149785
-0.0004727772736
0.4510358923
0.000374433781
-0.0001712257839
0.2424965689
-0.2420320006
0.0007027144116
0.000933782275
0.239749074
-0.00364179396
0.2496213579
0.00233919488
-0.2559150536
0.2569242721
-0.00475423553
-0.2544208036
-0.006231217749
-0.006239984834
0.006132456595
0.2683120149
-0.2684422957
0.2679839777
-0.005934624959
-0.2697822781
-0.003759881237
0.002647246409
-4.475459343e-05
0.2545622078
-0.249622881
0.2485337499
0.003625759211
-0.2522740015
0.0006827639059
0.01526657394
-0.0103615038
0.2155099008
-0.2102506815
0.2050755484
0.02043315565
-0.2169991965
0.02240724497
-0.002439257813
-0.453426964
-0.002545058901
0.4535327651
-0.002653662498
-0.4508953079
-0.00271299969
0.4509546451
-0.001296605441
-0.001758161934
0.2431015786
-0.2427317912
0.002188082294
0.0006323302936
0.242403986
-0.003658179863
0.2509241959
0.003111612241
-0.2572181171
0.2576952984
-0.004257710363
-0.2575338338
-0.0003292220569
-0.003325916864
0.004107544067
0.2658945461
-0.2657385471
0.264472573
-0.002224444268
-0.2664587163
0.001303601726
0.002410513599
-0.0007098309566
0.2478705419
-0.2407124997
0.2388688185
0.004151870212
-0.2422831053
0.005988478947
-0.003704456633
-0.4537947148
-0.004089648633
0.4541799068
-0.004417332151
-0.451171401
-0.004791564228
0.4515456331
-0.002678211983
-0.002906954613
0.243740768
-0.243698545
0.003395464312
0.002298038843
0.2434042701
-0.002795171955
0.2506047826
0.00285547762
-0.256588574
0.2562433405
-0.002580997697
-0.2569132675
-0.00244161144
-0.001236564108
0.001781363055
0.262773179
-0.2618069947
0.2610511156
-0.000650725701
-0.2626515033
-0.0003153105455
0.0009665459583
-0.0004948887577
0.2446588361
-0.2365754339
0.2361469778
0.001294241895
-0.2371883561
0.002218485404
-0.00497607782
-0.4546764801
-0.005534770954
0.4552351732
-0.006171612886
-0.452074408
-0.006847133284
0.4527499284
-0.004105811155
-0.004334248317
0.2442883325
-0.2441350808
0.004747482541
0.003844570884
0.24385384
-0.004505438915
0.2502264862
0.004420227551
-0.2554150552
0.2552262539
-0.004460717926
-0.2556320914
-0.00401499045
-0.003719839506
0.004047362794
0.2604667296
-0.2591521647
0.2586221415
-0.003370883869
-0.2597369087
-0.002734503213
-0.002492302644
0.002715628404
0.243004673
-0.2353186688
0.2351051667
-0.002381553832
-0.2355591291
-0.001581925531
-0.006154127894
-0.455999222
-0.006909858789
0.4567549529
-0.007823438751
-0.4535618582
-0.008707667146
0.4544460866
-0.005453660428
-0.005224801093
0.2450673073
-0.2449978047
0.005494768656
0.005070790053
0.2444572308
-0.00575626312
0.25022184
0.005610328818
-0.2547556294
0.2546330505
-0.005791283219
-0.2548848957
-0.005500518091
-0.005421984504
0.005598545605
0.2587935714
-0.2572622273
0.2568765919
-0.00522773447
-0.2576847203
-0.004816041605
-0.004868623775
0.004918641704
0.2420499164
-0.2347532681
0.2346978074
-0.004916391637
-0.2348466375
-0.004357902289
0.006207403522
0.2453092608
-0.004887323368
0.005090555583
-0.2544109858
-0.007218797754
-0.2544634506
-0.006908203092
-0.007120140708
0.007211471417
-0.2558429395
-0.007010109758
-0.2561753628
-0.006622933399
-0.006854558724
0.006848658316
-0.2346121186
-0.00695814481
-0.2346258082
-0.006514729877
-0.09215975278
0.009522900066
-0.01085716706
0.01226035667
-0.09356294239
-0.09518246708
-0.009674566959
0.1038245079
-0.02450550763
-0.1043932142
-0.02591362373
0.1026585425
0.00182711764
-0.1001327701
0.1008281795
-0.1005410494
0.001539987497
0.1010964288
0.00176591554
0.09884379685
-0.09844757709
-0.0003169117807
-0.000468073411
0.09922631516
8.55551059e-05
0.09869646018
0.003239708256
-0.1021214724
0.1026849145
-0.1024878095
0.003042603278
0.1028742185
0.003200764668
0.1013563338
0.001970155874
-0.002412462823
0.002163624849
0.1016051718
0.1012266219
0.004481658327
-0.103547723
0.1041175704
-0.1039385316
0.004302619448
0.1043042375
0.004464245468
0.1030607202
0.003358454695
-0.003691170771
0.003514484
0.103237407
0.1028684347
0.001116541001
-0.02567040406
0.02543494165
-0.02546869242
0.0254165821
0.1044941826
0.004625675977
-0.00498578265
0.004790783902
0.1046891813
0.1042627685
0.002064802792
-0.02637289164
0.02636299708
-0.02603393034
0.001735736054
0.02652284495
0.001653942334
0.02579112471
-0.02591365881
-0.001204029706
0.02575727897
0.02610570521
0.001607761388
-0.04953734634
-0.0008092965172
0.04962721534
-0.04956883078
0.001549376824
0.001584163389
0.04916644864
-0.04908578289
0.001378055244
-0.001487781123
0.001403532791
0.04925069697
0.04913474986
-0.02516113883
0.02511548766
-0.0007899803439
0.0008296416459
-0.0007829758845
-0.02520780459
-0.02491540784
-0.0008527707681
0.02487520299
-0.02506461404
0.02501568376
-0.0008038404853
-0.0007954359107
0.00127491729
-0.02665884399
0.02591617092
-0.02600257298
0.02538282718
-0.001137159754
0.02536013466
0.02537523581
0.02652825092
0.001544830659
-0.001362348506
0.001475209273
-0.002934180397
-0.05201492868
-0.0009036604018
-0.09678173639
0.09803567393
-0.09762913081
-0.00131020352
-0.0007842776922
0.09647415038
-0.09664956526
-0.006734336871
0.005346040089
0.09648528737
-0.005357177085
0.09514529026
0.000165688191
-0.04417992442
0.04507364381
-0.04466520648
-0.0002427491383
0.04547966125
8.587724573e-05
0.04316034957
-0.04330227318
0.003088461723
0.04340662498
0.04246911586
0.001433538689
-0.04883195671
0.04900231016
-0.04890621629
0.001337444821
0.001360790118
0.04821347176
-0.04800510382
0.001209972345
-0.001422117041
0.001241752722
0.04839383608
0.04841309665
0.001386475955
-0.0474567473
0.04777121367
-0.04751370243
0.001128964725
0.001182398044
0.0458770614
0.0003796221746
-0.0009577264469
0.0005793304185
0.04625545743
0.04607713891
-0.04126649769
0.0068668012
-0.007619273751
0.007956113858
-0.04160333779
-0.04303829789
-0.006706244789
0.02520214154
-0.02525855329
-0.001401976337
0.02515677488
0.02479803045
0.0008942248194
-0.01918478034
0.01989969627
-0.01949563744
0.0004901659923
0.0008554714437
0.01820241184
0.001715990523
0.01843803766
0.01787563429
-0.02492649317
0.02512113533
-0.001108754662
0.0009001870097
-0.001131775966
-0.0008517460083
0.0249207811
-0.02524672635
0.025306389
-0.0009114086585
-0.001018508053
-0.01649246802
0.004202527327
-0.00452975672
0.005563078587
-0.01752578988
-0.01766345446
0.02554181093
-0.02554651485
-0.001108279113
0.02556072545
0.02592200166
0.001172881879
0.02548588194
0.001261498323
-0.02539716161
0.02533981931
-0.02541869105
0.02537881805
-0.02528960692
-0.001536392707
0.02554220722
0.02567090675
0.001235114578
-0.02509397593
0.02526186846
-0.02525846937
-0.228609313
0.001679989781
-0.001347703536
0.001506037356
-0.001221959856
-0.001655514992
-0.2286943299
0.001835038683
0.2285431613
-0.2286926389
0.2283592892
0.2288316741
0.001443632592
-0.2284184751
0.002514199016
-0.002015032437
0.002221962936
-0.002432869159
-0.2285599316
0.002661913567
0.2283430638
-0.22855397
0.228102665
0.2287276425
0.002093813438
-0.2282510063
0.001154708612
-0.002896978743
0.003155296436
-0.003123724237
-0.2284726316
0.001164343487
0.228463101
-0.2284317792
0.2330129123
0.2286537461
0.002917354694
-0.2330636623
-0.0157832442
0.002410492901
-0.006049901463
0.009201416481
-0.2307580015
-0.01178328256
0.2334085896
-0.2302650092
0.236511413
0.2286450778
0.0009728876062
-0.2318324872
-0.02473710686
0.01379912699
-0.01519166399
0.2305825531
-0.2297952866
0.2313141191
0.2290098886
-0.2278046366
0.002268499448
-0.00191747934
0.00214527442
-0.001710113858
-0.002398754206
-0.2278340046
0.002675321206
0.2276759248
-0.2279294046
0.2274016774
0.2281558904
0.002235290619
-0.2298357005
-0.005160481438
-0.002969957363
0.000757723201
0.005043634339
-0.2340712769
-0.01075221012
0.2352120457
-0.2294223938
0.2409443666
0.2278269757
0.001452764887
-0.2458422137
-0.02630261555
0.01617694506
-0.02123303892
0.0258244178
-0.243872745
-0.02991501731
0.2473353973
-0.2427867194
0.2514922743
0.2379604493
-0.01963793018
-0.2464062593
-0.0396793019
0.03344041784
-0.03639128611
0.03877130804
-0.2403647619
-0.0405971387
0.2445281993
-0.2421872969
0.2464070931
0.2394775018
-0.03394758738
-0.2362517764
-0.04452952238
0.04192492067
-0.04277296254
0.2329122535
-0.2325254935
0.2330787495
0.2319747112
-0.2291152582
0.005975323301
-0.005322137745
0.003571726718
-0.006881282047
0.001066199001
-0.2339390895
-0.006818235217
0.2322358738
-0.2276054136
0.2392308166
0.2271079511
0.002018376435
-0.2517478899
-0.01902458888
0.01215077751
-0.01721084233
0.02188084855
-0.2550387484
-0.02607212987
0.2561018752
-0.2515020078
0.2602082307
0.2464112665
-0.01938108969
-0.2611518776
-0.03193003221
0.02968732044
-0.0326574446
0.03495849768
-0.2568161288
-0.03657850297
0.2602616036
-0.2580469517
0.2616590869
0.2550930617
-0.03505298588
-0.2521426991
-0.03390403179
0.03756363029
-0.03798269868
0.03794415625
-0.2446261513
-0.03757143345
0.2482703801
-0.2483695797
0.2473470129
0.2477218966
-0.04111972406
-0.2359638805
-0.0294724508
0.0369874958
-0.03626784682
0.2320470354
-0.2326993788
0.230980178
0.2330203989
-0.2420471174
-0.007105218389
0.002041927256
-0.005997779436
-0.001972393916
0.009685943863
-0.254196677
-0.01211596717
0.2498179575
-0.2461921845
0.2532121795
0.2435236555
-0.005663361324
-0.2665406112
-0.01680730275
0.01354640495
-0.01497503871
0.01439049092
-0.2710586783
-0.01452622088
0.269176529
-0.2698861821
0.268473387
0.2644995478
-0.01805371563
-0.2677640586
-0.01228616623
0.0179745428
-0.02033262737
0.02007853552
-0.2577951401
-0.01861060765
0.2616073563
-0.2619699837
0.2615520738
0.2622138792
-0.02658550765
-0.2456795429
-0.004444709581
0.01638813522
-0.01409374226
0.0107856422
-0.2380861014
-0.007159096756
0.2394724749
-0.2428386386
0.2358560669
0.245540623
-0.01921360087
-0.2271608331
0.01117892005
0.003493627137
-0.0002423320869
0.2251766524
-0.2276683562
0.2219511829
0.2295606555
-0.2524477988
-0.007209763425
0.002751708412
-0.003854217055
0.002531198973
0.008454357808
-0.2639625276
-0.01003838261
0.26296633
-0.2584720199
0.2607281453
0.2560909633
-0.009687070541
-0.2697842558
-0.008782667465
0.01117710336
-0.0117186426
0.01161452756
-0.2669798259
-0.0107784825
0.2688588265
-0.2691051965
0.2682499617
0.2689065306
-0.01474728928
-0.255187863
-0.002583082974
0.009042340635
-0.005957270859
-0.000680428266
-0.2475164137
0.005756120501
0.248190955
-0.2549328196
0.244084631
0.257447237
-0.002943979079
-0.2244687339
0.02174318936
-0.01257564955
0.01991321524
-0.02499710602
-0.2193308319
0.03065582298
0.2197320136
-0.2248389088
0.2111532555
0.2294191491
0.01645098831
-0.2139384989
0.02361230704
0.1022677005
0.01955881547
-0.03486263673
0.03599429208
-0.2147428326
0.1055239304
0.1060178803
0.02314444014
-0.1052261381
0.2178536368
-0.2574472795
-0.00179346869
0.002287114532
-0.002918863745
0.001475348079
0.003329214551
-0.2665167849
-0.003462592511
0.2629089586
-0.2626278129
0.2627882691
0.2618997939
-0.005606127651
-0.2673007979
-0.00047350614
0.003279292649
-0.002752343191
0.001833866122
-0.2609661945
-0.0004690159249
0.2643974432
-0.2654685911
0.2634780088
0.2664432091
-0.005110588225
-0.2445651942
0.005040870462
-0.001284702218
0.005143934607
-0.008062656215
-0.2267156013
0.01131526156
0.2344789287
-0.2374798162
0.2319259612
0.2404666838
0.006526296733
-0.2024835507
0.01486337716
-0.01459261998
0.01718184209
-0.09989065547
-0.01095015973
0.0979284153
0.1986452068
-0.2008024834
0.01009362773
0.009245491028
0.008230427424
0.008140855936
0.09830308837
0.2050249691
0.02465563979
0.0147855395
0.0989948987
-0.0220813981
0.02152729975
-0.09980066991
0.1026034093
-0.02180752648
-0.1028772809
0.09804772905
-0.01883232151
-0.2571761919
-0.0025912238
0.001271427829
-0.0008732734435
0.00118800607
0.0004113419042
-0.2651683167
0.0001555327751
0.2617549211
-0.2623573764
0.2612817075
0.2622901078
-0.004467455633
-0.2635904008
-0.0003320008491
-0.0008134396567
0.00153378127
-0.002291540163
-0.255303506
0.003059586198
0.259993384
-0.2609066189
0.2589784981
0.2624254458
-0.0008637314174
-0.2380639202
0.003038049277
-0.003819379339
0.004524437083
-0.005156144162
-0.2175289558
0.2279154855
-0.2286189457
0.2272258803
0.2303580865
0.005816728637
-0.2559226856
-0.003344417357
0.003147912842
-0.002961288981
0.003188970656
0.002660782532
-0.2625078576
-0.002246878766
0.259826775
-0.2602811891
0.2593938828
0.2607755067
-0.002237518165
-0.2603577345
-0.001840674882
0.001772796374
-0.001252033319
0.0007426237371
-0.2518238712
-0.0002829069803
0.2566837283
-0.257357528
0.2560792775
0.2581103494
-6.01135774e-05
-0.2358118172
-0.0005906154568
-8.140714444e-05
0.0003152772668
-0.0003602213265
-0.2164305284
0.2264903448
-0.2266057485
0.226444628
0.2268256337
0.001443570325
-0.2550459014
-0.005100751181
0.004778346756
-0.004745346787
0.00468403025
0.00460769588
-0.2604898216
-0.004377493349
0.2584012547
-0.2587064008
0.2581144621
0.2590291438
-0.004302173664
-0.2581318895
-0.004286065634
0.004100928806
-0.003794294827
0.003499220066
-0.2497183054
-0.003257658993
0.2545244744
-0.2549930735
0.2541066177
0.2555141822
-0.003021236389
-0.2349569409
-0.003716149553
0.003098663997
-0.003053369012
0.003142189203
-0.217079695
0.2263723542
-0.2263528671
0.2264167478
0.2263808914
-0.002423371807
0.00150591922
-0.0500856358
0.0502362365
-0.05017522983
0.0503020114
0.05010729149
-0.05004489427
-0.001461269226
-0.2545971897
-0.005796058115
0.00682516215
-0.006951916171
0.006532062899
0.006933628623
-0.25903732
-0.006783373382
0.2574184168
-0.2576192898
0.2572156201
0.2578555206
-0.005732800103
-0.2563981535
-0.005660944352
0.00654991399
-0.006265938892
0.005968693092
-0.2483476227
-0.005709541428
0.2528793009
-0.253358517
0.2527026394
0.2537182593
-0.005047741481
-0.2345497866
-0.006031839911
0.005534510102
-0.005489385187
0.005618723591
-0.2180115951
0.2266493466
-0.2265865455
0.2268162662
0.2264850376
-0.005085413531
0.002038942903
-0.05093229349
0.05106307998
-0.05102764054
0.05110879813
0.05098437138
-0.05094162844
-0.002007671636
0.2570421935
-0.007255096591
0.2524018121
-0.006911519889
0.2269515739
-0.007173855737
0.002688760952
-0.05147399054
0.05164747559
-0.05161338231
0.05169587504
0.05157564023
-0.05154248216
-0.002640023707
0.001913545112
-0.05076166479
0.05089610651
-0.05085544099
0.05080218418
-0.05075815712
-0.001885250081
0.002508183889
-0.05134252044
0.05150151917
-0.05146924067
0.05143379461
-0.05139286849
-0.002453434813
-0.04430880331
-0.007892321139
0.04386884035
0.08988276746
-0.09235129535
0.00763510123
0.00709378333
0.005244765205
0.004774005021
0.09394178916
-0.01595704563
0.01634500156
-0.01475450775
0.01048600721
0.04517953297
0.01325497571
-0.01140087555
-0.09506247442
-0.09703128442
0.02356934034
0.09992066057
-0.02054196968
-0.1056847418
0.1033404585
-0.1055109931
-0.09865218078
0.02946117106
0.0477636075
-0.02424149026
0.02892976794
0.1008257626
0.1002463908
-0.09992110554
0.001034948364
-0.001596025208
0.001301366667
-0.1012624115
0.1015196279
0.001274579938
-0.100997004
-0.1014801041
0.000803891801
0.09958825075
0.0004419562083
0.0007573260202
0.10227757
0.002710879294
-0.1020629981
-0.00308836077
0.002878121326
-0.002674364766
0.1032525231
-0.1026537084
0.1028574649
-0.1024430117
-0.1030580875
0.1032481205
0.002841980688
-0.001931258324
0.1024176909
-0.1017643737
0.1019967402
-0.1022235459
-0.002534558328
0.002129038847
-0.002355844548
0.002589659808
0.101838987
0.00165450317
-0.0503389341
0.05048078057
-0.05042441957
0.05054481912
0.05036135303
-0.00161533279
0.1037652333
0.003985626937
-0.1035882336
-0.004314527465
0.004141229185
-0.003959759772
0.1047420995
-0.1041546665
0.1043361359
-0.1039783955
-0.1045190997
0.1047087661
0.004119655639
-0.00333043866
0.1040097269
-0.1034363931
0.1036204384
-0.1038003828
-0.00382565693
0.003490670788
-0.003670615127
0.003847280209
0.1034140721
0.002178168651
-0.0510738543
0.05121395636
-0.05118650862
0.05125299175
0.05114250279
-0.00214828299
0.02548231529
-0.02551996971
-0.00109987541
-0.004587637355
0.1055201004
-0.104901477
0.1051046235
-0.1053157416
-0.00510545222
0.004741765795
-0.004952883819
0.004520995559
0.005158915686
0.1048952132
0.002871761696
-0.05160963834
0.05181790594
-0.05177544239
0.002829298149
0.05185941471
0.002893235631
0.05172649535
-0.00283687258
0.02561363616
-0.02534640906
-0.002143138503
-0.02593669239
0.0260274063
0.001575442958
0.001219927216
0.02564811536
0.02558665201
0.001094213135
-0.02303319891
0.02295461978
-0.02281921921
0.02309218973
0.02260900222
-0.001111401103
0.001258623186
-0.02456908393
0.02435494877
-0.02419373767
0.02453285566
0.02394787077
-0.02376013897
-0.001296294084
0.0495056751
0.001486845013
-0.04943251817
-0.00157816227
0.001515006588
-0.0008417720524
-0.001445511548
0.04972676544
0.001374867601
-0.04957627382
0.04964576886
-0.04950530126
-0.04970990153
0.001485244151
0.001420183743
-0.001315418862
0.0494333706
-0.04926094986
0.04934906379
-0.0491778851
-0.04940973029
-0.001457674122
0.001367326881
-0.001427993386
0.001281083177
0.001520974849
0.04934367843
0.0008297239156
-0.02374378469
0.0241723008
-0.02413504717
0.02423183832
0.02417742294
-0.02418588948
-0.000769550785
0.0006795937374
-0.02628280653
0.02559971718
-0.02570309932
0.02549177557
0.02580166612
0.0007778554684
-0.02589162368
-0.0006786263915
0.0007771931919
-0.0008179667017
-0.0252485781
-0.02528771437
0.0008477107312
-0.02522714082
0.02456221578
-0.02461661587
0.02458181978
0.02455020417
-0.0008972974635
0.0007275971295
-0.0240876752
0.0242350504
-0.02425553353
0.02429696095
-0.02432592899
-0.0007313621789
0.001785851229
-0.05056520081
0.05070165134
-0.05065506947
0.05059441138
-0.001756540132
-0.02496332811
-0.0008217102406
0.0008649431529
-0.0008125875081
0.0006946241842
-0.02554806184
0.02514531644
-0.02526327976
0.02537938022
-0.0006877400246
0.02592846028
-0.02588901572
-0.001344929489
0.00114494607
0.02533091985
0.02530402321
0.002334546914
-0.05120434107
0.05135347692
-0.05132251665
0.0512887015
-0.002294092907
-0.001518916829
-0.02602879045
0.09723819238
-0.09690095635
-0.002579066302
0.001528363945
-0.001919302373
-0.004214637813
0.09663102609
-0.004360376531
-0.003489425796
0.04427072912
-0.001173977879
-0.04395179377
0.0002982617905
-0.0006927391447
0.001020518619
0.04563238222
-0.04476288838
0.04509066785
-0.0444903209
-0.04543714293
0.04578952964
-0.0005892242201
-0.04435982576
0.001814481839
-0.002662231487
0.002649251912
-0.002321755077
0.04373412182
0.04880311564
0.001309949591
-0.04868824127
-0.001427834882
0.001324734237
-0.001208757031
0.04905224202
-0.04886287192
0.04897884912
-0.04872998037
-0.0490812216
0.001235072348
-0.001064312878
0.04850529404
-0.04825163862
0.04842907847
-0.04806243361
-0.04858594433
-0.00128510357
0.001107113846
-0.001263979714
0.0014206218
0.04855047816
0.04723560297
0.0009846087433
-0.04693390917
-0.00135068267
0.001072583203
-0.0008152453642
0.04774791567
-0.04735093927
0.04760827711
-0.0470793066
-0.04784558198
0.0008916598536
-0.0002445084832
0.046752257
-0.04613543281
0.04647025474
-0.04678195128
-0.0008833341814
0.0004376541764
-0.0007493507156
0.001103798708
0.04660990543
0.04558389425
-0.01502752764
-0.01516944392
-0.01395228119
-0.04859427425
0.04577983911
-0.01271609387
-0.04701602643
0.04397068425
-0.01231149837
-0.008701836935
-0.03852522355
0.004902930837
0.03893389426
-0.03967961734
0.04148584838
-0.01051581082
0.01061130901
-0.008805077956
0.008454232516
-0.008503765568
-0.04195418323
-0.04362694628
0.001543958042
0.02519594227
0.001019962771
-0.02338675545
0.02331533299
-0.02325656989
0.02337740514
0.02317309143
-0.001030154356
0.001098355907
-0.02342887114
0.0236091106
-0.0235077068
0.02343763715
-0.001049287188
0.01909559878
-0.0188938692
-0.0004961335075
-0.02006784138
0.0002644173133
-0.001135696542
0.01858366984
0.001582503756
-0.0248619569
0.02526545991
-0.02481473212
0.02565338824
0.02444817456
-0.001451190642
-0.02530936519
-0.0007917258493
0.0008303085773
-0.000833284758
0.0008168657686
-0.02681568765
0.02595942593
-0.02597584492
0.02589086417
-0.0009963894038
0.000769108099
-0.0248643546
0.02446879521
-0.02452244962
0.02445926646
0.02452059725
-0.0007715080283
0.0007419476529
-0.02447617287
0.02435776659
-0.02439481659
0.02441434671
-0.0007464650623
0.01887216933
0.01778277065
0.01614780401
-0.01724598231
0.01755342968
-0.007092359585
-0.006964651413
0.005703063712
-0.01878737759
0.001101256834
0.02552855641
0.02549054707
-0.001246164678
0.001591128672
0.02569396151
0.02528009946
-0.001192458357
0.0004893355693
-0.4582709777
-0.05196592507
0.002794763296
0.1053278392
-0.02096705839
-0.02254087674
-0.008872772727
-0.09637725321
0.09689179896
-0.09753414426
-0.1009571174
-0.01647765078
0.1009331683
0.01941263592
0.004359330741
0.1064868131
0.001345165999
-0.04980873064
0.04996576981
-0.04990456282
0.04982410586
-0.04975331499
-0.001306121836
-0.005960575275
-0.04330046446
0.04336489665
-0.04408070671
-0.001014314873
-0.1007099522
-0.1004243049
0.0002487068758
0.10041689
-0.0994592844
0.09979354639
-0.09912744152
-0.1001111079
0.0001243947033
0.001207983439
0.04966196267
0.002228405167
0.09933756289
-0.09814941375
0.09845851655
-0.09790500247
-0.09878289921
-0.001634586178
0.005222974815
0.09882491677
-0.09777335065
0.09763914838
-0.0977019101
-0.004423138249
-0.0456524663
-0.01130100573
0.04796322159
0.01595391465
-0.001092164859
-0.2288269648
0.2287128125
-0.2288222333
0.2285713243
0.2289368886
0.0009526859284
-0.001515654881
-0.2282181883
0.2281092674
-0.2282705711
0.2280928395
0.2284327653
0.001427287174
-0.009029379056
-0.2294012323
0.2281722521
-0.2289767337
0.2269762058
0.2280673459
0.004406213393
-0.002186046295
-0.2260391083
0.2260205647
-0.226271469
0.2258119263
0.2265305804
0.002321249892
-0.0002682019507
-0.2327655821
0.2268963625
-0.2258191228
0.2285419934
0.2255859254
0.001528289302
0.0005464762521
-0.2411582637
0.2328441816
-0.2319474625
0.2333481471
0.2303204364
-0.0008801188662
0.0013005693
-0.2429117446
0.2342997944
-0.234331826
0.2346910677
0.2332128434
-0.0025366718
0.003092675029
-0.2436805633
0.2354739608
-0.2351042252
0.2359157193
0.2348874603
-0.002503325607
0.004461520356
-0.2440020084
0.2371477446
-0.2368461158
0.2375044151
0.2364146777
-0.004185457242
0.006068713785
-0.2446374375
0.2387319895
-0.2381827301
0.2389345175
0.2378201137
-0.00533173951
0.2393275973
-0.005215452609
-0.1049074297
-0.02035055765
0.0981383667
0.009849713466
0.04492231306
0.007935389672
6.153626447e-05
-0.01550323203
0.0155627999
1.683490143e-05
-0.01182933479
0.01187403615
-0.008570829645
0.008587664547
9.469769801e-05
-0.01542987073
3.892661274e-05
-0.0117735637
-0.008531903033
-1.787433212e-05
0.01622871271
-0.01622746714
-1.249640838e-05
0.0119027266
-0.01190810453
0.007692732055
-0.007705228463
1.291511255e-05
-0.01621794003
0.01622286832
9.717757885e-06
-0.01190930837
0.01191250573
-0.007701099376
0.007710817134
3.038485024e-05
0.01623870901
1.938509009e-05
0.01191372636
0.007712117145
8.212533439e-06
0.01626168413
-0.01625641358
6.46789546e-06
0.01192517713
-0.01192343249
0.00773495844
-0.007728490544
2.489326896e-05
-0.01625115187
0.01627253876
1.280247169e-05
-0.01190556268
0.01191765348
-0.007655386196
0.007668188668
4.675382817e-05
-0.01566854158
0.01571152241
1.722992597e-05
-0.01193463449
0.01196415839
-0.008515552924
0.008532782851
5.158386863e-05
-0.01562389496
1.855389725e-05
-0.01190160451
-0.008496999027
7.538321806e-05
0.01522883086
-0.01515018025
2.239155285e-05
0.01163240141
-0.01157940974
0.008503536918
-0.008481145364
4.331369157e-05
0.01529676521
4.46686995e-07
0.01167526842
0.008503983605
-2.633669196e-06
0.01622975202
-0.0162272493
-2.268205219e-06
0.01197241807
-0.01197278353
0.007882884477
-0.007885152681
-2.484566808e-05
0.01621213289
-0.01621865786
-1.858215285e-05
0.01194293281
-0.01194919632
0.007800511439
-0.007819093591
-1.203426494e-05
-0.01622919484
0.01622712645
-8.772025513e-06
-0.01196253407
0.01195927183
-0.007855918561
0.007847146536
-6.647855396e-06
0.01623159035
-4.328691429e-06
0.01197009891
0.007878555785
-1.11633894e-05
-0.01623050785
-8.446767009e-06
-0.01196525069
-0.007864365328
-1.876372399e-05
-0.0162183324
-1.307166243e-05
-0.01191500043
-0.007714171039
-1.0250986e-05
-0.0162259271
0.01622782222
-5.227994754e-06
-0.01193369943
0.01192867644
-0.007749920677
0.007744692683
-2.999652921e-05
0.0162039225
-2.300402671e-05
0.01193594031
0.007777507412
2.798935029e-05
0.01619460155
-0.01618721639
1.762428912e-05
0.01192376842
-0.01191340336
0.007721334653
-0.007703710363
1.278425602e-06
-0.0162216595
2.173658149e-06
-0.01193459466
-0.007747747019
1.932477208e-05
0.01620614673
1.178917667e-05
0.01193130402
0.007733123829
-1.745067975e-05
0.01626049845
-0.01626501512
-1.211588601e-05
0.01191208565
-0.01191742044
0.007720452492
-0.007732568378
-2.528031257e-06
0.01626477336
1.181296781e-07
0.01192253097
0.00773507657
-3.0638567e-05
0.01625201408
-2.278705212e-05
0.01190423414
0.00769766544
5.586474966e-05
-0.01623644508
3.460437581e-05
-0.0118843023
-0.00762078182
-8.348670356e-05
0.01559174749
-9.094533929e-05
0.01188149479
0.008496719208
0.0001449470223
-0.01468064443
0.01480705921
5.273868656e-05
-0.01124759285
0.01133980119
-0.008312970944
0.008365709631
0.0001596417557
-0.01453879363
5.864206426e-05
-0.01114659316
-0.00825432888
0.0001792871539
0.01498473168
6.248947558e-05
0.01145659886
0.008428199106
8.619584069e-05
0.01506583633
2.350543143e-05
0.01151928927
0.008451704538
0.0001157349617
-0.01535662462
5.157368722e-05
-0.01170940242
-0.008480329345
-9.859521284e-06
-0.01622656634
-6.29193439e-06
-0.01191167211
-0.007711520397
-1.303539369e-07
7.032626913e-07
1.511897584e-05
0.01624870746
8.790890257e-06
0.01192005445
0.007720908035
1.096054858e-05
7.582509024e-06
2.584444618e-05
0.01627876606
1.875542651e-05
0.0119247425
0.007686944094
2.03895469e-05
2.798193022e-07
0.0002566812665
0.01436898954
-0.01414774252
9.836070431e-05
0.01103882482
-0.01088050426
0.008224300129
0.0001377970806
3.002875081e-05
0.01368938806
-0.01320710197
0.0004070427701
-0.01390906928
-0.01067642837
0.0002264218536
8.956129566e-05
2.944082633e-05
1.047974566e-05
-2.365426001e-05
-4.499325932e-06
-0.01622439774
-2.940566403e-06
-0.01197434229
-0.007888093248
-2.223303677e-05
-0.01622347511
-1.632267433e-05
-0.01195510668
-0.007835416265
-1.589541748e-05
-1.173027006e-05
-9.079459498e-06
0.01623124609
-6.594941143e-06
0.01196761439
0.007871960844
-9.959216498e-06
-7.595516089e-06
-1.053049875e-05
0.016231244
-7.223134518e-06
0.01192536907
0.007737469549
-4.032753334e-05
0.01619511208
-3.207057042e-05
0.01192768334
0.007745436842
-5.600646424e-05
-4.172647841e-05
7.702056914e-06
-0.01621465343
7.241062017e-06
-0.01193413366
-0.007740505957
1.021177572e-05
7.382127628e-06
-4.603154214e-06
-0.01626585423
-2.240217272e-06
-0.01191978338
-0.007734808595
-3.015567365e-06
-2.679750891e-07
-4.112597866e-05
0.01624292204
-3.368721543e-05
0.01189679538
0.007663978225
-5.56894773e-05
-4.319640555e-05
-3.322349375e-05
0.0157737167
-0.01576077081
-3.475613651e-05
0.01198729348
-0.01198576083
0.008438878713
-0.00847363485
1.043467258e-05
0.01579448057
-4.392966017e-07
0.01199816745
0.008438439417
-5.570515985e-05
0.01590178699
-0.01589637919
-4.922641946e-05
0.01203673457
-0.01204321331
0.008339793916
-0.008389020335
-3.101355251e-05
0.01594199899
-0.01594173361
-2.315866243e-05
0.01201218725
-0.01202004214
0.008173616367
-0.00819677503
-3.327538514e-05
0.0159031299
-2.986945055e-05
0.01203332863
0.008309924465
-5.664874695e-05
0.01595540068
-0.01595836972
-4.279243988e-05
0.01191128903
-0.01192514534
0.007902257808
-0.007945050248
-1.853838942e-05
-0.01597303757
0.01597468663
-1.198225923e-05
-0.01198015921
0.01197360308
-0.008070359067
0.008058376808
-2.475775504e-05
0.0159453546
-1.945357035e-05
0.01200688307
0.008154162797
-1.051804525e-05
-0.01597342481
-7.166045789e-06
-0.01198351121
-0.008077525113
4.67236688e-05
0.01597019056
2.995778623e-05
0.01192805492
0.007932215594
1.048224563e-05
0.01606480956
-0.01605280419
6.509483148e-06
0.0119517608
-0.01194778803
0.007981319014
-0.00797480953
6.321655096e-06
0.01607579279
3.778827169e-06
0.01195430363
0.007985097841
5.120631513e-06
0.01629004641
-0.01628494231
4.835365159e-06
0.0119248082
-0.01192452294
0.007694564406
-0.00768972904
1.138908337e-06
0.01629257799
1.79934351e-06
0.01192414777
0.01286775767
-2.3876651e-05
0.01585100641
-0.01583764574
-2.678054064e-05
0.01202122934
-0.01201832545
0.008408382972
-0.008435163512
-3.675171567e-05
0.01586052826
-3.389537698e-05
0.012018373
0.008374487595
2.308771718e-05
-0.01592167725
0.01593718011
1.331363214e-05
-0.01202580601
0.0120355801
-0.008243851434
0.008257165066
1.167453692e-05
-0.01590858452
5.927514633e-06
-0.01202005899
-0.008237923919
-2.661442669e-05
-0.01597182745
0.01596836516
-1.823050468e-05
-0.0119513202
0.01194293628
-0.008022024489
0.008003793984
-2.108448151e-05
-0.01597354242
-1.373071188e-05
-0.01195867397
-0.0080357552
2.267150918e-05
0.01597870778
-0.0159641193
1.524934895e-05
0.01201462531
-0.01200720315
0.008161744722
-0.008146495372
-1.084948857e-05
0.01598543771
-8.395299086e-06
0.01201217112
0.008153349423
1.718622174e-05
0.01601547246
-0.01600132226
1.211712106e-05
0.01194016189
-0.01193509279
0.007957258656
-0.007945141534
1.160848781e-05
0.0160296967
8.216661105e-06
0.01194355371
0.007965475317
7.204958009e-06
-0.01610881876
0.01612023865
3.649182748e-06
-0.01196472752
0.0119682833
-0.007998413898
0.008002063081
9.266616315e-06
-0.01609722261
4.736308556e-06
-0.01196019721
-0.007993677589
-3.366715176e-05
-2.329850994e-05
-2.559186325e-05
-0.01574962177
-3.237757758e-05
-0.01197897512
-0.008506012427
-1.195369375e-05
-2.677042336e-05
1.453170924e-05
0.01581790962
3.089029077e-06
0.01200961013
0.008441528446
3.114947203e-05
-0.01587661161
1.326841698e-05
-0.01202533225
-0.008375751918
-4.452101181e-05
-0.01594313868
-3.413870389e-05
-0.01203042445
-0.008230913733
-4.372427692e-05
0.01590434174
-3.874246547e-05
0.01202834682
0.008271182
-4.515988485e-05
-0.01596357546
-3.584293747e-05
-0.01193446229
-0.007980893185
-2.127928866e-05
0.0159737811
-1.311162187e-05
0.01196543541
0.008045265186
-2.965407678e-05
0.0159505458
-2.264521806e-05
0.01199987421
0.00813151758
-5.832280675e-05
-0.01598331653
-4.064932913e-05
-0.01200118468
-0.008118174442
1.462203571e-05
0.0159878699
8.504930095e-06
0.01193417202
0.007940720525
7.925440435e-06
-0.01604141716
5.39011596e-06
-0.01194525271
-0.007969419414
1.838697662e-05
0.01614577825
-0.01613331763
9.667071645e-06
0.01198160733
-0.01197288742
0.008014483186
-0.008004816113
1.183642288e-05
0.0161564884
5.680835179e-06
0.01198776292
0.008020164021
2.719880417e-06
0.01608557654
1.360219043e-06
0.01195566329
0.00798645806
7.805370656e-06
-0.0161950085
0.01620045876
4.930615037e-06
-0.01197969988
0.01198257464
-0.007889962255
0.00789489287
-1.711674104e-05
-0.01619451658
-1.259950187e-05
-0.01198421712
-0.007902561757
6.748384796e-06
0.01619677012
-0.0161893889
4.241601301e-06
0.01199873134
-0.01199622455
0.00797151035
-0.007967268749
1.120810738e-05
0.01620283305
6.066722927e-06
0.01200387272
0.007977577073
1.955010075e-05
0.01616856498
1.102299514e-05
0.01199629003
0.008031187016
8.242841526e-06
0.01617624258
2.537260746e-06
0.01200199561
0.008033724276
6.026863622e-06
-0.01618057857
2.232219682e-06
-0.01199242991
-0.007965036529
1.213066875e-05
-0.01617290015
7.083431439e-06
-0.01198738267
-0.007957953097
-7.433881114e-07
0.0162055341
1.018428877e-07
0.01198172941
0.007894994714
-3.085480738e-06
0.01620985036
-1.403414378e-06
0.01198004734
0.007893591299
2.565382004e-06
2.784945793e-06
-1.639927332e-05
2.350386116e-06
-6.36493376e-06
8.223568771e-06
1.264322619e-06
-3.14069813e-05
-2.625133275e-05
-4.154591454e-05
-3.325808139e-05
-3.137479228e-05
-2.290079922e-05
-1.627143216e-05
-9.509985823e-06
2.230672511e-05
1.497779295e-05
-4.616141673e-05
-3.517498121e-05
5.34177343e-06
4.42100985e-06
5.643091571e-06
3.944097426e-06
7.357155884e-06
2.753032014e-06
1.175345234e-05
7.219528819e-06
-2.246318615e-05
0.0161975297
-0.01620030736
-1.788594068e-05
0.01198987503
-0.01199445228
0.00792377897
-0.00794166491
-2.687512547e-05
-2.121721283e-05
-2.19821785e-05
-0.01620289484
-1.753190911e-05
-0.01199890254
-0.007959196819
-2.335043314e-05
-1.83802541e-05
-2.03584609e-05
-0.01617529872
0.01617291837
-1.727260408e-05
-0.01199627094
0.01199318508
-0.008010425141
0.007993152536
-2.902380648e-05
-2.329913552e-05
-2.21489712e-05
0.01617163849
-1.929312004e-05
0.01199032923
0.007973859416
-1.885287554e-05
-1.590631873e-05
-1.469378184e-06
-0.01621313444
0.01621838838
-1.583296456e-07
-0.01197795158
0.01197664053
-0.007890711071
0.007890552742
-4.975990153e-06
-2.880228113e-06
1.692683327e-06
0.01622623251
6.778844337e-07
0.01197765533
0.007891230626
-6.450420379e-06
-3.137378814e-06
)
;

boundaryField
{
    topAndBottom
    {
        type            calculated;
        value           uniform 0;
    }
    inlet
    {
        type            calculated;
        value           nonuniform List<scalar> 
20
(
-0.91665
-0.9167
-0.91665
-0.91665
-0.45835
-0.4583
-0.45835
-0.458335
-0.45833
-0.458335
-0.458335
-0.4583315
-0.45835
-0.458315
-0.458335
-0.458335
-0.45833
-0.458335
-0.4583335
-0.45835
)
;
    }
    outlet
    {
        type            calculated;
        value           nonuniform List<scalar> 0();
    }
    wing
    {
        type            calculated;
        value           nonuniform List<scalar> 
133
(
-2.710505431e-20
0
0
2.710505431e-20
2.710505431e-20
-5.421010862e-20
-2.710505431e-20
0
2.710505431e-20
0
-2.710505431e-20
-2.710505431e-20
0
2.710505431e-20
0
0
-2.710505431e-20
-2.710505431e-20
0
2.710505431e-20
2.710505431e-20
-2.710505431e-20
0
0
0
0
0
0
2.710505431e-20
-5.421010862e-20
0
0
2.710505431e-20
0
-2.710505431e-20
0
-5.421010862e-20
0
0
0
2.710505431e-20
-2.710505431e-20
-2.710505431e-20
2.710505431e-20
-2.710505431e-20
2.710505431e-20
0
2.710505431e-20
0
-2.710505431e-20
2.710505431e-20
2.710505431e-20
5.421010862e-20
0
0
0
0
5.421010862e-20
0
2.710505431e-20
2.710505431e-20
2.710505431e-20
0
0
0
2.710505431e-20
0
2.710505431e-20
0
0
0
0
-2.710505431e-20
-2.710505431e-20
0
-2.710505431e-20
0
0
-2.710505431e-20
-2.710505431e-20
0
2.710505431e-20
0
2.710505431e-20
0
-2.710505431e-20
0
0
-2.710505431e-20
0
0
-2.710505431e-20
0
0
-2.710505431e-20
0
-2.710505431e-20
-2.710505431e-20
0
0
2.710505431e-20
2.710505431e-20
0
-2.710505431e-20
0
-2.710505431e-20
2.710505431e-20
2.710505431e-20
2.710505431e-20
0
2.710505431e-20
0
-2.710505431e-20
-2.710505431e-20
-2.710505431e-20
-2.710505431e-20
0
0
0
2.710505431e-20
2.710505431e-20
2.710505431e-20
-5.421010862e-20
0
-2.710505431e-20
0
2.710505431e-20
-2.710505431e-20
-2.710505431e-20
0
0
2.710505431e-20
5.421010862e-20
)
;
    }
    front
    {
        type            empty;
        value           nonuniform List<scalar> 0();
    }
    back
    {
        type            empty;
        value           nonuniform List<scalar> 0();
    }
    procBoundary0to1
    {
        type            processor;
        value           nonuniform List<scalar> 
49
(
0.923990325
0.9234392657
0.9224662247
0.9206719136
-0.006076683093
0.4584780249
0.4567146573
0.4607513571
0.002841579883
0.05219924232
0.05154872362
0.0227800151
0.21454471
0.1063428845
0.1046695703
0.1059532755
0.05173111514
0.0271727967
0.0265822052
0.05137730284
0.4576563079
0.4554893602
0.2500876487
0.2565651136
0.2575008723
0.2555312909
0.2414548189
0.2346137255
0.02641539016
0.02693367188
0.05205858046
0.2579487757
0.2568859069
0.2473577945
0.2521157505
0.2191956963
0.2271040658
0.1051170026
0.1055350578
0.02574966073
0.02598508289
0.05190700296
0.1067301459
0.2450765443
0.2392194771
0.00769636375
0.01628991159
-1.108860469e-05
0.0119188371
)
;
    }
    procBoundary0to2
    {
        type            processor;
        value           nonuniform List<scalar> 
58
(
0.001956266952
0.02507421389
0.01997013918
-0.0007723398271
0.003133772707
-0.001511427372
-0.011603151
-0.0003672451403
0.001136084065
0.0024783398
-0.02547489759
0.2289917142
0.003221505355
-0.04471049435
-0.03336111332
-0.02842285952
-0.04393554068
0.01439531136
-0.01955316405
0.02347550174
0.02687232625
0.0347639219
0.01495117721
0.01805619055
0.008357149375
-0.01962004012
0.004982904859
0.007321700556
0.001359278553
0.005252631133
0.02707958909
-0.01598284023
-0.005215927599
-0.04317244667
-0.039341434
-0.03563286723
-0.04087452511
0.002236841185
-0.009209355742
0.03919531401
-0.1065334041
0.03586512299
0.03076254784
0.04907060925
0.01521286392
0.01579846328
0.008252293973
0.006661256895
0.007272098784
0.02217262333
-0.008125939424
0.000584617549
-0.01050795354
0.0002029668815
5.794702641e-05
0.0004377884156
-0.01245761327
0.0004854783107
)
;
    }
}


// ************************************************************************* //
