/*--------------------------------*- C++ -*----------------------------------*\
| =========                 |                                                 |
| \\      /  F ield         | OpenFOAM: The Open Source CFD Toolbox           |
|  \\    /   O peration     | Version:  v2012                                 |
|   \\  /    A nd           | Website:  www.openfoam.com                      |
|    \\/     M anipulation  |                                                 |
\*---------------------------------------------------------------------------*/
FoamFile
{
    version     2.0;
    format      ascii;
    class       surfaceScalarField;
    location    "0.85";
    object      phi;
}
// * * * * * * * * * * * * * * * * * * * * * * * * * * * * * * * * * * * * * //

dimensions      [0 3 -1 0 0 0 0];
oriented        oriented;


internalField   nonuniform List<scalar> 
6430
(
-0.006797051652
0.9298121672
-0.01376338874
0.9294387189
-0.02081598453
0.9285681523
-0.006438875806
0.9272133608
-0.02183623295
-0.4590029619
0.4599360204
-0.007371934375
-0.4573153105
0.008388825686
0.4584579293
-0.00953144446
-0.4620819744
0.01065653859
0.4644578092
-0.0066116673
-0.006379017272
-0.245558054
0.008213419755
0.2463164591
-0.008909535897
-0.2505033123
0.008388945636
0.2503791504
-0.008175300677
-0.2374766824
0.007543211788
0.2384644354
-0.008471431049
-0.2167969562
0.009538511223
0.2176853088
-0.005178735138
-0.005248128725
-0.05274040311
0.003283449746
0.05279330947
-0.003336356106
-0.003247423041
0.9330595903
-0.006582134931
0.9327734309
-0.01009631077
0.9320823281
-0.00686431571
0.9310128022
-0.007031436387
-0.4628857181
0.4638703352
-0.007848932758
-0.4613974959
0.008946356459
0.4625727527
-0.01012161323
-0.4672646968
0.01139527666
0.4671612194
-0.005747598164
-0.00549321899
-0.2476399137
0.005453889584
0.2475229891
-0.005270284777
-0.2511904766
0.004895272726
0.2513243738
-0.004942093825
-0.2383800493
0.006060405974
0.239238248
-0.006866319012
-0.2210141738
0.01076130859
0.2220536106
-0.005887788312
-0.005912957061
-0.05451078155
0.007907049475
0.1094175925
-0.05444803682
-0.004167149635
-0.004198673975
-0.003410825478
0.9364704158
-0.006908689821
0.9362712952
-0.01058295413
0.9357565925
-0.00720165781
0.9349543546
-0.007322848717
-0.4649452139
0.4660034825
-0.008259926376
-0.4637710324
0.009403845509
0.4649831304
-0.01061594347
-0.4661650735
0.01192040424
0.4651514921
-0.005356559358
-0.005527793968
-0.245994086
0.003583282048
0.2451180575
-0.002649981779
-0.2511601711
0.0003367605705
0.2508458794
6.207504533e-05
-0.2425391151
0.0005857755862
0.2435932435
-0.001577144336
-0.2274678853
0.007259802537
0.2302808003
-0.01005905765
-0.112476562
0.01524867011
0.224003755
-0.01482106998
-0.1119547931
-0.003491837565
0.9399622534
-0.007063784553
0.9398432422
-0.01079595479
0.9394887627
-0.007356253678
0.9389316273
-0.007416973807
-0.4670805264
0.4681575467
-0.008433273908
-0.4661923704
0.009577133446
0.4673922813
-0.01077704435
-0.465218079
0.01205656559
0.4665555025
-0.006683457925
-0.006710392138
-0.2415638803
0.004173191662
0.2401338119
-0.002707853622
-0.2488179369
-0.001493213317
0.2477681873
0.002613990215
-0.2455846921
-0.004356622606
0.2457266568
0.004282823345
-0.2365464277
-0.002089533313
0.2378293581
0.0008457955192
-0.2250606112
0.003010437
0.2258556664
-0.003793479398
-0.003497651795
0.9434599052
-0.00706506631
0.9434106567
-0.01076850179
0.9431921982
-0.007347106369
0.9428424816
-0.007332249753
-0.4692113642
0.4702661824
-0.008401924549
-0.468568486
0.009509252844
0.4697177245
-0.01065849138
-0.4678851786
0.01186937725
0.4691647882
-0.006598487423
-0.006550499357
-0.2354936169
0.007252720625
0.2343082769
-0.006062402115
-0.2436666217
0.0009897526844
0.2420736807
0.000646830564
-0.2445039591
-0.00467968287
0.2436245077
0.00561495687
-0.2395412658
-0.007039260106
0.2395198408
0.007103703309
-0.2280011493
-0.006632454542
0.2285665252
0.006085947546
-0.00344079675
0.9469007019
-0.006938972838
0.9469088328
-0.0105446281
0.9467978534
-0.007195922955
0.9466109878
-0.007117211346
-0.4712818675
0.4722874841
-0.008201539553
-0.4708294352
0.009247788764
0.4719035289
-0.01032188239
-0.4703883227
0.01143855245
0.4715508247
-0.006339027392
-0.006262026999
-0.2349943291
0.006949003986
0.2353060275
-0.007260702306
-0.2371486385
0.007314345261
0.235601563
-0.005759315756
-0.2401195904
0.001233692018
0.2388172211
9.684051435e-05
-0.238275359
-0.003187831082
0.2376116741
0.003879622252
-0.2296396588
-0.005005358307
0.229777102
0.00488178404
-0.003333869097
0.950234571
-0.006711748062
0.9502867118
-0.01016714879
0.9502532542
-0.006932025311
0.9501829227
-0.006807058395
-0.4732480034
0.4741905912
-0.007874613185
-0.4729324355
0.008846148115
0.4739186701
-0.00983238272
-0.4726506081
0.01084424837
0.4736876759
-0.005988291948
-0.005893024183
-0.2361756717
0.006523508814
0.2364448363
-0.006792673342
-0.2358057826
0.007601636269
0.2360746503
-0.007870503946
-0.2351826986
0.00866705515
0.2353062566
-0.008790355427
-0.2354256927
0.006709613721
0.2347409757
-0.006018817637
-0.2294587587
0.004697010593
0.2290552729
-0.004289199301
-0.00318983557
0.9534244066
-0.006410656602
0.9535075328
-0.009680918979
0.9535235165
-0.006590222931
0.9535270119
-0.006434785211
-0.4750853916
0.4759576301
-0.007462461419
-0.4748570693
0.008353538864
0.4757517607
-0.009248230238
-0.4746645617
0.01015449061
0.4755812339
-0.005584117903
-0.00548704493
-0.237191781
0.006051184265
0.2374223591
-0.006281762398
-0.2368056817
0.00696068623
0.2370263523
-0.007181356826
-0.2359938252
0.007819369253
0.2361965041
-0.008022048155
-0.2347894816
0.008589425114
0.2349611428
-0.008761086339
-0.2277292009
0.009020325361
0.2274109619
-0.00870208639
-0.00302123867
0.9564456453
-0.006061769566
0.9565480637
-0.009127009213
0.9565887562
-0.006200255193
0.9566287455
-0.006028487631
-0.4767820051
0.4775829581
-0.007001208201
-0.4765993103
0.00781200791
0.4774050141
-0.008617711729
-0.4764400748
0.009424092652
0.4772443216
-0.005157005221
-0.005071334311
-0.2380615925
0.005567807752
0.2382589632
-0.005765178435
-0.2376275358
0.006335908721
0.237809557
-0.006517929935
-0.2367379991
0.007034223277
0.2368990117
-0.007195235906
-0.2354126839
0.007639444064
0.2355445482
-0.007771308391
-0.2266350405
0.007870765972
0.2264294735
-0.007665198927
-0.002838422588
0.9592840679
-0.005686157591
0.9593957987
-0.008538119528
0.9594407181
-0.005784930885
0.959485863
-0.005610306171
-0.478336417
0.4790687166
-0.006517230547
-0.478166383
0.007251481058
0.4788890891
-0.007974187146
-0.4779971034
0.008690053258
0.4787018241
-0.004733795386
-0.004660978551
-0.238806368
0.005095255182
0.2389756196
-0.005264506794
-0.2383073546
0.005746520368
0.2384586814
-0.005897847202
-0.2373329175
0.006320751921
0.2374630839
-0.00645091829
-0.2358923816
0.006806188342
0.2359940142
-0.006907820927
-0.2259432885
0.00691772168
0.2258186504
-0.006793083517
-0.002650866728
0.9619349346
-0.00530287123
0.9620478032
-0.007943224137
0.962081071
-0.005367836251
0.9621071353
-0.005196660196
-0.4797540316
0.4804213138
-0.00603511841
-0.4795714291
0.006698551983
0.4802189541
-0.007346076939
-0.4793618867
0.007981669211
0.4799804048
-0.004331137375
-0.004269049955
-0.2394459124
0.004649650428
0.2395917149
-0.004795452938
-0.2388745593
0.005205418853
0.239001619
-0.005332478521
-0.2378171632
0.005683718769
0.2379243999
-0.005790955481
-0.236261986
0.006080212081
0.2363402107
-0.006158436787
-0.225535106
0.006120639595
0.2254664229
-0.006051956474
-0.002465393053
0.9644003276
-0.004925453554
0.9645078637
-0.007362089303
0.9645177068
-0.004962223942
0.9645067746
-0.004799504671
-0.4810433261
0.4816504983
-0.005569396167
-0.4808303719
0.006168675616
0.481411001
-0.006749304722
-0.4805601534
0.007314894246
0.4811049212
-0.003958257492
-0.0039014046
-0.2399978253
0.00423837174
0.2401241102
-0.004364656639
-0.2393525929
0.004716116743
0.2394604268
-0.004823950633
-0.2382187603
0.005119958457
0.2383087351
-0.005209933252
-0.2365463153
0.005448741777
0.236606476
-0.005508902502
-0.2253229494
0.00544794332
0.2252931181
-0.00541811205
-0.00228733811
0.9666876657
-0.004564381439
0.9667849071
-0.006809667212
0.9667629925
-0.004577939621
0.9667025051
-0.004427458085
-0.4822149009
0.4827674445
-0.005130483217
-0.4819597445
0.005672479096
0.4824814996
-0.006194234142
-0.4816174362
0.006699032325
0.4821000668
-0.003616728787
-0.003564934107
-0.2404767164
0.003862866464
0.240586768
-0.003972918033
-0.239759832
0.004276728937
0.2398523658
-0.004369262655
-0.2385576282
0.004622326431
0.2386343033
-0.004699001513
-0.2367649936
0.004898413893
0.2368113045
-0.004944724843
-0.2252477119
0.004874396632
0.2252453248
-0.00487200948
-0.002120007987
0.9688076737
-0.004226032349
0.9688909314
-0.006294698433
0.9688316586
-0.00422133482
0.9687133413
-0.004084199748
-0.4832802358
0.4837838003
-0.00472489934
-0.4829753423
0.00521623081
0.48344568
-0.005686568573
-0.482555253
0.006138795473
0.4829849884
-0.003306722063
-0.003261808853
-0.2408952086
0.00352429181
0.2409918353
-0.003620918483
-0.2401108344
0.003885999634
0.2401911885
-0.003966353736
-0.2388478994
0.00418574285
0.238914128
-0.004251971481
-0.236933477
0.004420281261
0.2369692056
-0.004456009856
-0.2252696121
0.004383970701
0.2252868265
-0.004401185021
-0.001966305139
0.9707739789
-0.003915969953
0.9708405962
-0.005824766532
0.9707404552
-0.003896316271
0.9705592611
-0.003774370106
-0.4842507036
0.4847109374
-0.004356550013
-0.4838916765
0.004803513412
0.484317472
-0.005229308961
-0.4833913876
0.005636487062
0.4837762748
-0.003030505052
-0.002990869197
-0.2412638078
0.00322410099
0.2413493812
-0.003309674451
-0.2404170815
0.00354339921
0.2404877568
-0.003614074565
-0.2390998299
0.003806890614
0.2391577715
-0.003864832276
-0.2370636115
0.004008476435
0.237091262
-0.004036126886
-0.2253609993
0.00396657243
0.2253922488
-0.003997821914
-0.001827667564
0.9726016464
-0.003636841001
0.9726497697
-0.005403172659
0.9725067869
-0.003604974698
0.9722600334
-0.00349897021
-0.4851376082
0.4855599721
-0.004027338661
-0.484722223
0.004435823745
0.4851097247
-0.00482332548
-0.4841414389
0.00519211651
0.4844884051
-0.00278742089
-0.002751661806
-0.2415913138
0.002960953827
0.2416678158
-0.003037455907
-0.2406876867
0.003245838484
0.240750653
-0.003308804785
-0.2393212121
0.003480489496
0.2393725283
-0.003531805718
-0.2371644353
0.003655798507
0.2371859061
-0.003677269247
-0.2255020046
0.003612337613
0.2255431823
-0.003653515337
-0.001704994103
0.9743066405
-0.00339023062
0.9743350062
-0.00503173821
0.9741482944
-0.003348165655
0.9738349256
-0.003258464779
-0.4859516879
0.486341399
-0.003737876761
-0.4854791854
0.004113369904
0.48583411
-0.004468294465
-0.4848184713
0.004804772656
0.4851334136
-0.002575771819
-0.002543943159
-0.2418850989
0.002731991682
0.2419541328
-0.002801025575
-0.2409298263
0.002988865927
0.2409866135
-0.003045653157
-0.2395180834
0.003200386914
0.2395640602
-0.003246363711
-0.2372427935
0.003354605296
0.2372595136
-0.003371325422
-0.2256777937
0.003312038621
0.2257258304
-0.003360075253
-0.001598771297
0.9759054118
-0.003176946717
0.9759131816
-0.004711185484
0.9756825332
-0.003126401331
0.9753028306
-0.003052689197
-0.4867031265
0.4870650579
-0.003488332724
-0.4861737411
0.003835947424
0.4865013308
-0.004163537159
-0.4854346357
0.00447317128
0.4857234388
-0.002395681347
-0.00236629302
-0.2421511725
0.002536310429
0.2422140822
-0.002599220115
-0.2411491908
0.002770485145
0.2412010387
-0.002822333023
-0.2396952361
0.002963496681
0.23973692
-0.0030051806
-0.2373038901
0.003100820423
0.2373169579
-0.003113888144
-0.2258774577
0.003060687697
0.2259301232
-0.003113353178
-0.001508884829
0.9774142967
-0.002996538339
0.9774008351
-0.004440392035
0.9771263869
-0.00293752944
0.9766808103
-0.002880842239
-0.4874012968
0.4877402641
-0.003276496757
-0.4868160702
0.003600923485
0.4871209772
-0.003905830535
-0.4860010532
0.004193372427
0.4862687847
-0.002244411978
-0.002216691909
-0.2423946722
0.002371523304
0.2424526022
-0.002429453267
-0.2413504051
0.002587443886
0.2413983273
-0.002635366068
-0.2398565696
0.00276571533
0.239894813
-0.002803958717
-0.2373517139
0.002889525217
0.2373619695
-0.002899780885
-0.2260929631
0.002852672022
0.2261485443
-0.00290825326
-0.00143532842
0.9788496251
-0.002849099794
0.9788146065
-0.004219024848
0.9784963119
-0.002782712279
0.9779874238
-0.002742926061
-0.4880553516
0.4883753781
-0.003102738803
-0.4874152937
0.003408203588
0.4877017701
-0.003694679962
-0.4865284159
0.00396409381
0.4867797721
-0.002119689635
-0.002095760337
-0.2426199488
0.002236814631
0.2426740062
-0.002290872026
-0.2415373059
0.002438583362
0.241582194
-0.002483471428
-0.2400052912
0.002605405875
0.2400408276
-0.002640942218
-0.2373893273
0.002718545389
0.2373974348
-0.002726652952
-0.2263181602
0.002685223958
0.2263754151
-0.00274247882
-0.001378627981
0.9802282531
-0.002734829014
0.9801708075
-0.004047347175
0.9798088301
-0.002655092169
0.9792303329
-0.002635164179
-0.4886722455
0.4889813829
-0.002964229637
-0.4879797259
0.003255837052
0.4882518388
-0.003527949997
-0.4870236623
0.003783109734
0.4872611832
-0.002019402805
-0.002001227831
-0.2428313616
0.00213054559
0.2428825324
-0.002181716376
-0.2417132491
0.002321755969
0.2417558703
-0.002364377173
-0.2401441446
0.002479960655
0.2401776042
-0.002513420245
-0.2374192228
0.002584863808
0.2374257454
-0.002591386391
-0.2265485718
0.002555181052
0.2266065871
-0.002613196403
-0.001336402593
0.9815646557
-0.002651057866
0.9814854628
-0.003922381469
0.9810801537
-0.002571175521
0.980440929
-0.002561802061
-0.4892669523
0.4895617744
-0.002865997627
-0.4885170858
0.003144414723
0.4887777781
-0.00340510708
-0.4874932077
0.003649590708
0.4877205061
-0.001944512668
-0.001932376375
-0.2430323169
0.002050807278
0.2430813235
-0.002099813823
-0.2418810671
0.002234226214
0.2419220459
-0.002275204995
-0.2402755018
0.002386164817
0.2403074261
-0.00241808916
-0.2374434864
0.002484938926
0.2374488797
-0.002490332242
-0.2267808978
0.002458995166
0.2268389921
-0.002517089427
-0.001316418004
0.9828810737
-0.002605010699
0.9827740555
-0.003853008755
0.9823281518
-0.002525626603
0.9816248775
-0.002511330644
-0.4898378474
0.4901116974
-0.002799476601
-0.4890338205
0.003070976822
0.4892872637
-0.003324420104
-0.4879441626
0.00356158889
0.4881641272
-0.001893330132
-0.001888223402
-0.2432256724
0.001996530767
0.243273191
-0.002044049467
-0.2420431686
0.002174612854
0.2420830373
-0.002214481501
-0.2404014966
0.002322333928
0.2404323863
-0.002353223674
-0.2374638573
0.002416977818
0.2374685406
-0.002421661042
-0.2270128164
0.002394998644
0.2270705325
-0.002452714818
-0.001294514501
-0.00257497965
-0.003811650602
-0.002505505645
-0.002455835181
-0.4903923596
0.4906649919
-0.002778137924
-0.4895361758
0.003038262717
0.4897840457
-0.003286132698
-0.4883827566
0.003518915679
0.4885982727
-0.001869686159
-0.001864745639
-0.243413911
0.001967987028
0.2434604959
-0.002014572004
-0.2422015219
0.002142680149
0.2422406925
-0.002181850778
-0.240524107
0.002287852416
0.2405544481
-0.002318193532
-0.2374821491
0.002380634241
0.2374867039
-0.00238518896
-0.2272428101
0.00236332881
0.2273001094
-0.002420628114
0.003235700243
-0.003297641473
-0.05267846188
0.003888325193
-0.003992400946
-0.0544067058
0.009161105175
-0.2159489638
-0.004940885936
-0.005068211603
0.1058977592
-0.003212219418
-0.1056323098
0.00618247023
0.026358765
-0.2197860263
-0.02180386597
-0.005783046499
0.109228308
-0.003852593225
-0.1088512699
0.007363880334
-0.003307020616
0.006351870751
0.1061363588
0.05324830892
0.003523004677
-0.003593445843
-0.05317786775
0.02610681802
-0.0003582704691
-0.02666982925
0.000921281697
-0.02780291847
-0.0008684849102
0.001267577229
0.02740382616
0.007940128578
-0.00817099577
-0.1122456947
-0.001403671494
-0.0280439214
0.001644674419
0.02721430892
-0.0008915148147
-0.0277264656
-0.003462035966
0.04523218246
0.004556016848
-0.02475560727
-0.02157055607
-0.0002848450233
0.0007362753705
0.02565538767
0.003559412227
0.05331760048
-0.003628703794
-0.0222302869
0.02205023708
-0.0001047952027
0.02855873816
-0.005965856918
-0.01300094679
-0.01305397041
0.02672186305
-0.0003760390435
-0.0226263705
3.781313498e-05
0.005728556141
0.02621316665
-0.02417415188
-0.001257664514
0.001693599176
0.02373821722
-0.05201423483
0.003673191912
0.0520879841
-0.003746941173
0.05226176871
0.003774681905
-0.05222863439
-0.00192605644
-0.001881759783
-0.0520022626
0.003471522708
0.05200702371
-0.003476283816
0.003614401709
-0.003630963094
-0.05199767345
-0.0008202915227
-0.02464664991
0.001292789548
-0.02508800109
-0.001177798184
0.001452657719
0.02481314156
-0.05177920626
0.003287021345
0.05181640883
-0.003324223913
0.003444966221
-0.003491546744
-0.05195568208
0.00323227593
-0.00325594579
-0.0517555364
-0.000992589756
-0.02541284162
0.001317430286
0.02476593099
-0.0005546035205
-0.02520391723
0.02432612348
-0.0007379906762
0.003804120174
0.05226892877
-0.001918205695
-0.001893074538
0.05249889205
0.01430419684
-0.05238018047
-0.005464268783
-0.008958639634
-0.01216051937
0.02486488189
-0.02423528257
0.01153092005
0.01182414132
-0.01533428333
-0.008650377355
0.02434013087
-0.02430800265
0.005281902009
-0.02492765688
-0.006071617843
0.006088179832
0.02491109489
0.02368089536
-0.0002855163265
-0.02421567056
0.0299160412
-0.02379410972
-0.0003933753364
-0.006209716464
-0.02500425866
0.006286318245
-0.007194159929
0.01429217002
0.02281803111
0.022949251
-0.0005260201525
0.02597299354
0.02546077122
-0.02561710768
0.009107395448
-0.01182843605
-0.2247408978
0.2250070567
0.01436333245
-0.008004841267
-0.1117048745
-0.1117205448
0.007502451374
0.1096329061
0.1109220741
0.008117385254
-0.008635828056
-0.1104036313
-0.008600689514
0.09271770063
-0.09281301749
0.008696006386
-0.003422619504
0.004629010308
0.04402579166
-0.004787229859
-0.02624481336
0.00373280604
0.02729923718
-0.02627909134
0.002099439634
0.0265819124
-0.002402260691
0.02651473678
0.001815451896
-0.001658498659
-0.02667169002
0.03086058123
-0.005724462581
0.08975292802
-0.01188486387
-0.08646875365
0.02647530521
0.0009335009031
-0.0005361682883
-0.02687263783
-0.02479463716
0.004299971214
0.02667768371
-0.006183017758
-0.03102358945
0.02331226693
0.03257620442
0.02432280081
0.05374824034
-0.01905013643
-0.006522012664
0.00432529306
0.05396923058
-0.004436175036
-0.0538583486
0.001774845074
0.02631186289
-0.001571971183
0.02571051764
0.001904151608
-0.001742297539
-0.02587237171
-0.0005151364116
0.02419855587
-0.02468772884
0.001004309381
0.02527142509
0.02126247511
-0.02155150894
-0.0002261025827
0.0234051845
-0.004552522044
-0.01794988244
-0.0009027800105
-0.009231255265
0.05116276615
-0.05084096252
0.00890945164
0.002786612512
0.02434601907
-0.01919944813
0.02541483816
0.0005401834627
-0.000142702551
-0.02581231907
-0.03061540237
0.0257952636
3.290890856e-05
-0.02550402182
0.001878287201
0.02551635417
-0.001890619547
0.002067163113
-0.002459399377
-0.02588685508
-0.006021329639
-0.02448028291
0.00425679919
-0.0005690695407
-0.02600825291
0.001022004532
0.02555531791
-0.02587112321
0.001732642068
0.02574980435
-0.001611323209
0.001812743714
-0.001743744056
-0.02557302148
0.0009008458496
0.02606144205
-0.0004869826846
0.003677272121
-0.004653680605
-0.02381822868
-0.001278397269
0.001722452968
0.02375450018
0.002236976785
0.02564171717
-0.002168176309
0.02647313036
0.009451442245
-0.009918278816
-0.02600629379
-0.002392358397
0.02871389146
-0.02281148471
-0.003510048356
-0.005189498147
0.01004353412
0.01855114852
0.0203904683
-0.0004063904622
-0.01913632
0.02502419056
-0.005186026019
-0.0007018445435
0.02137937354
-0.005229056231
-0.02070283935
0.02458096112
-0.005482322673
-0.02474225111
0.005643612669
0.02502823276
-0.0001824641449
0.01520457343
-0.0008091135676
-0.0246675181
-0.006714869924
0.00654399834
0.02483838969
-0.004825125527
-0.013627144
-0.0006840504725
-0.00696323815
-0.02463513973
0.006930859785
-0.01468591701
-0.02195081499
-0.02622940764
0.001773369445
0.02612658508
-0.001670546884
0.00167132743
-0.001594974478
-0.02594747616
-0.02646765813
0.0009995886848
-0.02577088262
0.003094411701
0.02697644213
-0.02584174832
0.001851092779
0.0259835037
-0.00199284816
0.00169227007
-0.001740367067
-0.02618131065
-0.0239120335
0.02306626573
-4.574704721e-05
0.002368164323
-0.02626179582
-1.840200492e-05
-0.02779431093
0.002436009653
0.02181483785
0.0001886913532
4.670787136e-05
-0.0001435144455
0.02625180621
0.0006135712878
-0.02275479747
0.02250642038
0.0001048626399
-6.457077923e-05
-0.02351327511
0.000884057793
2.846818455e-06
-0.02561525585
0.001647795881
0.02560658186
-0.001639121889
0.001795025136
-0.001940210362
-0.02569656309
-0.02490864666
0.002815036164
-0.02642743068
0.001235471054
0.02609280547
-0.02577044011
0.001592624478
0.02572422107
-0.001546405436
0.00162410156
-0.001594828217
-0.02564452919
-0.0248121381
0.02440005945
-0.0001425248698
0.0004861072204
-0.0001047632655
-0.02519348206
0.0009178008502
-0.02563561086
-0.001213537383
0.02392696269
0.001612698179
-0.02389535874
0.02319952006
-0.0005176987054
-0.0002332899659
0.006884099843
-0.007360247813
-0.0237591346
0.02521431422
-0.02475334274
0.006423128366
0.02612223045
0.01062300382
0.0002245243779
0.005736178994
-0.005960703371
-0.01832145572
-0.004373075422
0.00550315672
0.02449562701
0.02161348604
-0.00542361065
0.02286676939
-0.002630986886
-0.02262814089
-0.02163473474
0.02134737989
1.838525166e-06
0.0002470338079
-0.0218131533
-6.861524318e-05
-0.02463522432
0.0006665875721
-0.01989223172
-0.0004114108839
0.01524266346
-0.0009504934398
-0.00563784134
0.0214398632
-0.0005593584006
0.02405561587
-0.006875426094
-0.0015079203
0.02210049328
0.002356678016
-0.02077586521
0.01928497852
-1.703361194e-05
4.549452219e-05
0.02603496212
-0.0261830641
0.02265341216
0.0002270835
-4.157770352e-05
0.02252176563
0.000189406461
-5.775993423e-05
0.01504497875
-0.01502419348
-2.078526009e-05
-0.004838671328
0.003722044109
-0.03108822104
-1.22461024e-05
-0.02222626006
0.01997577447
0.02714270264
-0.02064534674
0.02664675696
0.001921344581
-0.001818375285
-0.02674972625
-0.0004732648347
0.02197901892
-0.0227904756
0.001284721509
0.0007232539172
-0.0002311400718
-0.02517984269
0.0254120605
-0.0259005912
0.001211784614
0.02497102691
0.001445342972
3.218884545e-05
-0.01279566488
-0.004157836391
-0.0009963811655
-0.01143421548
-0.001361449403
0.01210667244
-0.002120809503
-0.01045912777
0.01989013925
-0.005014442514
-0.01976810372
0.004892406985
0.003225907788
0.004365179264
0.02112280441
-0.0222995865
0.0221415963
1.528764792e-05
9.241229299e-05
0.0001144215869
0.000531899433
0.002427599148
-0.0001456106586
0.02205009366
-0.02220434976
4.949283809e-05
0.02187663476
3.093402463e-05
0.0223650651
0.000124251706
3.244882453e-05
9.362601682e-05
6.708932425e-05
-0.02236142855
-0.004518512115
0.002352041013
-0.001513949495
0.002460775025
0.01955471926
-0.02107770278
9.034021567e-06
1.201366386e-05
0.02161827231
2.50724897e-05
2.287082451e-05
0.02468293819
0.00201054169
-0.003534135823
0.003463731276
-0.003538770243
0.001103881642
-0.0193596907
-0.004555675643
0.01990403199
-0.01607661742
-0.002723532924
0.01661850801
0.01177584912
-0.001732314998
-0.002730958812
-0.001569809484
-0.003539500995
-0.001469757666
-0.005783982056
0.01937395714
-0.02232724043
-0.006008990099
0.02255224848
-0.02170769853
-0.005805567922
-0.0002115381023
0.0006045465441
-0.02198240655
-4.228485603e-05
-2.327438753e-05
-0.0004888033753
-0.02029466868
0.02658180244
-0.005620875675
-0.000666258085
-0.01440896729
-0.005227146951
-0.0006585544335
-0.02044099
-0.006091834055
0.01254654072
-0.006405728281
-0.001080603271
-0.01346478779
-0.0009441795033
0.006094688506
-0.006674212371
0.02804960343
-0.0005150517262
0.02151567543
-0.0148940324
0.0002081153855
0.004429464698
-3.851856881e-05
0.004579142989
0.006042708002
-0.005897103608
-0.2456350855
-0.00691069341
0.2526115075
-0.2508203511
0.005217555155
-0.007052271277
-0.2502672566
-0.007654065558
0.242168803
-0.2418534615
0.007412606383
-0.007953670818
-0.237116768
0.2199412003
-0.2194695552
0.008697105938
0.02228796334
-0.0225624854
-0.2472995005
-0.02303123555
0.2519173869
-0.2517059334
0.02290583651
0.01008252452
0.2510075233
-0.02314479437
-0.2509911545
-0.02372501944
0.2428677008
-0.2425383146
0.02345967776
0.007685331356
0.2420978884
-0.02410596276
-0.237948226
0.2225991376
-0.2215942594
0.02535675576
0.009032672591
0.2204533997
0.2186134497
0.009838131112
-0.005356443531
-0.005409828448
0.1085046969
-0.005928719858
-0.1082470439
0.005671066786
-0.1075193168
-0.005624450793
0.005388168469
0.1077555992
0.05298249913
0.003386976427
-0.003458638607
-0.05291083695
0.05233675113
-0.05229334632
0.003570996899
-0.05219188969
0.003435540803
0.05222787159
0.003866375296
-0.003106656354
-0.2466929798
-0.001295001787
0.2512318021
-0.2516138632
0.001761595993
0.004956183724
0.2519437449
-0.001038416458
-0.2513308122
-0.002042392156
0.2457548377
-0.2450112534
0.00136936966
0.005492127845
0.2435014529
-0.003112294762
-0.2414093619
0.2310746328
-0.2285645189
0.006616274813
0.009332754215
0.2240315417
-0.01197816795
0.2231204299
0.01091137093
0.2225667211
-0.00660090424
-0.1107458379
-0.1106182141
-0.006579932835
-0.1099849005
-0.006455471465
0.006152305969
0.110288066
0.1099009968
0.008029135889
-0.004247373828
-0.004265166354
0.0548200173
-0.004646899564
-0.05460724046
0.004434122721
-0.05417193359
-0.004409846085
0.004282894782
0.05429888489
0.003746037953
-0.002380796464
-0.2428872807
0.001400636808
0.2479960825
-0.2490684955
-0.0002571776782
0.00096114529
0.2506897862
0.002339866093
-0.2496814604
0.003396721193
0.2472448448
-0.2471886462
-0.003379293218
1.035603345e-05
0.2464024915
0.003044989499
-0.2451647458
-0.0001804295202
0.2388593077
-0.2374074453
-0.001227779558
0.004903333552
0.2334570907
-0.001829935486
-0.2348623144
-0.006913349652
0.2313475941
-0.2298493034
0.005427709295
0.0139948834
0.2262608434
-0.007623939815
-0.2243420111
0.006531418123
-0.004946547983
-0.2370661678
5.891730328e-05
0.2422558844
-0.2438620826
0.001591651147
-0.0001901696772
0.2467586272
0.001612547145
-0.2451686165
0.005201058358
0.2449824929
-0.2458985602
-0.004223654909
-0.004087288039
0.2470477755
0.005926345364
-0.2451685567
0.006593489723
0.2410793756
-0.2410161859
-0.006606857567
-0.003117755339
0.2399348702
0.006389544755
-0.2392931443
0.005254299753
0.2344382037
-0.2340098258
-0.005657661985
0.001900375863
0.2324751872
0.004612472516
-0.2273408384
0.0070453459
-0.007367535683
-0.2346721394
-0.005510866622
0.2356274604
-0.2372349398
0.007127305209
0.00269152694
0.2405900975
-0.003869925895
-0.2387724938
0.000737015757
0.2398716228
-0.241279645
0.0007044101178
-0.003521922953
0.2438802506
0.002039854098
-0.2413864867
0.004925784076
0.2390868655
-0.2398324037
-0.004144788552
-0.006786100038
0.2408740692
0.005526498091
-0.2388430703
0.006400940313
0.2346177256
-0.2347513342
-0.006246400999
-0.006856272018
0.234687303
0.00616943647
-0.2293922986
0.006636473313
-0.006915586824
-0.2358965582
-0.007760512492
0.2359352073
-0.2356528623
0.007478167518
0.007895983499
0.2350479587
-0.008043024429
-0.2355232707
-0.008060538526
0.2352746432
-0.2357641784
0.00855171841
0.002676348188
0.2384540439
-0.006955554589
-0.2362832783
-0.004006564028
0.2356195286
-0.2364806036
0.004878785917
-0.002323021205
0.2382518468
-0.003268353511
-0.2361522884
-0.001893201745
0.2335003971
-0.2338232326
0.002224785804
-0.004773257559
0.2344038812
-0.001637796791
-0.2297074002
0.006170402404
-0.006409620578
-0.2369525628
-0.007118871682
0.2369420477
-0.236707659
0.006884482934
0.007332063242
0.2362047803
-0.007350593395
-0.23657396
-0.008024288644
0.2362395524
-0.2360191911
0.007803927318
0.008403938124
0.2355377602
-0.008239494352
-0.2357786195
-0.008844802345
0.235115109
-0.2349212633
0.008650956661
0.007516482625
0.2348176335
-0.009028534517
-0.2346057495
-0.009342065188
0.2327815194
-0.2327801483
0.009340694035
0.005027904696
0.2331749823
-0.008993649566
-0.2280776165
0.005687329963
-0.005891979871
-0.2378569426
-0.00648773382
0.2377786155
-0.2375836413
0.006292759553
0.006736872483
0.2371658615
-0.006678557607
-0.237436712
-0.007222184587
0.237006213
-0.2368302161
0.007046187666
0.007611270606
0.236447651
-0.007392419133
-0.2365677645
-0.007863543051
0.2357755695
-0.2356257513
0.007713724832
0.008408100814
0.2352964333
-0.008004253999
-0.2352719729
-0.008135551623
0.2325784733
-0.2326505711
0.008207649457
0.009045113771
0.232756731
-0.007904930751
-0.2268656614
0.005212740248
-0.005388087466
-0.2386310208
-0.005890738506
0.2384768369
-0.2383136797
0.005727581273
0.006149512638
0.2379650116
-0.006049106355
-0.2381489867
-0.006493168441
0.2376239088
-0.2374812616
0.006350521233
0.006867437974
0.2371729983
-0.006630229599
-0.2371958564
-0.007005288139
0.2362933147
-0.2361748898
0.006886863263
0.007498406133
0.2359166074
-0.007113787881
-0.2357838819
-0.007141292518
0.2322288187
-0.2323215071
0.007233980957
0.007951176446
0.2324980628
-0.006999071894
-0.2260855092
0.004759722957
-0.004910517897
-0.2392951174
-0.005337257291
0.2390636663
-0.2389260992
0.005199690154
0.005590332259
0.238633025
-0.005469895106
-0.2387419215
-0.005837421812
0.2381291847
-0.2380117626
0.005719999709
0.006185115765
0.237759545
-0.005949810206
-0.2377047748
-0.006253962905
0.236706239
-0.236611312
0.00615903591
0.00669427822
0.2364052248
-0.006337512791
-0.2361784361
-0.006308783176
0.2318551903
-0.2319474228
0.006401015675
0.007011580168
0.2321349602
-0.006227973351
-0.2256159159
0.004337480823
-0.004467832407
-0.2398674737
-0.004832798287
0.2395611121
-0.2394441201
0.004715806327
0.005073445097
0.2391956401
-0.004945012571
-0.2392403787
-0.005253479328
0.2385493154
-0.2384510702
0.005155234145
0.005571610776
0.2382412927
-0.005347325147
-0.2381249145
-0.005597526007
0.2370391414
-0.2369623725
0.005520757154
0.005990276309
0.2367961748
-0.005661755261
-0.236482086
-0.005604978271
0.2315068069
-0.2315902665
0.005688437798
0.006211121379
0.2317647085
-0.00556669064
-0.225361237
0.003952685921
-0.004066058087
-0.2403633443
-0.004380830944
0.2399866979
-0.23988623
0.004280363041
0.004603571326
0.2396736575
-0.004476843573
-0.2396638194
-0.004739603292
0.2389044538
-0.2388208878
0.004656037311
0.005025726568
0.2386435473
-0.004819280298
-0.2384779512
-0.005027620905
0.2373097361
-0.2372471413
0.004965026024
0.005375829834
0.2371120533
-0.005077040615
-0.2367155739
-0.00500817412
0.231200559
-0.2312728653
0.00508048043
0.005528726493
0.2314260238
-0.004999775761
-0.2252561103
0.003606350414
-0.003705731651
-0.2407958274
-0.003979832666
0.2403545335
-0.2402673242
0.003892623393
0.004179833217
0.2400835936
-0.004062989373
-0.2400276777
-0.004290097976
0.2392093637
-0.2391371967
0.004217930967
0.004541862674
0.2389849176
-0.004358725524
-0.2387792718
-0.004534176292
0.2375314986
-0.2374800209
0.004482698581
0.004838842699
0.2373693073
-0.004572295894
-0.2368953574
-0.004500172286
0.2309395334
-0.2310006167
0.004561255584
0.004943869491
0.2311310861
-0.004513084343
-0.2252567001
0.003296761359
-0.003384579902
-0.2411759892
-0.003625625413
0.2406759292
-0.240599391
0.003549087138
0.003801698704
0.2404388344
-0.003698535427
-0.2403441714
-0.003897479616
0.2394748306
-0.2394116718
0.003834320766
0.004116043384
0.2392790632
-0.003957335948
-0.2390399735
-0.00410666561
0.2377148013
-0.2376720994
0.004063963699
0.004371207009
0.2375805728
-0.004136143573
-0.2370341336
-0.004065686653
0.2307217101
-0.2307723219
0.004116298468
0.004442333481
0.2308811706
-0.004093863383
-0.2253328226
0.003023879312
-0.003102182398
-0.2415130107
-0.00331644706
0.2409600378
-0.2408920703
0.003248479554
0.003469198642
0.2407501298
-0.003381185299
-0.2406229485
-0.00355772865
0.2397089881
-0.2396530093
0.003501749898
0.003745694173
0.2395360271
-0.003610571183
-0.2392683695
-0.003739080915
0.2378677402
-0.2378319762
0.003703316926
0.003967673346
0.2377556044
-0.00376194808
-0.2371415682
-0.003695730444
0.2305431842
-0.2305843705
0.003736916831
0.004014717273
0.2306735653
-0.003734752996
-0.225462982
0.002785618676
-0.002856110172
-0.2418146074
-0.003048675205
0.2412142048
-0.2411531338
0.002987604192
0.003179734153
0.2410261421
-0.003106867218
-0.2408716343
-0.003265456958
0.2399180937
-0.2398678829
0.003215246242
0.003426070492
0.2397634071
-0.003312651024
-0.2394708894
-0.003424482298
0.2379966359
-0.2379663779
0.003394224246
0.003621531037
0.2379020076
-0.003442271722
-0.2372250041
-0.003381528994
0.2303996222
-0.230432469
0.00341437575
0.003651339129
0.2305041826
-0.003428076764
-0.225631246
0.00258179484
-0.002645891584
-0.2420870757
-0.002820955811
0.2414443264
-0.2413887783
0.002765407712
0.002929277792
0.241273793
-0.002873922752
-0.2410962238
-0.003018164298
0.2401070916
-0.2400615003
0.002972572952
0.003151416855
0.2399670637
-0.003060824488
-0.2396525759
-0.003159332374
0.2381064658
-0.2380805673
0.003133433846
0.003325527113
0.2380257141
-0.003173222814
-0.2372899997
-0.00311849469
0.2302867932
-0.2303123327
0.003144034187
0.003342973972
0.2303686869
-0.003170166117
-0.2258257863
0.002410406269
-0.002469333877
-0.2423357446
-0.002630419807
0.2416552377
-0.241604077
0.002579259079
0.002716121182
0.2414986904
-0.002679244736
-0.2413015802
-0.002812084441
0.2402799977
-0.2402380867
0.002770173429
0.002918897889
0.2401516904
-0.002851122073
-0.239817532
-0.002939010133
0.2382011867
-0.2381787377
0.002916561144
0.00307585689
0.2381314293
-0.00294990391
-0.2373408201
-0.002901290939
0.2302008108
-0.2302199976
0.002920477716
0.00308455508
0.2302629258
-0.002956286604
-0.2260379674
0.0022684902
-0.002323282448
-0.2425651565
-0.002473349589
0.2418509741
-0.2418032534
0.002425628893
0.002537240347
0.2417054413
-0.002518930059
-0.2414917255
-0.002642793319
0.2404401237
-0.2404011223
0.002603791942
0.002724609688
0.2403211034
-0.002678953042
-0.2399691315
-0.002758388724
0.2382839398
-0.2382642228
0.002738671668
0.002867826025
0.2382228858
-0.002766978527
-0.2373807375
-0.002724165118
0.2301377568
-0.2301515947
0.002738003068
0.002870421592
0.2301830613
-0.002781113085
-0.2262612123
0.002154260384
-0.002205947217
-0.2427796747
-0.002347698326
0.2420351135
-0.2419899974
0.002302582212
0.002391594475
0.241897963
-0.002390815415
-0.241670132
-0.002507792533
0.2405903205
-0.2405535664
0.002471038422
0.002567032117
0.2404784975
-0.002541711656
-0.2401102255
-0.002614527653
0.2383573098
-0.2383397218
0.002596939562
0.002699417829
0.2383030674
-0.002621398926
-0.2374123515
-0.002583930478
0.2300938438
-0.2301031969
0.002593283546
0.002697868423
0.2301251123
-0.002641816867
-0.2264906854
0.002067883083
-0.00211723713
-0.2429829629
-0.002252867892
0.2422106477
-0.2421674322
0.002209652341
0.002277165102
0.2420797044
-0.002294193171
-0.2418397418
-0.002406130385
0.2407330441
-0.2406979455
0.002371031786
0.002443663685
0.2406266175
-0.002438382441
-0.2402432497
-0.002506224864
0.2384235311
-0.2384075362
0.002490229934
0.002567717239
0.2383744564
-0.00251186078
-0.2374378505
-0.002479343115
0.2300662342
-0.2300717323
0.002484841209
0.00256352064
0.2300855042
-0.002537454016
-0.2267227869
0.00200815874
-0.002055884027
-0.2431779471
-0.002187301377
0.2423801001
-0.2423381826
0.002145383887
0.002191379375
0.2422534946
-0.00222740969
-0.2420030603
-0.002335926233
0.2408704694
-0.2408364982
0.002301955089
0.002351388756
0.2407678202
-0.002367034159
-0.2403703886
-0.002431428695
0.238484604
-0.2384697103
0.002416534997
0.002469262983
0.238439207
-0.002436248294
-0.2374590377
-0.002408406971
0.2300528362
-0.2300549432
0.002410513909
0.002463609736
0.2300616197
-0.002466256037
-0.2269549673
0.001973319589
-0.002020005769
-0.2433672248
-0.002148684736
0.2425455313
-0.2425044533
0.002107606663
0.002132951823
0.2424217611
-0.002188014152
-0.2421621924
-0.002294423063
0.2410045173
-0.2409712229
0.002261128647
0.002288579729
0.2409042236
-0.002324867307
-0.2404936628
-0.002387437074
0.2385426035
-0.2385282544
0.00237308798
0.002402284319
0.2384992974
-0.002391941813
-0.2374776444
-0.002368968388
0.2300522901
-0.2300512591
0.002367937333
0.002396306381
0.2300515285
-0.002426219725
-0.2271855588
0.001961921431
-0.002008655368
-0.2435524738
-0.002135895966
-0.2426678339
0.002095383314
0.002101770627
0.2425864409
-0.002174629468
-0.2423186315
-0.002279345411
-0.2411037624
0.002246567344
0.00225467996
0.2410376897
-0.002309378307
-0.2406149481
-0.002372066603
-0.2385859149
0.002357344107
0.002366289344
0.2385569484
-0.002377566789
-0.2374962935
-0.002366438156
-0.2300590796
0.002359953484
0.002361603123
0.2300540158
-0.002418788682
-0.2274154664
-0.05214768303
0.003400759568
-0.05200716184
0.00324803829
0.0520461449
-0.05252573164
0.00310897422
0.05257597456
-0.003159217141
-0.05406387506
0.004217234537
-0.05313745755
0.02355570017
0.0539045582
-0.05370950841
0.02190527315
0.05422623158
-0.02242199633
0.0529019724
-0.05276074641
-0.005521091498
-0.1073020587
0.005303833372
-0.005114940696
0.004916407432
0.1068716476
0.008760852432
-0.004735042778
-0.004818048989
-0.002976983814
0.005717938414
0.105250834
0.1064987225
-0.005317996157
0.1071554545
-0.005745519114
-0.1069310268
-0.006368674203
-0.1096920674
0.006075841177
-0.006049282744
0.005789024858
0.1087649548
0.01927328253
-0.005559932955
-0.0148859262
-0.1069393279
-0.003631723555
0.006897538029
0.1072329257
-0.1081587736
0.1084345789
-0.006325088045
0.1097876429
-0.006679817999
-0.1094764991
0.1073939297
-0.005862926006
-0.006193194818
-0.1078942987
-0.003506635098
-0.1066564635
0.006746775361
0.05256779529
-0.05252077342
0.003727660037
0.003613993917
0.05239594913
0.00343375947
0.05304234592
-0.003493606259
0.001445457295
-0.02723122875
0.02732737006
-0.02761555944
0.001733646674
0.02687420557
0.00137444618
0.02717399642
-0.02743332832
0.001526909132
-0.001079262767
0.001411039944
0.02684221924
0.02693813468
-0.008157848939
0.09531886292
-0.09390288432
0.006741870353
-0.008550849786
0.008401764903
0.09286678552
0.008093824182
0.1114303883
-0.008602138349
0.09247588336
-0.01127380512
0.09975525562
-0.0107945618
-0.09711854277
0.00873382264
0.05307006538
0.007512284174
-0.05347641028
0.002234755822
-0.02784266757
0.02751452765
-0.0272987387
0.002018966881
0.001725873742
0.001555604704
-0.001534735537
-0.02579130928
-0.02673950803
0.001245578254
0.003062357079
-0.003111274945
-0.05247681377
-0.05197393891
0.003199053
-0.00138281762
0.001681929868
0.02167990668
0.002103526458
0.02656446694
-0.002021236442
0.004609143457
0.05288456241
-0.02658267879
-0.02635501023
0.02639571641
0.001214764533
-0.000664236339
0.001159361551
0.0130650439
-0.01328841675
-0.05348613556
-0.05277850909
0.01394524838
0.003754402894
0.05261751257
-0.007958311973
0.04031496779
-0.01804337332
-0.02027913941
-0.004628152036
0.004478352474
0.02003993882
0.01261081268
-0.001886957861
0.02456965786
-0.02473641861
0.001860359927
-0.002511829373
0.002343339553
0.02473814768
0.02358306586
-0.00377427853
0.0521625678
0.003699694827
-0.05169973326
0.02609161602
-0.002156365714
0.02605736753
-0.0515625341
-0.002005853127
0.02623616594
-0.02629841657
0.001877702524
0.001949987003
0.02624106865
0.003764809196
-0.001933125
-0.001897750787
-0.003500284406
0.05199997325
0.003507334863
-0.05182400054
0.05172194287
-0.001726899299
-0.05188210414
-0.001644810769
-0.05161891959
-0.001761833888
0.003556911154
-0.00172124581
0.00355921096
0.00112831739
-0.02510837972
0.02503680469
-0.0253829993
0.001474511998
0.001593175632
0.02519725626
-0.02532943163
0.001584833094
-0.001738453198
0.001739044065
0.02519666539
0.02468738654
-0.00341780918
0.05185362183
0.003380596182
-0.05152109004
0.051652337
-0.001754031002
-0.05149901002
-0.001698508058
-0.05182942466
-0.00185195616
0.003469243654
-0.001795238531
0.003367183404
-0.003154729306
0.0517475041
0.003133967395
0.0515359054
-0.001580820178
-0.0515177462
-0.001613108047
0.003192599867
-0.001581816188
0.003184567568
0.001258813616
-0.02575385439
0.02551665076
-0.02572591434
0.001468077193
0.001504649411
0.05228213835
0.003905341069
-0.001929853465
-0.001988697187
0.02586262425
-0.02593147624
0.001973003604
0.001874493662
0.02613651736
0.02640344989
-0.0261010138
0.009149006162
0.002258881252
0.02584071978
0.005309647218
-0.002254196252
-0.003153493086
0.004168314202
-0.02446772943
0.02414900959
-0.0242557473
0.004275051908
0.002800960681
0.02662995092
0.02404839366
-0.02376578175
-0.006023461207
0.02406286477
0.02481458883
-0.005926955152
0.006510495604
-0.02507582754
-0.006438926717
0.02357129756
-0.02346653024
0.02602911926
0.0258935042
-0.2237631646
-0.01309092279
0.2250259451
0.0120306515
-0.01322709498
0.01041151789
-0.1109199045
0.007682139086
0.1113315896
0.2234962116
-0.1111002587
-0.007318645646
-0.007274679599
-0.1110297226
0.2247686213
0.110110703
-0.006778531567
-0.006936715594
-0.1107644473
-0.1104938648
0.007691345563
-0.1103907633
-0.009209531277
0.1109644665
0.008605764038
-0.00928809086
-0.05488841918
0.008103129541
0.008830838357
-0.04269884889
-0.00882467801
-0.05012032895
0.108653797
-0.0546669737
-0.05444407584
0.1081402721
0.05412891389
-0.004569529398
-0.004809675434
-0.05450419783
-0.003630043044
-0.04248336581
0.00341455996
0.02745398854
0.002926646715
-0.02664782922
-0.002495607583
0.002334036689
-0.002146957889
0.02671287679
0.002015993498
-0.02706758735
0.02725466615
-0.02654320132
-0.02713278386
0.02684873138
0.001855528961
0.001896715735
0.03755117807
-0.006179310622
-0.03500191049
0.05249345784
-0.05229395451
0.007312780845
0.008347108792
0.05154948
-0.1047308926
0.1060738923
0.01266319391
-0.05075012842
-0.04507905968
-0.026277734
0.02593097218
0.0006125734441
0.001001484038
0.02777337695
0.02166112043
-0.004897904336
0.006305588185
0.0263656931
0.0294578884
-0.00177958832
-0.004191452964
0.05380383408
0.004135859227
0.05357804107
-0.001994026944
-0.0268897147
-0.0269644078
0.0194663322
0.02691289217
-0.05358445537
0.05375742379
0.004281178809
-0.002184066658
0.004226664289
-0.001538739101
0.02608713693
0.001763465065
-0.02649152473
0.02611214718
-0.02574847753
0.02545152296
0.00157545427
0.001790219489
-0.02505597619
0.009503440457
-0.05058339552
-0.009761007455
0.04665537906
-0.02242361797
0.004445385897
-0.02380185857
0.04760651873
0.02298472702
0.003107950153
-0.005189928788
-0.02224813169
-0.02499704968
-0.04026454869
0.0118526206
0.005203137676
-0.002377555425
-0.007019474593
0.007914274241
0.000161372483
-0.001056172132
0.002707845578
-0.003991141177
-0.002137324736
0.02564782578
-0.02516293731
0.02536895212
-0.02519319693
-0.02586617717
-0.003136423529
0.002395395016
-0.002892620062
0.00368192594
0.02552745356
0.02574235929
0.001388668669
-0.02610902343
-0.001051484735
0.001410844725
-0.001630136338
0.02565869488
-0.02576470546
0.02554541385
-0.02598736
-0.02534376535
0.001676160492
-0.0004683851596
0.0008942163523
-0.0255682412
-0.003368989208
0.02573123337
0.003279473003
-0.02529388834
0.02538863041
-0.0257685212
0.02647324621
0.00604323757
0.005768177152
-0.02281953761
-0.005583500131
0.02317398151
0.0054867186
-0.005754007728
0.005769360672
-0.005697022951
0.02407821772
0.02413833026
0.02283252682
-0.006254879091
-0.006492316944
-0.001600450528
0.02608222484
-0.02662873519
0.02643932461
-0.02677237295
-0.02621348467
-0.001368849805
0.001592150617
-0.00136631068
0.001002375983
0.02647828455
0.02673063085
0.002369158297
-0.02600537745
-0.002855818673
0.002287710822
-0.001971729115
0.02615999429
-0.0263251902
0.02664117191
-0.02594888006
-0.02678686627
0.00187327252
-0.001714961936
0.02562303573
-0.02544672764
0.02547080977
-0.02550101644
-0.02563644698
-0.002252643443
0.001827558359
-0.001993195569
0.002239514902
0.02544298473
0.02594066387
0.001436854565
-0.02614204738
-0.001233167439
0.001447916973
-0.001547451425
0.02568985631
-0.02579043343
0.02569089898
-0.0258999843
-0.02559119524
0.001567780929
0.02410995853
0.005531528451
-0.005389498455
0.005243709686
-0.003845699105
0.02191968415
-0.02328189931
0.02467990989
-0.02369082941
0.02386080321
0.005264132384
-0.006644554722
0.02708297434
0.006704283028
-0.0274890199
0.02715005337
-0.02666014607
-0.001587470103
0.02642924089
0.001660778852
-0.001170871551
0.0006744266199
0.005992986185
0.02586924817
0.02556649958
-0.007857357095
-0.004102086849
0.009838634441
0.004466141586
-0.004409224441
0.005198429714
-0.02662844112
0.001661907687
0.01560805486
-0.01481884959
0.016398375
0.02369153285
0.009034055745
0.003528419036
-0.006704022185
-0.007701201524
0.4582709848
-0.008661329814
-0.009758596914
0.4562524533
-0.006670345993
-0.00584252836
0.2420373677
-0.2419710357
0.006029748138
-0.02478593062
-0.4592878761
-0.02771105029
0.4622129958
-0.03065061684
-0.4573775474
-0.03382906626
0.4605559969
-0.01521160033
-0.02137396279
0.2443464359
-0.2439303746
0.02192499381
0.007437482905
0.2428625867
-0.00798039029
0.2468516891
0.007509566851
-0.2489290238
0.2494126776
-0.008389337289
-0.2482310227
-0.009534914839
-0.009320024955
0.009059450215
0.2507252777
-0.2486289499
0.2489250285
-0.00953407493
-0.2487984531
-0.007918816399
-0.008994572309
0.009830650916
0.2376832108
-0.2323316872
0.2324373979
-0.009061199466
-0.2320623334
-0.008698863338
-0.003372031736
0.05285832059
-0.05262504708
0.05267955359
-0.003426538243
-0.05257258825
-0.003388814936
-0.008106315088
-0.4633104195
-0.009215581432
0.4644196859
-0.01041386114
-0.4618296603
-0.01171131113
0.4631271103
-0.005376690988
-0.005299538157
0.2427123014
-0.2434156232
0.004617105052
0.005612381394
0.2442416622
-0.004445679011
0.2472048678
0.004829345485
-0.2499810081
0.2496944802
-0.004083230618
-0.250082408
-0.005092033591
-0.003571239297
0.003604946707
0.2513778055
-0.2496652554
0.2499077229
-0.003729957024
-0.2493940146
-0.00513008735
-0.005770397421
0.004789553196
0.2402734284
-0.2344133544
0.235791464
-0.007108921461
-0.2332987665
-0.0079439629
-0.008399892643
-0.465563605
-0.009525499315
0.4666892117
-0.01073473934
-0.4644315711
-0.01203357348
0.4657304053
-0.005823095014
-0.006269810763
0.2383528529
-0.239642153
0.00506335531
0.004498014798
0.2418412631
-0.002365568686
0.2440773765
0.00345913803
-0.2477501983
0.2467573595
-0.001308314437
-0.2485761884
-0.001755492435
0.001025187657
-0.0004526027658
0.2503556997
-0.2501408746
0.2499325332
0.001315841044
-0.2501833749
0.0001880479976
2.025917515e-05
-0.0008494548625
0.244487734
-0.2403673735
0.2416802017
-0.001237223925
-0.2388828499
-0.003010254399
-0.007492268465
0.005028711067
0.232765959
-0.2276615826
0.2303831238
-0.01020201676
-0.01269063797
-0.01413309721
0.01442583771
0.2237111536
-0.2015787135
0.2031229878
-0.01567737151
-0.01669739124
-0.1043835294
-0.008470791368
-0.4678330713
-0.009573899056
0.468936179
-0.01075010367
-0.4670099265
-0.01199986037
0.4682596832
-0.006679108275
-0.006650428202
0.2337546223
-0.2342160439
0.006995129812
0.005563445133
0.2369840869
-0.003248695354
0.2386240709
0.004786513494
-0.2428700309
0.2413403487
-0.00167867119
-0.2442984977
-0.001231926299
0.002594083867
-0.001305710533
0.2465452154
-0.2481357819
0.2471292082
0.003669829863
-0.248942366
0.003494482548
0.005218256713
-0.005008944727
0.2455842354
-0.2440234815
0.2441915698
0.00511249037
-0.2435418172
0.003863497367
0.003185795013
-0.004048609763
0.238734484
-0.2358673635
0.2368844011
0.002203702456
-0.2344659372
-0.0005243628717
-0.0003898569318
-0.0003240573049
0.2265846654
-0.2074042327
0.2084595696
-0.001435771869
-0.2062166721
-0.004973800377
-0.008347934834
-0.4700435073
-0.009401339655
0.4710969121
-0.01051305041
-0.4694705691
-0.01167930627
0.470636825
-0.006483941988
-0.006418898881
0.2350500772
-0.2347363018
0.006731570476
0.00693354479
0.2340738778
-0.007242601276
0.2343387367
0.007212964331
-0.2364511186
0.2349185461
-0.005702674574
-0.2380958584
-0.00440176486
-0.0006134339698
0.002294093508
0.2404281419
-0.2431235472
0.2415695467
0.0009819830892
-0.2445930208
0.002165783988
0.004849297429
-0.003745073447
0.2425702597
-0.2430043642
0.2421590482
0.005744172824
-0.2436513274
0.006316424687
0.007189253156
-0.0069011214
0.2392723725
-0.2380596019
0.2379647596
0.007319937245
-0.2379394541
0.00702106003
0.006823508001
-0.007272058201
0.2290335645
-0.2113135992
0.2121971717
0.005952128438
-0.2103834309
0.005168148474
-0.008077730638
-0.4721431613
-0.009063230683
0.4731286614
-0.01009213735
-0.471753495
-0.01115711646
0.4728184741
-0.006171474584
-0.006085425346
0.2362186759
-0.2359440354
0.006361832773
0.006639147454
0.2353599337
-0.007151245032
0.2356064792
0.006850793285
-0.2352319768
0.2355359198
-0.007455188075
-0.2349163357
-0.007576343412
-0.007694736786
0.008071313998
0.2352265469
-0.2368348694
0.2354209178
-0.006274721451
-0.2383813303
-0.004197940617
-0.002109753916
0.003422951694
0.2375241966
-0.2388952246
0.2377198578
-0.0009118800909
-0.2400572721
0.001288818565
0.00179667071
-0.001053812701
0.2368916085
-0.2367959351
0.2362375027
0.002376078932
-0.2372938461
0.004403055914
0.003070032948
-0.003087278416
0.2298059678
-0.2143526555
0.2148483148
0.002582051465
-0.2137374754
0.004275775926
-0.007701858784
-0.4741001963
-0.008610328145
0.4750086657
-0.009548727358
-0.4738303398
-0.01050783924
0.4747894517
-0.005791985204
-0.005692739851
0.2372336965
-0.2369962447
0.005932950572
0.006253047636
0.2364891371
-0.00666553231
0.2367033835
0.006406985111
-0.2363784062
0.2366371999
-0.006924325995
-0.2361088259
-0.007062253644
-0.007695648616
0.007439842275
0.2363304566
-0.2359229384
0.2361767592
-0.007949469374
-0.2356552879
-0.008138154429
-0.00869196621
0.008448455976
0.2355497668
-0.2350569446
0.2352951943
-0.008930215952
-0.2354950219
-0.008350792072
-0.008683864612
0.009017799746
0.2344083336
-0.2345137702
0.2340759719
-0.008244162288
-0.235069911
-0.005456208276
-0.006986608015
0.007519494447
0.2285243376
-0.21586699
0.2161462219
-0.007264484497
-0.2155688818
-0.004584407851
-0.007259160267
-0.4758997431
-0.008088108928
0.4767286918
-0.008935658566
-0.4756957121
-0.009790978179
0.4765510317
-0.005371090994
-0.005278728032
0.2381104543
-0.2379062404
0.005483116127
0.005816981612
0.2374678992
-0.006150553063
0.2376436251
0.005929287081
-0.2373524514
0.2375718481
-0.006369949786
-0.2371238139
-0.006510399925
-0.00701047807
0.006800360122
0.2372364703
-0.2368632144
0.2370693323
-0.007216595973
-0.2366461738
-0.00739839737
-0.007805812827
0.007614815821
0.2363875011
-0.2359241206
0.2361088991
-0.007990591331
-0.2357275806
-0.008218588149
-0.008498801582
0.008338262838
0.2351216816
-0.2345883171
0.2347353098
-0.008645794261
-0.234429647
-0.008919756417
-0.008421970365
0.008709292671
0.2271236396
-0.2171470792
0.2174843987
-0.0087592899
-0.216805837
-0.009043328582
-0.006781946479
-0.4775394915
-0.00753345952
0.4782910046
-0.008294828404
-0.4773574126
-0.00905478982
0.478117374
-0.004943110975
-0.004864460587
0.2388671645
-0.2386916385
0.0050372142
0.005364854569
0.2383134074
-0.005637998885
0.2384483493
0.005448612706
-0.2381783903
0.2383646528
-0.005824261381
-0.237984439
-0.005959129749
-0.006358577937
0.006184906416
0.2379832286
-0.237628847
0.2377976494
-0.006527380308
-0.2374515548
-0.006695222186
-0.007001600009
0.006849177076
0.2370514346
-0.2366018234
0.2367482184
-0.007147994977
-0.2364469478
-0.00735011156
-0.007544474739
0.007420907363
0.2356681156
-0.2351108013
0.2352160319
-0.007649705341
-0.2349959877
-0.007886121985
-0.007433789171
0.007616326452
0.2262469362
-0.2184694879
0.2187865356
-0.00775083684
-0.2181463925
-0.00798829437
-0.006295621146
-0.4790252551
-0.006974587082
0.479704221
-0.007656927082
-0.4788332401
-0.008331527376
0.4795078404
-0.00452940899
-0.004462181042
0.2395213419
-0.2393700733
0.004608454353
0.004919267699
0.239043152
-0.005145201189
0.2391381289
0.004982691874
-0.2388803288
0.2390390663
-0.00530393869
-0.2387152821
-0.005429553533
-0.00575268058
0.005607927799
0.2386034342
-0.2382580246
0.2383976941
-0.005892350009
-0.2381117699
-0.006044101981
-0.006279787996
0.006155966751
0.2375869051
-0.2371426768
0.2372611068
-0.006398217998
-0.2370180755
-0.006575519588
-0.006712077459
0.006616842461
0.2360892492
-0.2354799554
0.2355525867
-0.006784708719
-0.2354000355
-0.006987740906
-0.006598275631
0.006706943492
0.2257099825
-0.2196982273
0.2199884721
-0.006888520402
-0.2194011199
-0.00709019091
-0.005818672472
-0.4803676546
-0.006431400451
0.4809803826
-0.00704281824
-0.4801434327
-0.007642204844
0.4807428193
-0.004140711826
-0.004081241581
0.2400892104
-0.2399581721
0.004206442463
0.004496566809
0.2396744255
-0.004684881298
0.2397318368
0.004544759347
-0.2394797527
0.2396158329
-0.004820961474
-0.2393384916
-0.004936713994
-0.005201038824
0.005079187283
0.2391234705
-0.2387807752
0.2388976968
-0.005317960429
-0.2386587075
-0.005454546155
-0.005639658132
0.005537172884
0.2380268852
-0.237583446
0.2376811823
-0.005737394492
-0.2374811001
-0.005893301289
-0.005988376972
0.005915108887
0.2364134787
-0.2357317128
0.2357801197
-0.006036783818
-0.2356779723
-0.00621217726
-0.005885353816
0.005942998801
0.2254087779
-0.2208172174
0.2210795746
-0.006147711073
-0.220547967
-0.006321206826
-0.005363907302
-0.481579662
-0.005917227072
0.4821329818
-0.006465970658
-0.4813084088
-0.007000233457
0.4818426716
-0.003783571018
-0.003729177412
0.2405842268
-0.2404698868
0.003838345931
0.004104836541
0.2402227456
-0.004261886116
0.2402455657
0.004140430614
-0.2399948579
0.2401122563
-0.004379284454
-0.2398731446
-0.004486369937
-0.004704096551
0.004600448302
0.2395640751
-0.2392203608
0.2393194437
-0.004803179454
-0.2391171981
-0.00492711331
-0.005074584207
0.004988275981
0.2383950433
-0.237949492
0.2380314735
-0.005156565794
-0.2378639286
-0.005295496588
-0.005358904363
0.005302576244
0.2366628041
-0.2358974286
0.2359284754
-0.005389951214
-0.2358625842
-0.005543746854
-0.005272567559
0.005294630302
0.2252710554
-0.221825244
0.2220601925
-0.005507516109
-0.2215835018
-0.005659854241
-0.004940249421
-0.4826749777
-0.005440933277
0.4831756616
-0.005934775957
-0.4823474698
-0.006412466171
0.48282516
-0.003458000606
-0.003409651781
0.2410185305
-0.2409179872
0.0035058071
0.003745926553
0.2407011667
-0.003880399834
0.2406927976
0.003774370178
-0.2404405077
0.240542598
-0.003982490162
-0.2403348851
-0.004078540585
-0.004262949462
0.00417374315
0.2399415721
-0.239594713
0.2396798158
-0.004348052238
-0.2395064035
-0.004457572119
-0.004580593251
0.004506778314
0.2387081182
-0.238258145
0.2383278669
-0.004650315231
-0.2381856101
-0.004771536375
-0.00481488601
0.004771501641
0.2368546889
-0.23600195
0.2360207763
-0.004833712301
-0.2359804556
-0.004966219289
-0.004746735014
0.004743590079
0.2252484697
-0.2227256727
0.2229346618
-0.004955724153
-0.222510306
-0.005087376162
-0.004551103048
-0.483666993
-0.005005419964
0.48412131
-0.005451416437
-0.4832773869
-0.005880337359
0.4837063079
-0.00316450428
-0.003122232267
0.2414023337
-0.2413132423
0.003207670003
0.003421199948
0.2411216224
-0.00354021263
0.2410851561
0.003446891793
-0.2408292551
0.2409188285
-0.003629785996
-0.2407368331
-0.003713340449
-0.003874663028
0.003796920703
0.2402689308
-0.239917834
0.2399919434
-0.003948772368
-0.2398412275
-0.004042960302
-0.004150864832
0.004086871556
0.2389781213
-0.2385218194
0.2385818541
-0.004210899542
-0.2384595765
-0.004314214417
-0.004346018156
0.004312508833
0.2370027149
-0.2360634511
0.2360737061
-0.004356273169
-0.2360513326
-0.004468128373
-0.004295466486
0.004274289848
0.2253080031
-0.2235249739
0.2237099211
-0.00448041361
-0.2233342363
-0.004591922669
-0.004201040905
-0.4845682734
-0.004615034416
0.4849822669
-0.005019785324
-0.484113486
-0.005407088442
0.4845007891
-0.002904640583
-0.002867611906
0.2417442445
-0.2416646194
0.002944254205
0.003132520156
0.2414939145
-0.003238642395
0.2414322075
0.003155816157
-0.2411714116
0.2412507267
-0.003317957451
-0.241089773
-0.00339131312
-0.003534183857
0.003465589362
0.2405563513
-0.2402005279
0.2402659139
-0.003599569848
-0.2401331606
-0.003681441871
-0.003777453284
0.003721296805
0.239213928
-0.2387497728
0.2388020588
-0.003829739294
-0.2386957198
-0.003918885237
-0.003941741825
0.003915788832
0.237117215
-0.2360947876
0.2360990363
-0.003945990503
-0.2360892327
-0.004041681815
-0.003907265258
0.003873185938
0.2254263281
-0.2242309048
0.2243937584
-0.004070118869
-0.2240627611
-0.00416596554
-0.003890685979
-0.485390752
-0.004269918216
0.4857699842
-0.004639378961
-0.4848695801
-0.004991333673
0.4852215349
-0.002677344906
-0.002644054973
0.2420516049
-0.2419797507
0.002713764537
0.002878909393
0.241826289
-0.002974272064
0.2417420115
0.002900076393
-0.2414755119
0.2415464471
-0.003045207249
-0.2414026569
-0.003110310883
-0.003238363789
0.003177087879
0.2408119289
-0.2404511454
0.2405095687
-0.003296787074
-0.2403911148
-0.003368835389
-0.003455273188
0.003405413934
0.2394223875
-0.2389491492
0.2389952018
-0.003501325812
-0.2389016544
-0.003579300506
-0.003595124555
0.003574965936
0.2372060647
-0.236105005
0.2361050444
-0.003595164004
-0.2361040477
-0.003678226512
-0.003574685931
0.003531553096
0.2255863151
-0.2248516376
0.2249944868
-0.003717535153
-0.2247039692
-0.003801183728
-0.003620192256
-0.4861454773
-0.003969822959
0.4864951081
-0.004309454035
-0.485558013
-0.004631952555
0.4858805116
-0.002481959806
-0.002451214845
0.2423303233
-0.2422647317
0.002516203258
0.002657936169
0.2421256604
-0.002746740579
0.2420212618
0.002679611579
-0.241748579
0.2418127027
-0.002810864273
-0.2416828946
-0.002866710021
-0.002985512144
0.002930079509
0.2410420462
-0.2406761456
0.2407290142
-0.003038380746
-0.2406219897
-0.003099809055
-0.003181331215
0.003136527959
0.2396088635
-0.2391255265
0.2391665693
-0.003222373991
-0.2390833213
-0.003288568953
-0.003301840135
0.003286128639
0.2372752251
-0.2361004052
0.2360974953
-0.003298930192
-0.2361026755
-0.003369055158
-0.00329343013
0.003244063757
0.2257751967
-0.2253957687
0.2255208442
-0.003418505637
-0.2252664183
-0.003489425647
-0.003388928102
-0.4868427228
-0.003713722042
0.4871675167
-0.004028461435
-0.4861901457
-0.004326525632
0.4864882099
-0.002316189208
-0.002287950905
0.2425855392
-0.2425249374
0.002349804464
0.002469010285
0.2423976234
-0.002553902504
0.2422754635
0.002492521155
-0.2419963952
0.2420550144
-0.00261252172
-0.2419365349
-0.002659080445
-0.002772379231
0.002721599395
0.2412518185
-0.2408806761
0.2409291221
-0.002820825243
-0.2408312149
-0.002871794227
-0.002951355643
0.002910604371
0.2397776713
-0.2392833956
0.2393204178
-0.002988377821
-0.2392454474
-0.003043128774
-0.003056556565
0.003044262484
0.2373292519
-0.2360854698
0.236080523
-0.003051609763
-0.2360899773
-0.003109380713
-0.003058438063
0.003004896771
0.2259836645
-0.2258719247
0.2259812963
-0.003167809659
-0.2257588008
-0.003226477111
-0.003195929788
-0.4874919434
-0.003500224861
0.4877962385
-0.003794541357
-0.4867757518
-0.004072752678
0.4870539631
-0.002179701771
-0.002152682119
0.2428214824
-0.242764896
0.002211903764
0.002309850005
0.2426472125
-0.002392549642
0.2425093271
0.002335824697
-0.2422238414
0.24227804
-0.002446748227
-0.2421686728
-0.002484621811
-0.002594861128
0.002547764814
0.2414454236
-0.241068916
0.2411138589
-0.002639804014
-0.2410231874
-0.002681094724
-0.002760439925
0.002722927903
0.239932325
-0.2394264047
0.2394602046
-0.002794239831
-0.2393918752
-0.002838488288
-0.002853516698
0.002843853828
0.2373716324
-0.2360634509
0.2360571395
-0.002847205294
-0.2360694753
-0.002893756502
-0.002863978427
0.002807863036
0.2262046597
-0.2262880261
0.2263835549
-0.002959507171
-0.2261892311
-0.003007048268
-0.003039793411
-0.4881017033
-0.003327785708
0.4883896956
-0.003605741489
-0.487323377
-0.003867538029
0.4875851735
-0.00206639498
-0.002045033247
0.2430428813
-0.2429895113
0.00210089031
0.002179453183
0.2428788439
-0.00226128744
0.2427271476
0.002208146013
-0.2424351478
0.2424859498
-0.002312089429
-0.2423836212
-0.002342398578
-0.002451180877
0.002406917042
0.2416264578
-0.2412443807
0.241286621
-0.002493421187
-0.2412015436
-0.002526308535
-0.002606338774
0.002571370401
0.2400757959
-0.2395575759
0.2395888304
-0.002637593358
-0.2395257503
-0.002672767766
-0.002689921747
0.002682257263
0.2374050993
-0.2360368067
0.2360296525
-0.00268276751
-0.2360437887
-0.002719670968
-0.002707359836
0.002649829703
0.2264329452
-0.226651487
0.2267349744
-0.002790847277
-0.2265651734
-0.002828792393
-0.002920733574
-0.488681303
-0.003195755729
0.4889563252
-0.003461002734
-0.4878403332
-0.003710514189
0.4880898447
-0.001978826351
-0.001963712403
0.2432532197
-0.2432023008
0.002016964101
0.002076228657
0.2430971983
-0.00215816078
0.2429329621
0.002107731029
-0.2426342613
0.2426825085
-0.002206407978
-0.2425854548
-0.002230522853
-0.002338745165
0.002296600226
0.2417980153
-0.2414101089
0.2414503217
-0.002378957966
-0.2413694404
-0.002405045725
-0.002486009319
0.002452990502
0.240210623
-0.2396794763
0.2397087649
-0.002515297978
-0.2396497423
-0.002543154265
-0.00256234568
0.002556146271
0.2374319448
-0.2360073826
0.2359997541
-0.002554717159
-0.236014921
-0.002583847927
-0.002585471944
0.002527396668
0.2266646624
-0.2269693822
0.2270424979
-0.002658587658
-0.2268938111
-0.002688767439
-0.002837875058
-0.4892347422
-0.003103772977
0.4895006402
-0.003359815287
-0.4883343283
-0.003600356754
0.4885748698
-0.001916432086
-0.001907581188
0.2434553947
-0.2434061872
0.001958951278
0.001998837787
0.2433051892
-0.002083031761
0.2431297701
0.002034585132
-0.2428242599
0.2428706612
-0.00212943309
-0.2427774662
-0.002146607505
-0.002256969254
0.002216322003
0.2419626931
-0.2415686599
0.2416074405
-0.002295749881
-0.2415295627
-0.002314302251
-0.002398610673
0.002366996906
0.2403390399
-0.2397943377
0.2398221953
-0.002426468222
-0.2397661638
-0.002446263077
-0.002469707143
0.002464532428
0.2374540544
-0.2359764699
0.2359686258
-0.002461862995
-0.2359842833
-0.002482518934
-0.002497569547
0.002439548012
0.2268970136
-0.2272482283
0.2273125658
-0.002561907059
-0.2271818245
-0.002583493217
-0.002791992844
-0.4897721404
-0.003050537022
0.4900306846
-0.003299449033
-0.4888120386
-0.003533950009
0.4890465395
-0.001877724244
-0.001874855153
0.2436520996
-0.2436039596
0.001925179592
0.001946124064
0.2435058014
-0.002034747169
0.2433203016
0.001987636658
-0.2430078289
0.2430530006
-0.002079918934
-0.2429624189
-0.002089459426
-0.002204306833
0.002164633416
0.2421227107
-0.2417222614
0.2417601177
-0.002242163144
-0.2416842214
-0.002252521505
-0.002342344174
0.002311626632
0.2404631039
-0.2399042384
0.2399311836
-0.002369289366
-0.2398771199
-0.002380342169
-0.002410183269
0.002405599548
0.2374731243
-0.2359450614
0.2359372632
-0.002402385062
-0.235952901
-0.002413821412
-0.002442289216
0.002384702862
0.2271281189
-0.2274942171
0.2275512588
-0.00249933094
-0.2274354861
-0.002511445846
-0.002754267842
-0.4902908094
-0.003024623553
-0.003276377203
-0.4892793225
-0.003511240853
-0.00186329835
-0.001859119202
-0.2437970857
0.00191239606
0.001918727523
0.2437013591
-0.002011697371
0.243506554
0.001965639334
-0.2431871613
0.2432314841
-0.00205602019
-0.2431426389
-0.002059094351
-0.002178368512
0.00213932324
0.2422797378
-0.2418727161
0.2419099843
-0.002215636697
-0.2418353295
-0.002219237328
-0.002314304481
0.002284044559
0.240584708
-0.2400112695
0.2400378179
-0.002340852897
-0.2399846617
-0.00234480141
-0.002381359544
0.002376679202
0.2374913842
-0.235914432
0.2359072879
-0.002374215435
-0.2359219224
-0.002377698578
-0.002418137257
0.002361422317
0.2273568244
-0.2277130444
0.2277638006
-0.002468893513
-0.227660535
-0.002473137537
-0.05252035199
-0.003349877732
0.003254673252
-0.003296282504
-0.05247874273
-0.05263600805
-0.0543321137
-0.004108324066
0.003942502253
-0.004043194271
-0.05423142168
-0.05431679677
0.006064026797
-0.003135035515
-0.1054523268
0.1061439464
-0.1059044294
0.005824509776
0.1063587364
0.005967680239
0.02482170647
-0.003795512287
-0.107972191
0.109067726
-0.1082955626
0.02404954309
0.1094202767
0.007011329613
0.1066064232
0.006104183978
-0.006497650927
0.006243431492
0.1068606426
-0.003363779414
0.1063894637
-0.05299349789
0.05305910787
-0.003659055828
0.003571527205
-0.003639607237
-0.05292541786
-0.05311297564
-0.00302369963
0.05242892482
0.05228731051
-0.003070807813
-0.003706277604
0.05339215453
-0.05312737289
0.05320351451
-0.003782419228
-0.003696968813
-0.02580728217
0.1097954795
0.007127248526
-0.007602935033
0.007211211712
0.1101872029
0.110059107
0.05272048008
0.004793092629
-0.004439544144
0.004854924381
0.05230509985
-0.0035243139
0.04311056142
-0.005639305362
0.03297557269
-0.04202999768
0.04349277535
-0.007102083032
-0.007439492476
0.0251739948
0.02424209977
0.005174463664
0.01114898408
-0.01190393398
-0.2484383133
-0.005608717078
0.009547497259
-0.008130802718
0.008768176189
0.008304483195
-0.008374493124
0.2501964294
0.2498956589
-0.2485456835
-0.00721369209
0.008357283398
-0.008286276817
0.008188459655
-0.008109386807
0.2457101303
0.2459934272
-0.2316698587
-0.008301897386
0.008081671565
-0.008153306497
0.008358300767
0.2257084895
0.226130098
-0.2498114547
-0.0227575339
0.01641920893
-0.01674080137
0.01603818137
0.01699603219
-0.2514023967
-0.01721167856
0.2513052404
-0.2509656891
0.2515362635
0.2505231259
-0.008750067601
-0.249185375
-0.02327156953
0.01738979994
-0.01756621898
0.01773293588
-0.2422905209
-0.01791469943
0.2463282169
-0.246084923
0.2465908466
0.2458407591
-0.009703131804
-0.232728827
-0.02464031626
0.01812696583
-0.01838108423
0.01868685934
-0.221004079
0.2270683852
-0.2267422167
0.227803634
0.2264884521
-0.009292582181
-0.05273967504
-0.003520506738
0.05280154318
0.00341629577
-0.003476417226
0.003525874788
-0.05226001014
0.05253922066
-0.0524897631
0.05258971083
0.05244110503
-0.05239437917
-0.003475196311
-0.2492252815
-0.002385820343
0.003714577106
-0.003171152703
0.004290061185
0.00271451404
-0.2518464913
-0.00239583378
0.2508984572
-0.2512732863
0.2503539772
0.2514842245
-0.003789142058
-0.2500910464
-0.001046774823
0.002262047323
-0.0023613378
0.002739708223
-0.244235735
-0.003446485124
0.2479543375
-0.2474980488
0.2483556806
0.2470288319
-0.004122245338
-0.2373209931
-0.004626961875
0.00452546843
-0.006011875522
0.007955026216
-0.226095715
0.2329523034
-0.2309811903
0.2349749038
0.2292125369
-0.008854167061
0.05443787094
-0.0543221258
-0.004342888281
0.05458208525
-0.004490905572
0.05444690218
-0.2456002629
-0.001025161611
0.002276675066
-0.001060026452
0.003514518355
-7.079095567e-05
-0.2499688028
0.001046770882
0.2476875674
-0.2487494251
0.2464689322
0.2496365939
-0.0003477906844
-0.2495401626
0.003015288149
-0.001800518786
0.002273314995
-0.002420509736
-0.2468971601
0.002203012548
0.248689074
-0.2487577562
0.2484019389
0.2486333646
0.001270688894
-0.242753039
0.002317270368
-0.001593217376
0.0005790550763
0.0008326141654
-0.2355924511
-0.002608895894
0.2401005427
-0.2386399255
0.2412427088
0.2369068666
-0.00292605391
-0.2326468311
-0.003622916295
0.004676560687
-0.006920667592
0.009209453815
-0.2278653327
-0.0111868792
0.2309992031
-0.2286983402
0.2328226992
0.2260731917
-0.01282265751
-0.2047795908
-0.009056507172
0.01181463605
-0.01346984023
0.2153362718
-0.2136208454
0.2165916829
0.2111589661
-0.1083222993
-0.2397376899
-0.003280268206
0.004000745428
-0.002365443295
0.00557904218
0.00073505382
-0.2453730075
0.0008280407389
0.2420287816
-0.2436158349
0.2403753976
0.2451045029
-0.0001391672906
-0.2459395177
0.00301594167
-0.002263567196
0.003516755852
-0.004541805636
-0.2465950424
0.005304397383
0.2461781681
-0.2471373518
0.2450305718
0.2478834039
0.004486464568
-0.2440588509
0.006392247311
-0.005784482934
0.005978213136
-0.005899332128
-0.2406455174
0.00557909666
0.2426380461
-0.242502931
0.2424780928
0.2420436789
0.004709654946
-0.2375620223
0.006050118549
-0.005064407002
0.004423969119
-0.003755487203
-0.2333881718
0.003157511485
0.2359372051
-0.2352383682
0.2363612197
0.2342226778
0.001215847704
-0.2094271631
0.003668200535
-0.002418576997
0.001462000725
0.2185412233
-0.2181351565
0.2187402676
0.2175079937
-0.2345885408
-0.007695330552
0.007464424249
-0.007132716253
0.007131021544
0.00550187445
-0.2389025998
-0.003816099421
0.235393645
-0.2370157163
0.2348278273
0.2386918214
-0.004008781644
-0.2399743514
-0.002252963542
0.002134252605
-0.0005062263442
-0.001023116598
-0.2426310721
0.002415919283
0.2408173315
-0.2423087702
0.2392981805
0.2437278673
0.002447070485
-0.2411611019
0.00318074859
-0.003642962171
0.004684574185
-0.005530959072
-0.2404432783
0.006182319026
0.2406227566
-0.2414264575
0.2396955773
0.2420601845
0.006425633214
-0.2376961974
0.005958504433
-0.006648868342
0.006950581899
-0.007123439465
-0.2347825872
0.00717778634
0.2364206938
-0.2365651721
0.236158376
0.2365575419
0.007342739109
-0.2130125152
0.005454969709
-0.006836488982
0.006032677573
0.2189394044
-0.2188837663
0.2190386183
0.2188344856
-0.2358280122
-0.007196400603
0.007033880226
-0.007325972595
0.006743801172
0.007619980241
-0.2353573181
-0.007915524547
0.2357482415
-0.2354542339
0.2360300085
0.2351474674
-0.007761954637
-0.2353730858
-0.008325226567
0.008212248347
-0.008163664774
0.007059353617
-0.2370709028
-0.005744391095
0.2352565704
-0.2363571162
0.2354831758
0.2377972399
-0.004822721732
-0.2365739996
-0.005869037289
0.004491320546
-0.003330487742
0.002287068093
-0.2373697585
-0.001380465839
0.2366289092
-0.2376556069
0.2356484672
0.2386918148
0.000147995239
-0.2356538263
-0.002673139943
0.0006239145178
-2.406296987e-05
-0.0004267931371
-0.2341302371
0.0007458314179
0.2349700138
-0.2354064708
0.2345319629
0.2358103641
0.002798386343
-0.2152391161
-0.001963077043
-0.0008536154683
0.0004689053313
0.2197958922
-0.219447933
0.2202044666
0.2192039099
-0.2368855231
-0.006647911312
0.006539838976
-0.006788162201
0.006290659618
0.007035383182
-0.2364620461
-0.007280996138
0.2368052896
-0.2365580686
0.2370418612
0.236299818
-0.007182576549
-0.2364176289
-0.007579138326
0.007524499553
-0.007765369329
0.008002991407
-0.2357855504
-0.008236632125
0.2362377779
-0.2360001559
0.2364625669
0.2357489594
-0.008200665805
-0.2355183498
-0.00844872513
0.00846548477
-0.008688640273
0.008904958243
-0.2347133532
-0.009112868445
0.2352262032
-0.2350098852
0.2354284347
0.2348173662
-0.009122667996
-0.2342591064
-0.009199075129
0.009310284313
-0.009493418613
0.009598229733
-0.2328441201
-0.009534095704
0.2338255521
-0.2337206701
0.233967171
0.2341098925
-0.007852655948
-0.2164606609
-0.009338825713
0.009087187111
-0.009401487841
0.221773094
-0.2212315752
0.2222688687
0.2206873152
-0.237782379
-0.006094039859
0.006022473055
-0.006233003899
0.005809155569
0.00644055933
-0.2373795219
-0.006644678694
0.2376926391
-0.2374850837
0.2378913588
0.2372683337
-0.006586699704
-0.2372652717
-0.006864840649
0.006844920435
-0.007040859865
0.007232053787
-0.2366442445
-0.007418025388
0.2370682605
-0.2368770666
0.2372496075
0.2366754402
-0.007418222398
-0.2362829222
-0.007556444717
0.007598288825
-0.007772311941
0.007939453891
-0.2354663018
-0.008098903373
0.2359628923
-0.2357957504
0.2361201724
0.2356179474
-0.008168394358
-0.234871041
-0.008129200737
0.008249194737
-0.008384925978
0.008478057625
-0.2327113404
-0.008417288368
0.2342945491
-0.2342014175
0.2343729978
0.2340925284
-0.008754683324
-0.2178178305
-0.0082334927
0.008159310191
-0.008492741984
0.2235828855
-0.2231746402
0.2239627454
0.2227367731
-0.238543443
-0.005559926504
0.005511024474
-0.005689814745
0.005328353057
0.005864618535
-0.2381432338
-0.00603506445
0.2384389683
-0.2382641646
0.2386066231
0.2380817417
-0.006006684268
-0.2379584383
-0.00620243792
0.006200822642
-0.006361611568
0.006517175731
-0.2373311632
-0.006667274156
0.2377410193
-0.2375854551
0.2378891026
0.2374218233
-0.006691012155
-0.2368867498
-0.006761555246
0.006811695925
-0.006950227365
0.007082555866
-0.2360495206
-0.007207925071
0.2365407947
-0.2364084662
0.2366661027
0.236268467
-0.007287994146
-0.2353122375
-0.007201585866
0.007323691355
-0.007419896905
0.00746195404
-0.2324117589
-0.00737170223
0.2345330344
-0.2344909772
0.2345654295
0.2344380523
-0.007702630318
-0.2190971133
-0.007303078552
0.007210275217
-0.007520852897
0.2249493888
-0.2246444147
0.2252327121
0.22431606
-0.2391916384
-0.005057371163
0.005025649767
-0.005178221824
0.004868661247
0.005326352913
-0.2387826836
-0.005469768468
0.2390698635
-0.2389217324
0.2392121824
0.2387674018
-0.005458269231
-0.2385311104
-0.00559749228
0.005608255773
-0.005741672062
0.005869929771
-0.2378887038
-0.005992988527
0.238292832
-0.2381645743
0.2384153395
0.2380301164
-0.006026807923
-0.2373737607
-0.006057149612
0.006110858186
-0.006223512172
0.006330608759
-0.236511109
-0.006430811839
0.2370046983
-0.2368976017
0.2371065846
0.2367848613
-0.006510958337
-0.2356184151
-0.006397070006
0.006519998724
-0.00658582715
0.006595535004
-0.2320408781
-0.006502079652
0.2346152934
-0.2346055855
0.2346192391
0.2345892687
-0.006801025536
-0.2202716761
-0.006504264251
0.006408013006
-0.006691217031
0.2259668419
-0.2257400793
0.2261773722
0.2254957686
-0.2397468685
-0.004594108521
0.004575674088
-0.004706709744
0.004440037182
0.004833191647
-0.2393223735
-0.004954938259
0.2396068878
-0.2394804059
0.2397285856
0.2393489135
-0.004952453822
-0.2390097501
-0.005052460587
0.005071846371
-0.005183899678
0.005291158103
-0.2383484886
-0.005393739745
0.238751679
-0.2386444206
0.2388544526
0.2385324041
-0.005429976946
-0.2377745906
-0.005436663183
0.005491769056
-0.005585177319
0.005673313905
-0.2368814656
-0.005754220854
0.2373841198
-0.2372959832
0.2374682138
0.2372035596
-0.00582981812
-0.2358236118
-0.005700727668
0.005822828155
-0.005866320324
0.005857217844
-0.2316763041
-0.005771180182
0.2346037001
-0.2346128025
0.2345914102
0.2346181832
-0.006031403175
-0.2213350064
-0.005815185989
0.005723639289
-0.005979071126
0.2267221973
-0.2265540061
0.2268781739
0.2263727122
-0.2402255227
-0.004175420518
0.004163709
-0.00427697542
0.00404593044
0.004385808093
-0.2397819368
-0.004490101283
0.2400675042
-0.2399586715
0.2401724467
0.239845787
-0.004492169002
-0.2394147314
-0.004568515707
0.004589845626
-0.004685133359
0.004776135759
-0.2387339785
-0.004863045123
0.2391387336
-0.2390477312
0.2392262552
0.2389530658
-0.004897844822
-0.2381101258
-0.004894764598
0.004945953017
-0.005024605276
0.005098035794
-0.2371813041
-0.005163872991
0.2376987372
-0.2376253067
0.2377689986
0.237548547
-0.005233325492
-0.2359560577
-0.005101438473
0.005216642718
-0.005244225031
0.005224919149
-0.2313480379
-0.005149746521
0.2345397489
-0.2345590548
0.2345187909
0.2345763898
-0.00537261617
-0.2222885501
-0.005221531703
0.005134801428
-0.005363158958
0.227281396
-0.2271570017
0.2273966899
0.2270228627
-0.2406413027
-0.003801262133
0.003792294195
-0.003890998874
0.00368926444
0.003985498152
-0.2401770595
-0.004075762835
0.2404660257
-0.2403715264
0.240557387
0.2402737394
-0.004080277242
-0.2397619363
-0.00414228054
0.004161868447
-0.004243988956
0.004322346946
-0.2390624288
-0.004397114876
0.2394701186
-0.2393917606
0.239545769
0.2393105458
-0.004429267105
-0.238394967
-0.004423335021
0.004468268452
-0.004535368494
0.004597228535
-0.2374260046
-0.004651244791
0.2379626541
-0.2379007941
0.2380220177
0.237836305
-0.004714804351
-0.2360371704
-0.004586458092
0.004691913284
-0.004708307331
0.004683865386
-0.2310644592
-0.00462002289
0.2344485038
-0.2344729457
0.2344233013
0.2344964411
-0.004810216963
-0.2231374921
-0.004709828565
0.004628253253
-0.004831083507
0.2276944788
-0.227602644
0.2277795968
0.2275035846
-0.2410055876
-0.003468765237
0.003460400156
-0.003547159309
0.003369567063
0.003630006494
-0.2405204165
-0.003708980978
0.240814145
-0.2407312979
0.2408944669
0.2406457452
-0.003715338629
-0.2400636634
-0.003768032675
0.003784221591
-0.00385594159
0.003924353939
-0.2393464665
-0.003989559261
0.2397579604
-0.239689548
0.2398242485
0.2396188521
-0.004019468288
-0.238639774
-0.004013281802
0.004051411539
-0.004109331385
0.004161991705
-0.237627404
-0.004206687079
0.2381864487
-0.2381337884
0.2382371306
0.2380790103
-0.004265677674
-0.2360822491
-0.004143127092
0.004238105739
-0.004246648761
0.004220057817
-0.2308254455
-0.004166934227
0.2343446572
-0.2343712481
0.2343178286
0.2343975064
-0.004330014948
-0.2238891142
-0.004267510293
0.004191753693
-0.004370946855
0.2279993927
-0.2279316086
0.2280622551
0.2278584756
-0.2413277392
-0.003177100101
0.003168535678
-0.003245548225
0.003087732485
0.00331896936
-0.2408221479
-0.003388891762
0.2411213875
-0.2410479663
0.2411927669
0.2409723525
-0.003393571323
-0.2403293985
-0.003442901597
0.003455488945
-0.003518973552
0.003579513435
-0.2395953959
-0.003637126863
0.2400113988
-0.2399508589
0.2400702471
0.2398885008
-0.003661927989
-0.2388526484
-0.003659577186
0.003691568381
-0.003742157949
0.003787481496
-0.2377946351
-0.003824822592
0.2383782611
-0.2383329376
0.2384220009
0.2382859187
-0.003876758127
-0.2361020887
-0.003763907139
0.003849175788
-0.003852228196
0.003825191351
-0.2306278017
-0.003781760219
0.2342367862
-0.2342638231
0.2342097959
0.234290864
-0.003918949548
-0.2245513762
-0.003887345991
0.00381841414
-0.003976032005
0.2282247837
-0.2281746164
0.2282713616
0.2281205397
-0.241615537
-0.002923467781
0.002914781956
-0.00298387183
0.002842186036
0.003049686571
-0.2410904653
-0.003112355109
0.2413955624
-0.2413297476
0.2414596988
0.2412621902
-0.003112764688
-0.2405664984
-0.003162358508
0.003172060464
-0.003228990188
0.003283255975
-0.2398163376
-0.003334801321
0.2402374444
-0.2401831786
0.2402903321
0.2401274822
-0.003352483425
-0.239039909
-0.003356063325
0.003383303132
-0.003428010321
0.003467460103
-0.2379348552
-0.003498982733
0.2385444737
-0.2385050239
0.2385826346
0.2384642314
-0.003542118338
-0.2361042439
-0.003440703307
0.003517922103
-0.003517121539
0.003490567313
-0.2304673055
-0.003455730769
0.2341296205
-0.2341561747
0.234103293
0.2341829085
-0.003568430209
-0.2251327235
-0.003561771582
0.003500661616
-0.003638898284
0.2283921641
-0.228354799
0.2284269164
0.2283146167
-0.2418753192
-0.002707107274
0.002695924325
-0.002758540778
0.002630110404
0.002818192848
-0.241331949
-0.002875022195
0.2416429779
-0.2415833258
0.2417012783
0.2415222665
-0.002871923529
-0.2407806899
-0.002924447794
0.002929199856
-0.002980875515
0.003030104752
-0.2400148373
-0.003076767731
0.2404415428
-0.2403923135
0.2404896679
0.2403419399
-0.003088754372
-0.2392065298
-0.003099742164
0.003120480173
-0.003160440658
0.003195166868
-0.2380536657
-0.003222068404
0.238690122
-0.2386553958
0.2387238137
0.2386195928
-0.003258177018
-0.2360940013
-0.003169198831
0.003236842995
-0.003233348999
0.003207853037
-0.2303396148
-0.003180570978
0.2340259215
-0.2340514175
0.2340007568
0.2340772118
-0.003273135871
-0.2256418327
-0.003287134254
0.003231160529
-0.003352148961
0.2285174943
-0.2284894042
0.2285436874
0.2284592724
-0.2421123907
-0.002525615986
0.002510079095
-0.002567455419
0.002449798
0.002622150112
-0.241551923
-0.002674304144
0.2418688588
-0.2418141641
0.2419225019
0.241758319
-0.002668366799
-0.2409766
-0.002725832095
0.002724065821
-0.00277154369
0.002816741588
-0.2401953411
-0.002859487182
0.2406280979
-0.2405829
0.2406724392
0.2405367716
-0.002866953649
-0.239356556
-0.002886441235
0.002899347866
-0.002935486071
0.002966419449
-0.2381555048
-0.002989652312
0.2388192843
-0.238788351
0.2388494043
0.2387565418
-0.003020186991
-0.2360751791
-0.002944200044
0.003001220467
-0.002995876552
0.002971784878
-0.2302406789
-0.002951103584
0.2339273735
-0.2339514651
0.2339036511
0.2339759312
-0.003027143694
-0.2260870098
-0.003058507965
0.00300540653
-0.00311111997
0.2286123089
-0.2285909718
0.2286322723
0.2285681375
-0.2423312515
-0.002375652167
0.002356479566
-0.002409691107
0.002300650166
0.002460476473
-0.2417547686
-0.002508961235
0.242077595
-0.2420268097
0.2421275717
0.2419751204
-0.002498437458
-0.2411580451
-0.002562428524
0.002555263112
-0.002599449345
0.002641477329
-0.2403614695
-0.002681130136
0.2408007399
-0.2407587119
0.2408421033
0.2407159542
-0.002682561782
-0.2394933012
-0.002711402144
0.002717936626
-0.002751033194
0.002778947734
-0.2382438876
-0.002799282855
0.2389352687
-0.2389073542
0.2389625383
0.238878742
-0.002822852037
-0.2360505765
-0.002760190682
0.002808387907
-0.002801824975
0.002779259762
-0.2301666747
-0.002764179837
0.2338347953
-0.2338573606
0.2338126077
0.2338803162
-0.002824249623
-0.2264758855
-0.002870401013
0.002820732382
-0.002913062985
0.2286849185
-0.2286684806
0.2287003666
0.2286509602
-0.2425360274
-0.002255374679
0.002233006499
-0.002283084106
0.002180479332
0.002330915587
-0.241944292
-0.002376621056
0.2422730977
-0.2422252662
0.2423203053
0.2421767676
-0.002360588033
-0.2413282972
-0.002431958628
0.002420295237
-0.002461971379
0.002501568711
-0.2405163018
-0.002538833392
0.2409625692
-0.2409229718
0.241001649
0.2408828269
-0.002533566099
-0.2396195431
-0.002571910828
0.002573262947
-0.002603975597
0.002629515417
-0.2383216511
-0.002647586036
0.2390408083
-0.2390152685
0.239065837
0.2389891883
-0.002663673503
-0.2360223493
-0.002613970648
0.002654838282
-0.002647535139
0.00262647589
-0.2301136064
-0.002616066334
0.233748314
-0.2337693733
0.2337276269
0.2337908052
-0.002661335596
-0.2268157209
-0.002719907065
0.002673806493
-0.002754552993
0.2287414977
-0.2287285864
0.2287536884
0.2287148967
-0.2427302237
-0.002164479625
0.002137369986
-0.002185085229
0.002087369194
0.002230711199
-0.2421237905
-0.002274352929
0.2424586797
-0.2424130537
0.2425038524
0.2423669475
-0.002252514175
-0.2414901341
-0.002333621788
0.002316079474
-0.002355891796
0.002393675691
-0.2406624756
-0.002429145613
0.2411162253
-0.2410784414
0.2411536353
0.2410402669
-0.002417132417
-0.2397376545
-0.002466891801
0.002461772285
-0.00249066181
0.002514379782
-0.2383911858
-0.002530730173
0.2391382369
-0.2391145189
0.239161575
0.2390904
-0.002539416909
-0.2359920485
-0.002504095558
0.00253663585
-0.002528930265
0.002509319958
-0.2300781464
-0.00250290588
0.2336677267
-0.233687337
0.2336484723
0.2337072996
-0.002534754485
-0.2271132906
-0.002605987969
0.002561030368
-0.002631823084
0.2287864922
-0.2287761354
0.2287963313
0.2287652185
-0.2429166919
-0.002101611065
0.002068909305
-0.002114939933
0.002020732354
0.002159007786
-0.2422959883
-0.002201202138
0.2426370873
-0.2425930195
0.2426808601
0.2425486242
-0.002173828305
-0.2416459541
-0.002265677036
0.002241569361
-0.002280082863
0.002316600094
-0.2408022893
-0.002350809002
0.2412640169
-0.2412274996
0.2413002949
0.2411907218
-0.002332527754
-0.2398497805
-0.002394373536
0.002382157775
-0.002409743009
0.002432150945
-0.238454588
-0.002447273208
0.2392296661
-0.2392072582
0.2392518276
0.2391845749
-0.002449151472
-0.2359607635
-0.002428385814
0.002452256517
-0.002444394245
0.002426176852
-0.2300578645
-0.002423255532
0.2335927859
-0.2336110033
0.233574914
0.2336295631
-0.002443303177
-0.2273749604
-0.002526781707
0.002481209239
-0.002543603825
0.2288231823
-0.2288146367
0.2288313706
0.2288057002
-0.2430978988
-0.002064745933
0.002026153147
-0.002071051301
0.001979229911
0.002114083969
-0.2424632111
-0.002155326192
0.2428106498
-0.2427676171
0.2428535105
0.2427243525
-0.002123183513
-0.2417977944
-0.00222554929
0.002194807932
-0.002232484608
0.002268195928
-0.2409378052
-0.002301613633
0.2414079464
-0.2413722351
0.2414435257
0.2413363531
-0.002278045051
-0.2399579752
-0.002351553716
0.002332172536
-0.002358964195
0.002380590894
-0.2385138366
-0.00239500871
0.2393171675
-0.2392955408
0.2393387017
0.2392737697
-0.00239106042
-0.2359295371
-0.002384327167
0.002399528831
-0.002391802711
0.002375011511
-0.2300510063
-0.002375264256
0.2335234477
-0.2335402389
0.2335070579
0.233557399
-0.002385225018
-0.2276066774
-0.002480077288
0.002432704148
-0.002488122713
0.2288540704
-0.2288467924
0.2288610918
0.22883923
-0.2432756204
-0.002053026804
0.002009427208
-0.002053563488
0.001963507421
0.002095922641
-0.2426272165
-0.0021365401
0.2429810734
-0.2429387142
0.2428961868
-0.002098547624
-0.241947113
-0.00221156422
0.002175433842
-0.002212562636
0.002247779707
-0.2410707646
-0.002280777457
0.2415495184
-0.2415143013
0.2414789684
-0.002250969672
-0.2400644229
-0.002335815766
0.002311017488
-0.002337622437
0.002359229883
-0.2385713154
-0.002373829318
0.2394032564
-0.2393816489
0.2393601897
-0.002362312141
-0.235900134
-0.002372184196
0.002378738635
-0.002371584694
0.002355534068
-0.2300566033
-0.00235801033
0.2334595312
-0.2334755818
0.2334909624
-0.002358834814
-0.2278146556
-0.002463971175
0.002416652394
-0.002467507366
0.2288798031
-0.2288742444
0.22886779
0.003336790958
-0.05211729059
0.05234349733
-0.05230298888
0.05224388313
0.003208515368
-0.05220436021
-0.003309450492
0.00325034475
-0.003195068998
-0.05242346698
-0.05237416875
0.004139354751
-0.05397656552
0.05421321533
-0.05411705485
0.05402873431
0.0229528656
-0.05342589975
-0.004063851898
0.003975531363
-0.003886077469
-0.05414196778
-0.0536110985
0.05259194434
0.1056923893
0.005521706171
-0.005880823054
0.005668782935
-0.003019958817
-0.005453252727
0.106706088
0.005245887214
-0.1060989711
0.1063145013
-0.1065473681
0.1067695292
0.005591643041
0.005366704225
0.1076951995
0.006608925398
-0.1074065868
-0.01722438341
0.01662402028
-0.004898604804
-0.01611180791
0.1088909982
0.01565538865
-0.1080868848
0.1085990972
-0.1078030474
-0.1092646837
0.1095961953
0.02338395651
0.02279845562
-0.00598637376
0.1076431092
0.005737194207
-0.1070107872
0.1072678449
-0.107527983
-0.006468259287
0.006083233005
-0.006343371041
0.005832043556
0.006610799164
-0.003444039453
0.1071280708
0.003700997351
-0.05245696158
0.05277162712
-0.05271023701
0.05284023133
0.0526467773
0.003556927448
-0.003638682375
0.003575222664
-0.003514669174
-0.05286486437
0.1075092599
0.009032777171
-0.008032255758
0.008767383608
0.106774132
-0.008459362389
0.09329389215
-0.008501698142
0.1118990418
0.008033044594
-0.1113951053
0.1116607908
-0.01087356159
0.09489008257
-0.1072111645
0.1080710047
0.008278784579
0.05327541757
-0.02599147489
-0.001443244946
0.001534052271
-0.001451546979
0.001286086622
0.02633971407
-0.05232954852
-0.003155895176
0.003067847773
-0.003110085779
0.003152341677
-0.05194171302
0.05216120238
-0.05211894649
-0.003102465305
0.02534713678
0.001901292665
-0.001656462123
0.002247991626
-0.00154711152
-0.00220227851
-0.02630929711
-0.0533059895
-0.01359352575
0.004992585835
-0.005095060827
0.005201731311
-0.05267059318
0.05307417712
-0.05296750664
0.05289766541
-0.003852260455
0.01716058076
0.003716146718
-0.0042061853
0.003323392745
-0.001937245633
-0.0116678233
0.001908617692
-0.02631031853
0.02610578362
-0.02612322237
0.02610172636
0.02607422954
-0.001946743618
0.001892186461
-0.02603344322
0.02599381199
-0.026031479
0.02597811841
0.02605801433
-0.001866539206
0.005578181918
-0.02591101857
0.02615239768
-0.02603848454
0.02634276421
0.02598280341
-0.003209174215
-0.006853958468
0.006530957518
0.110433704
-0.1099449123
0.1103021655
0.007668371688
0.1105840978
0.007271476723
0.1109719712
0.007303472175
-0.004682766927
0.05432077525
-0.05398098702
0.05415314448
-0.05427060213
-0.004983149146
0.004728512243
-0.004845969895
0.004545089664
0.00422978818
-0.003602592572
0.05168891813
-0.04472501635
-0.006533353955
0.005628930364
-0.006861171366
0.007541172353
-0.05194961604
-0.00788551082
0.04997070153
-0.04929070055
0.04851413505
-0.007878648533
0.02675895997
-0.006652767394
0.003760572151
0.02275257391
-0.03214321703
0.0239998552
-0.02378864968
-0.002166349906
-0.1117872278
-0.008338561138
0.008351494179
-0.008477931109
0.005580762402
-0.1079957627
0.1085734035
-0.1083490846
0.1088346418
0.1081001827
-0.1078907494
-0.005497030657
0.1104579856
-0.1101934679
-0.006200809382
0.004384751387
0.05471946281
0.005142556591
-0.1070779111
0.1076551276
-0.1074534569
0.1072318822
-0.005039623694
0.02228307723
-0.1091766891
0.1099006732
-0.109421462
0.1090637337
-0.01524365441
0.007684019219
-0.008293011383
0.1059802201
-0.1086881788
0.01052147158
0.1113354647
-0.007644089432
-0.110662966
0.006910676225
0.007806573328
0.2376401937
0.2378635658
0.0155981901
-0.2434368218
0.2397920293
-0.2393673668
0.2403810739
0.2387235257
-0.006986697513
0.004851128741
-0.2439263506
0.2395348444
-0.240025412
0.2388844321
0.2402843657
-0.005197102615
0.004711658385
-0.2408053435
0.2359916565
-0.2370844332
0.2347980889
0.2380541767
-0.004534240363
0.006920070422
-0.2355497718
0.2334538686
-0.2332125996
0.2337985702
0.2336850885
-0.006235258147
0.006801454657
-0.234406735
0.234780748
-0.2344632353
0.2350934195
0.2341336275
-0.006880107146
0.006453846239
-0.2356540804
0.2359705309
-0.2356881592
0.2362469383
0.2353935396
-0.006556646601
0.006039134238
-0.2367447193
0.2370172217
-0.2367700726
0.2372574324
0.236511694
-0.006151402849
0.005591111086
-0.237688196
0.2379322615
-0.2377122414
0.2381366496
0.2374902961
-0.005708990275
0.005139435932
-0.2385027213
0.2387287884
-0.2385324635
0.238901542
0.238344499
-0.005259298819
0.004704599561
-0.2392060116
0.2394210586
-0.239245868
0.2395673319
0.2390870143
-0.004819832217
0.004296995854
-0.2398151308
0.2400240495
-0.2398677655
0.2401492504
0.2397327613
-0.004404054102
0.003921077901
-0.2403450343
0.2405500737
-0.2404125668
0.2406592422
0.2402958294
-0.004018141963
0.003579550747
-0.2408082735
0.2410123194
-0.2408907692
0.2411084747
0.2407884399
-0.003667263379
0.003272494874
-0.2412161701
0.2414214783
-0.2413134877
0.241506916
0.2412229526
-0.003352344011
0.003001156766
-0.2415780437
0.2417862651
-0.2416897489
0.2418629074
0.2416089312
-0.00307168694
0.002764259962
-0.2419018247
0.2421141898
-0.2420272748
0.2421838994
0.2419543959
-0.002824540696
0.002559588006
-0.2421942093
0.2424108114
-0.2423331832
0.2424757998
0.2422660637
-0.002611062632
0.002385447665
-0.2424605871
0.2426816517
-0.2426123933
0.2427435053
0.2425491288
-0.00242955753
0.002241437515
-0.2427056833
0.242931341
-0.2428696053
0.2429905626
0.2428089433
-0.002277353854
0.002124705718
-0.2429337376
0.2431661288
-0.2431078181
0.2432219859
0.2430503262
-0.002153252219
0.002034317475
-0.243149249
0.2433887552
-0.2433332641
0.2434420069
0.2432788117
-0.002055680236
0.001969690878
-0.2433551457
0.2436018431
-0.2435485843
0.2436532132
0.2434963321
-0.001984628628
0.001929608288
-0.243554338
0.2438087678
-0.2437568837
0.2438590922
0.2437060071
-0.001939100026
0.001915436916
-0.2437490152
0.2440135097
-0.2439613712
0.2439081336
-0.001917983206
3.015145573e-05
0.01646549347
-0.01645783179
1.52202982e-05
0.01202317837
-0.01200824721
0.007641966568
-0.00762674627
-9.580096132e-05
0.01645649922
-7.070057128e-05
0.01199807798
0.007571265997
-0.0002263398187
-0.01390941347
0.01374237796
-9.161625362e-05
-0.009058998295
0.008924274733
-0.004479642064
0.004388025812
-0.004746288991
0.01024257871
-0.01414666708
-0.001934750945
0.007415834916
-0.01022737296
0.003320622816
-0.005255373761
1.659257219e-05
0.01647466653
-0.01645835019
1.815949387e-06
0.01204490041
-0.01203012379
0.007716022173
-0.007714206223
-0.002561688287
0.001020653791
0.0007589345291
-0.000189230813
0.01643503936
-0.01647191113
-0.0001499309799
0.01198591948
-0.01202521931
0.0074576785
-0.00760760948
-0.0005347156946
-0.01032739215
0.009959327837
-0.0002025242386
-0.005741255209
0.005409063755
-0.001867806725
0.001665282486
-0.0002248902712
-0.01471939715
0.01455797545
-0.000101131723
-0.009740991157
0.00961723261
-0.005083305315
0.004982173593
-0.0002727802026
0.0163014291
-0.0002026406933
0.01191577997
0.007255037807
-3.858542953e-05
-0.01637806552
0.0163709039
-3.19993926e-05
-0.01194707562
0.01194048959
-0.007687563231
0.007655563838
-1.563910353e-05
-0.01638082842
-1.150066195e-05
-0.01195121407
-0.007699063893
-5.919518916e-05
0.01636552831
-4.889975678e-05
0.01193019416
0.007606664082
8.458620813e-05
0.01638580474
5.148284227e-05
0.01196329752
0.007658146924
6.514256671e-06
-0.01646149922
7.583936444e-06
-0.01200931689
-0.007619162333
4.056791678e-05
0.01646263918
2.98781631e-05
0.01200876774
0.00760114416
-0.0003274498126
0.0148915568
-0.0001405724806
0.009865396027
-0.01005227336
0.005189840917
-0.005330413398
2.137798603e-06
-0.0164057639
0.01640546463
1.785184161e-06
-0.01196510233
0.01196545495
-0.007631917708
0.007633702892
-5.83296406e-05
-0.0164160495
-4.129669143e-05
-0.01198213528
-0.007673214399
-0.0002347292341
-0.01408609512
-9.468007729e-05
-0.009199047449
-0.004574322141
3.544861135e-05
0.01641551054
2.354630515e-05
0.01197735726
0.007657249197
-2.202206369e-05
0.01642049899
-1.924924034e-05
0.01197458443
0.007637999957
-0.0003352600253
0.01319804753
-0.01342214591
-0.0001555150815
0.008427126429
-0.008606871372
0.003919652706
-0.004075167787
-0.002758828887
-0.01576091361
-0.001412945754
-0.01157325609
-0.006668319514
-1.084333004e-05
-0.01638223119
-6.723406194e-06
-0.01195533399
-0.007705787299
-1.040678695e-05
-0.01639260966
-3.925286156e-06
-0.01196181549
-0.007709712585
4.497342215e-06
-0.01641685184
0.01642764214
2.570571912e-06
-0.01199740866
0.01199933543
-0.00770741028
0.007709980852
8.337449215e-05
4.926335614e-05
-0.0001324433558
-9.685983926e-05
2.291689306e-05
6.46531995e-06
-0.0008650120421
0.01071211787
-0.01120855523
-0.0003622093835
0.006088110999
-0.006590913656
0.002132606381
-0.002494815764
-0.0006116554466
-0.0002647996566
-0.0002309404729
-0.000106535602
-2.018293324e-05
0.01642455069
-1.191990209e-05
0.0119910724
0.00769806095
-3.37836673e-05
-2.484655133e-05
-0.0002911072805
-0.01428379121
-0.0001375813229
-0.009352573406
-0.004711903464
-4.162993591e-05
0.01642361036
-3.526635923e-05
0.01196822086
0.007602733598
-0.000310124161
0.01299311997
-0.0001337847435
0.008250787013
0.003785867963
-0.0009292421709
-0.0005867182932
-8.266690496e-05
0.01016637574
0.005419396594
-0.005502063499
-8.898319653e-05
-0.001997929761
0.002833328744
-0.006796102354
-0.0004093089402
0.001745561029
-0.00333418185
0.0004684235346
-0.0008777324746
-5.042441251e-05
0.01630432655
-0.01631166207
-3.701780333e-05
0.01190408037
-0.01191748698
0.007606774803
-0.007643792606
-0.0004048838197
0.01148438716
-0.01176355381
-0.0001696439715
0.006842757324
-0.007077997171
0.002668984706
-0.002838628677
-9.673766978e-05
0.0006844862668
0.0003716858649
-0.000426012611
-0.0001741689417
1.582411908e-05
-0.01636024778
0.01636949615
1.059945263e-05
-0.01195207067
0.01195729534
-0.007682828284
0.007693427737
4.068269127e-06
-0.01638466427
3.620646863e-06
-0.01196136787
-0.007706091938
1.871030618e-05
-0.01634802406
1.263803314e-05
-0.0119459984
-0.007670190251
2.447830466e-05
0.01631229707
1.459916955e-05
0.0119139595
0.007621373973
-0.0005349293343
-0.0002702701286
-0.0004006346128
-0.01265745768
0.01239953786
-0.0001851749924
-0.007917438288
0.007701978669
-0.003510699476
0.003325524484
-0.000608517213
-0.000275168487
-0.0006302613889
-0.0003128580246
-0.001144284422
-0.008375350854
-0.0002618054447
-0.004216660826
-0.001139537919
0.007669593384
-3.379161966e-05
-2.580077764e-05
0.000173375554
0.0001114726252
-0.0006931003618
-0.01215105672
-0.0002991514514
-0.00747194608
-0.003137780128
1.426222896e-05
0.01637810475
9.761902784e-06
0.01196179566
0.00770318964
2.474501624e-06
2.902298471e-06
3.255894972e-05
-0.01633109017
1.924023379e-05
-0.01193267968
-0.007650950017
4.829621993e-05
2.957604421e-05
-0.0004177769455
-0.0001877443552
-0.0009795234361
0.009206536275
-0.0003267485166
0.004756288836
0.00133853397
-0.0007386240622
-0.000198996051
)
;

boundaryField
{
    topAndBottom
    {
        type            calculated;
        value           uniform 0;
    }
    inlet
    {
        type            calculated;
        value           nonuniform List<scalar> 0();
    }
    outlet
    {
        type            calculated;
        value           nonuniform List<scalar> 
30
(
0.9841755882
0.9840545207
0.9835648227
0.9827745677
0.2435992077
0.2427083466
0.242357365
0.2411365404
0.240644981
0.2386006374
0.2375017937
0.2300655643
0.2274678169
0.4909634246
0.4905611651
0.4900357994
0.4895141862
0.4888094494
0.2438466111
0.2433199918
0.2430234299
0.2419840478
0.2415845215
0.2400908604
0.2394247847
0.2358947514
0.2334473005
0.2278598381
0.2288857976
0.2440667866
)
;
    }
    wing
    {
        type            calculated;
        value           nonuniform List<scalar> 
70
(
0
0
0
-1.355252716e-20
-1.355252716e-20
-1.355252716e-20
0
0
-2.710505431e-20
0
1.355252716e-20
-1.355252716e-20
1.355252716e-20
0
1.355252716e-20
1.355252716e-20
0
0
-1.355252716e-20
0
0
0
-1.355252716e-20
1.355252716e-20
1.355252716e-20
0
-2.710505431e-20
-2.710505431e-20
0
0
0
0
1.355252716e-20
0
1.355252716e-20
-1.355252716e-20
0
-1.355252716e-20
0
-1.355252716e-20
0
0
0
2.710505431e-20
0
0
1.355252716e-20
1.355252716e-20
0
-1.355252716e-20
0
0
0
1.355252716e-20
0
0
0
-1.355252716e-20
-1.355252716e-20
1.355252716e-20
0
-2.710505431e-20
1.355252716e-20
1.355252716e-20
-1.355252716e-20
0
0
0
-1.355252716e-20
-6.776263578e-21
)
;
    }
    front
    {
        type            empty;
        value           nonuniform List<scalar> 0();
    }
    back
    {
        type            empty;
        value           nonuniform List<scalar> 0();
    }
    procBoundary1to0
    {
        type            processor;
        value           nonuniform List<scalar> 
49
(
-0.9230151156
-0.9224723818
-0.9215155565
-0.9197542366
0.005780150814
-0.4580790905
-0.4563551822
-0.4592940291
-0.002937453353
-0.052382209
-0.05172674219
-0.02283891795
-0.2151567245
-0.1066731143
-0.1050543353
-0.1062956671
-0.05191021092
-0.02726154842
-0.02666322395
-0.05155420982
-0.4572738055
-0.4551551861
-0.2447934689
-0.2497752476
-0.2501904516
-0.2485251917
-0.2370825683
-0.231552183
-0.02650517443
-0.02702411061
-0.05224020233
-0.2506577655
-0.2499354881
-0.2418574139
-0.2457228293
-0.2190579749
-0.2254753393
-0.105496157
-0.1058952611
-0.02583807718
-0.02607398018
-0.05208728899
-0.1070505176
-0.2409614403
-0.236472162
-0.007681352608
-0.01631944815
1.175922416e-05
-0.01192547782
)
;
    }
    procBoundary1to3
    {
        type            processor;
        value           nonuniform List<scalar> 
136
(
-0.006125308334
-0.02581641445
-0.005314030229
-0.00695398682
-0.006053380006
-0.005882271713
-0.004008587421
-0.002792500712
0.0003863119796
-0.01439545986
0.000535539142
-0.00541782261
-0.00349046711
-0.006815136172
0.0004031001198
-0.004198854913
-0.01031030034
-0.01977880239
0.0034746811
-0.0058872509
0.005360725008
0.005079744901
-0.002369595375
0.004114789729
-0.009834600385
-0.005065921482
-0.008613352565
-0.009511232987
-0.007586401925
-0.008341609009
-0.006714794579
-0.007353247337
-0.005971162613
-0.006516546873
-0.005336825531
-0.005804543056
-0.004794946564
-0.005194270908
-0.004330372701
-0.004670801505
-0.003933923838
-0.004224250119
-0.003596523918
-0.003844438837
-0.003313327284
-0.003521781607
-0.003078471362
-0.003250927234
-0.002885849194
-0.003025736236
-0.002732097697
-0.002843322396
-0.002615827036
-0.002700297565
-0.002534969981
-0.00259286218
-0.002487098729
-0.002519305306
-0.002469965719
-0.002479835752
-0.004769545547
-0.05102145864
-0.009372481251
-0.008901915621
0.05376696108
-0.007802834967
-0.006931551814
-0.006573412001
-0.01322786357
-0.01415050028
0.02486068117
-0.00528702765
-0.005361600873
-0.006828157209
-0.00624875223
-0.005829524862
-0.01518487824
-0.01813925086
0.00106084213
-0.002058939943
0.005982525428
0.005908637423
0.0001237497091
0.00234159459
-0.009942963083
-0.007808110297
-0.008900987332
-0.009197156998
-0.007825826948
-0.008079191561
-0.006917979553
-0.007132831175
-0.006147262332
-0.006329004916
-0.005487553293
-0.005641655123
-0.004922918306
-0.005054783514
-0.004438730971
-0.00455354661
-0.004026199353
-0.004124195521
-0.00367626333
-0.003757717519
-0.00338023907
-0.003448637491
-0.003132457024
-0.003190643991
-0.002929500883
-0.002977027518
-0.002767464286
-0.002804537053
-0.0026421799
-0.00266950457
-0.002552149453
-0.002570843503
-0.002495400629
-0.002506893361
-0.00247306604
-0.002475347874
0.0102821349
-0.00992980952
-0.01241107729
-0.01173340178
-0.008484136758
-0.006406094907
-0.00557900434
-0.01113864573
-0.01042868226
-0.008086503535
-0.01509964612
0.000189236994
-0.01027294583
0.0002030855802
0.0001539416631
-0.00565600516
)
;
    }
}


// ************************************************************************* //
