/*--------------------------------*- C++ -*----------------------------------*\
| =========                 |                                                 |
| \\      /  F ield         | OpenFOAM: The Open Source CFD Toolbox           |
|  \\    /   O peration     | Version:  v2012                                 |
|   \\  /    A nd           | Website:  www.openfoam.com                      |
|    \\/     M anipulation  |                                                 |
\*---------------------------------------------------------------------------*/
FoamFile
{
    version     2.0;
    format      ascii;
    class       surfaceScalarField;
    location    "0.86";
    object      meshPhi;
}
// * * * * * * * * * * * * * * * * * * * * * * * * * * * * * * * * * * * * * //

dimensions      [0 3 -1 0 0 0 0];
oriented        oriented;


internalField   nonuniform List<scalar> 
6430
(
0
0
0
0
0
0
0
0
0
0
0
0
0
0
0
0
-1.024380696e-05
0
1.287829011e-05
-2.729457154e-05
-3.048563362e-05
-6.595357418e-05
0.0001425761596
7.029548541e-05
-0.0002288001748
-0.000186443274
0.0005616615238
0.0001893106637
-0.0006801675915
-0.0002409112518
0.0009918124337
0.0002418315246
-0.001069036675
-0.0001874265335
0.001164146968
0.0001871137473
-0.0005843057257
-0.000579528456
-2.723590059e-05
0.000292465185
2.715411866e-05
-0.0002923834031
0
0
0
0
0
0
0
0
0
0
0
0
0
0
0
0
-1.511286691e-05
0
1.250971941e-05
-3.361420284e-05
-3.011216969e-05
-7.687078444e-05
0.0001511314826
7.464369716e-05
-0.0002360247101
-0.0001970899455
0.0005511586296
0.0001939351247
-0.000661627553
-0.0002447296346
0.0009459987471
0.0002426510867
-0.001011997553
-0.0001857793566
0.001088685487
0.0001857793566
-0.0005468213362
-0.0005418641511
-2.711391435e-05
0.0005468213362
5.289484134e-05
-2.5780927e-05
-0.0002738719877
-0.0002729493485
0
0
0
0
0
0
0
0
0
0
0
0
0
0
0
0
-7.870979129e-06
0
2.917480493e-06
-1.412544149e-05
-8.657940427e-06
-5.891157525e-05
9.836725805e-05
5.132850029e-05
-0.0001651818033
-0.0001705892693
0.00042927745
0.0001585841829
-0.0005265501728
-0.0002256345908
0.0007943157114
0.0002158883944
-0.0008649601034
-0.0001848170521
0.0009940295379
0.000182481511
-0.001008882904
-5.289484135e-05
0.001013641214
0.0001004596925
-0.001013641214
-4.756485117e-05
0
0
0
0
0
0
0
0
0
0
0
0
0
0
0
0
-7.162976618e-08
0
0
-7.184706424e-08
0
-2.597875978e-05
3.047107765e-05
1.80139261e-05
-6.809737887e-05
-0.0001132572942
0.0002484465009
9.628618324e-05
-0.0003226421616
-0.0001739666167
0.0005492513584
0.0001563406058
-0.0006179002728
-0.0001617675406
0.0007792527502
0.0001501659913
-0.0008158547232
-9.594580917e-05
0.0008782325922
9.065061909e-05
-0.0008861592917
0
0
0
0
0
0
0
0
0
0
0
0
0
0
0
0
0
0
0
0
0
-1.947661501e-06
6.381303469e-08
3.238548696e-07
-4.758999574e-06
-4.663931956e-05
8.033263856e-05
3.235968595e-05
-0.0001218281308
-9.804420281e-05
0.0002696167178
7.864860479e-05
-0.0003204585297
-0.000105335391
0.000455870527
8.874618639e-05
-0.0004916332473
-6.601292111e-05
0.0005622410116
5.624071035e-05
-0.0005727801645
0
0
0
0
0
0
0
0
0
0
0
0
0
0
0
0
0
0
0
0
0
0
0
0
0
-3.833432151e-06
1.921198175e-06
6.042322018e-07
-8.824113064e-06
-2.883429927e-05
6.022955807e-05
1.681462785e-05
-8.357594603e-05
-4.196134995e-05
0.0001556435505
2.907244503e-05
-0.0001769253094
-2.808774356e-05
0.0002218147488
2.021236231e-05
-0.0002288453795
0
0
0
0
0
0
0
0
0
0
0
0
0
0
0
0
0
0
0
0
0
0
0
0
0
0
0
0
0
-9.340250078e-08
0
0
-2.834480872e-07
-3.799537114e-06
7.691565045e-06
6.001530625e-07
-1.188089706e-05
-3.965439817e-06
2.30931453e-05
1.307363524e-06
-2.508992271e-05
0
0
0
0
0
0
0
0
0
0
0
0
0
0
0
0
0
0
0
0
0
0
0
0
0
0
0
0
0
0
0
0
0
0
0
0
0
0
0
0
0
0
0
0
0
0
0
0
0
0
0
0
0
0
0
0
0
0
0
0
0
0
0
0
0
0
0
0
0
0
0
0
0
0
0
0
0
0
0
0
0
0
0
0
0
0
0
0
0
0
0
0
0
0
0
0
0
0
0
0
0
0
0
0
0
0
0
0
0
0
0
0
0
0
0
0
0
0
0
0
0
0
0
0
0
0
0
0
0
0
0
0
0
0
0
0
0
0
0
0
0
0
0
0
0
0
0
0
0
0
0
0
0
0
0
0
0
0
0
0
0
0
0
0
0
0
0
0
0
0
0
0
0
0
0
0
0
0
0
0
0
0
0
0
0
0
0
0
0
0
0
0
0
0
0
0
0
0
0
0
0
0
0
0
0
0
0
0
0
0
0
0
0
0
0
0
0
0
0
0
0
0
0
0
0
0
0
0
0
0
0
0
0
0
0
0
0
0
0
0
0
0
0
0
0
0
0
0
0
0
0
0
0
0
0
0
0
0
0
0
0
0
0
0
0
0
0
0
0
0
0
0
0
0
0
0
0
0
0
0
0
0
0
0
0
0
0
0
0
0
0
0
0
0
0
0
0
0
0
0
0
0
0
0
0
0
0
0
0
0
0
0
0
0
0
0
0
0
0
0
0
0
0
0
0
0
0
0
0
0
0
0
0
0
0
0
0
0
0
0
0
0
0
0
0
0
0
0
0
0
0
0
0
0
0
0
0
0
0
0
0
0
0
0
0
0
0
0
0
0
0
0
0
0
0
0
0
0
0
0
0
0
0
0
0
0
0
0
0
0
0
0
0
0
0
0
0
0
0
0
0
0
0
0
0
0
0
0
0
0
0
0
0
0
0
0
0
0
0
0
0
0
0
0
0
0
0
0
0
0
0
0
0
0
0
0
0
0
0
0
0
0
0
0
0
0
0
0
0
0
0
0
0
0
0
0
0
0
0
0
0
0
0
0
0
0
0
0
0
0
0
0
0
0
0
0
0
0
0
0
0
0
0
0
0
0
0
0
0
0
0
0
0
0
0
0
0
0
0
0
0
0
0
0
0
0
0
0
0
0
0
0
0
0
0
0
0
0
0
0
0
0
0
0
0
0
0
0
0
0
0
0
0
0
0
0
0
0
0
0
0
0
0
0
0
0
0
0
0
0
0
0
0
0
0
0
0
0
0
0
0
0
0
0
0
0
0
0
0
0
0
0
0
0
0
0
0
0
0
0
0
0
0
0
0
0
0
0
0
0
0
0
0
0
0
0
0
0
0
0
0
0
0
0
0
0
0
0
0
0
0
0
0
0
0
0
0
0
0
0
0
0
0
0
0
0
0
0
0
0
0
0
0
0
0
0
0
0
0
0
0
0
0
0
0
0
0
0
0
0
0
0
0
0
0
0
0
0
0
0
0
0
0
0
0
0
0
0
0
0
0
0
0
0
0
0
0
0
0
0
0
0
0
0
0
0
0
0
0
0
0
0
0
0.0002939140714
-0.000293913631
-2.723634098e-05
0.0002753036827
-0.0002753036827
-2.711391434e-05
0.001183138285
-0.0001872517886
-0.0005940011382
-0.0005893118912
5.850274566e-05
-0.0002953412453
-5.856429947e-05
0.0005893168705
0.001107273772
-0.0001885393621
-0.0005529859474
-0.0005515278187
5.822944793e-05
-0.000276224136
-5.822944793e-05
0.0005515278187
-0.0002918504208
0.0005843146419
5.850370965e-05
2.7238721e-05
0.0002844920891
-0.000284464961
-2.726584914e-05
9.123547351e-06
-0.0001406500092
-9.645975247e-06
0.000141172437
-1.039068676e-05
-0.0001453245155
0.000145620857
1.009434523e-05
0.0005138803306
-0.0005138803306
-5.289484135e-05
-0.0001464020223
-1.05832615e-05
0.000146594597
9.733020964e-06
-0.0001460195826
-1.01154606e-05
-0.0002776473746
1.698196206e-05
0.0002762946239
-7.751964273e-06
-7.877247087e-06
-0.0001403261135
0.0001406509182
8.798742687e-06
0.0002832019412
2.718836449e-05
-0.0002831515847
-7.151674042e-06
7.005108231e-06
-0.0001401795477
1.641388562e-05
-0.0002777429404
-7.507962443e-06
-8.810357386e-06
9.362825845e-06
-0.0001449543204
-7.504145618e-06
-0.0001402975376
0.0001426567921
6.042903161e-06
-7.633813757e-06
-0.0001435749065
0.0001439092856
7.29943462e-06
-2.156682389e-05
0.0002879095243
2.154857594e-05
-0.0002878912764
2.155247887e-05
0.0002844340643
-2.169382849e-05
-0.0001422913182
-0.0001420013964
-2.172719969e-05
0.0002923135587
2.162682466e-05
-0.0002922131836
0.0002890545686
-0.0002890132315
-2.160816096e-05
-0.0001433202789
-8.030669466e-06
0.0001437171346
-8.396051783e-06
-0.0001486274289
0.000148832707
8.19077372e-06
-2.171980607e-05
0.0002977549304
2.168671299e-05
-0.0002977218373
0.0002938764706
-0.0002938743402
-2.172933012e-05
0.0002986801348
-0.0002986967968
-2.170314411e-05
-0.0001487498226
-8.645568623e-06
0.0001489993395
7.936293736e-06
-0.0001484425207
-8.243595688e-06
7.599846673e-06
-0.0001482909819
0.0002830895724
2.142769444e-05
-0.0001416366105
-0.0001413281775
1.059191894e-05
0.0003109137699
-1.735277612e-05
-0.0001456255178
-0.0001585273949
-0.0001600553561
2.740679133e-06
-6.113921959e-06
0.0001634285989
-3.27485094e-05
1.034761365e-06
-0.000128341608
2.414457975e-06
-2.321831104e-06
0.0001388224897
-4.104069428e-06
-0.0001409963187
0.0001412716012
3.828786922e-06
7.093801297e-06
-0.0001428597538
-7.554326434e-06
4.042127476e-05
-1.517001757e-05
0.0001174055349
-0.000141299917
-4.50796928e-06
0.0001417038168
-0.0001455561998
0.0001834923075
2.485167054e-06
6.53615167e-06
-0.0001430172568
5.011484384e-06
3.155848542e-06
-3.549745453e-06
0.001025135962
-0.001031905729
-0.0001855700476
0.0001217913106
0.001032225184
-0.0005183448535
-6.356186267e-05
-5.822944792e-05
0.0005468213362
5.822944794e-05
5.289484135e-05
0.0005327040746
-0.0005327040746
-5.289484135e-05
-0.0005327040747
3.689897603e-05
-3.689897603e-05
0.0005327040747
-0.0002749128612
0.0002743767919
1.75180313e-05
-0.0001454733113
-9.326922775e-06
0.0001448104717
9.989762337e-06
-9.957487325e-06
0.0001436120004
1.0170901e-05
-0.0001438254141
1.010769992e-05
0.0001419136141
-0.0001417729223
-1.024839179e-05
1.644097735e-05
-0.0002749399529
3.156739152e-05
-0.0005327040747
-3.156739151e-05
9.205994548e-06
0.0001494738137
-0.0001491802792
-9.499528975e-06
-7.923437541e-06
0.0001497736505
9.354936989e-06
-0.00015120515
-0.0001975634121
0.000160565759
3.973833225e-05
0.0002698567976
2.181753817e-05
-0.000151760237
-0.0001293221799
0.0002752978052
2.153218614e-05
-0.0002750375514
-2.179243995e-05
0.0001414934455
9.924237786e-06
-0.0001413099834
9.480548466e-06
0.0001409572364
-0.0001408664307
-9.57135416e-06
-0.0001398449491
7.601863566e-06
-8.021528358e-06
0.0001402646139
2.736973694e-06
6.502537802e-06
-6.636275503e-06
-0.0001397112114
3.905091021e-05
-0.0001384915829
-1.108339682e-05
0.0001105240695
-0.0002753152679
1.271972639e-05
-1.299902032e-05
0.0002755945618
0.0001341713495
2.879407331e-06
-0.0002303119215
8.420866154e-06
0.0001451055435
-0.0001447960055
-8.730404072e-06
-4.417029635e-05
1.803566496e-05
-0.0001193386799
-9.366817268e-06
0.0001440605868
9.395421951e-06
-0.0001440891915
0.0001433179519
-0.0001436451406
-9.630298623e-06
-0.0001464268454
-7.909976037e-06
0.0001450098987
-0.0001447925541
-9.065242604e-06
0.0001451288994
8.728897275e-06
-9.703430644e-06
0.0001456559231
9.628461584e-06
-0.0001455809541
0.0001442015049
-0.0001440918292
-9.476492973e-06
0.0001490270244
8.907153612e-06
-0.0001487281835
0.0001496135181
-0.0001503065084
-7.230447281e-06
-0.0001399909463
0.0001405319163
7.060893572e-06
0.0001408378495
9.473155781e-06
-0.0001408304568
1.123684491e-05
0.0001582982625
-0.0001593155287
-1.021957869e-05
-0.0001321087119
3.163917277e-05
-1.441681702e-05
0.0001148863561
-0.0001401477153
0.0001759199697
3.278655835e-06
5.589665784e-06
-0.0001390780742
-1.107015725e-05
3.87812021e-05
-0.0001407226666
0.0001130116217
5.744461382e-06
-0.0001396047625
-4.631281777e-06
2.614291721e-06
-0.0001401139749
-2.798558442e-06
0.0001402982416
8.144440437e-06
-0.0001445161283
-1.761192873e-05
0.0002010545247
-4.696946207e-06
-0.0001431645659
0.0001431713744
4.690137699e-06
-0.0001395668731
1.472301556e-05
0.0001137737002
-0.0001436883928
-5.392107132e-06
0.0001443835537
-0.0001848045971
-5.792544703e-06
-1.00412482e-05
0.000146056419
9.9442172e-06
-0.000145959388
0.0001459872933
-0.0001459285024
-9.762221617e-06
-9.432289363e-06
0.0001454725902
-8.882352217e-06
0.0001488544899
9.801512911e-06
-9.776758774e-06
0.0001479336545
9.880270471e-06
-0.0001480371662
0.0001466490997
-0.0001466904783
-9.999869626e-06
-9.208313142e-06
7.750118309e-06
-0.0001445613878
0.0001476524034
-1.847799141e-05
-0.0001383827252
-1.017179344e-05
0.0001477087363
6.735172751e-06
0.0001399417225
-0.000139671787
-0.0001446334337
9.082280442e-06
0.0001449139791
-7.258374347e-06
7.056042728e-06
-0.0001444311021
-0.0001444625764
-9.129767725e-06
0.0001416294337
-0.0001400038116
-9.599116679e-06
0.0001489949558
9.59233298e-06
-0.0001489881721
0.0001481844443
-0.0001483162528
-9.644950259e-06
-8.241794211e-06
0.0001489729601
-9.436125889e-06
0.0001492802507
9.182899542e-06
-9.784588058e-06
0.0001495849924
9.735743911e-06
-0.0001495361483
0.0001492856677
-0.0001492425076
-9.642276738e-06
-7.811222285e-06
7.494080325e-06
-0.0001481253787
0.0001485777037
-0.0001482979202
-8.091005815e-06
0.0001489104836
-8.576375582e-06
-0.0001483477107
7.301288887e-06
0.0001486462685
-7.118596062e-06
6.595075453e-06
-0.0001478241901
-0.0001479154976
0.0001476952585
-0.0001470424559
-6.766724533e-06
9.043399333e-06
-8.246408672e-06
0.0001468982678
1.136885848e-05
0.0001611031397
-0.0001412650923
-1.285565809e-05
0.0001541207504
-4.565260188e-06
-0.0001414424343
0.0001394039412
2.659017855e-06
5.42819427e-06
-0.0001398314482
7.821710491e-06
-0.0001328153484
-7.115074005e-06
-6.66517288e-06
6.267648888e-06
-0.0001424622298
0.000143357705
-6.83820247e-06
-0.0001431846754
-7.867286769e-06
0.0001436706653
-1.331014664e-06
0.0001238711122
-1.484482072e-05
0.0001983371282
-0.0001417938357
1.123448754e-05
0.0001157145275
4.785606621e-06
-0.0001440942753
-0.0001435854814
5.931058953e-06
0.0001441905741
-5.853093283e-06
3.502987547e-06
-0.0001412353756
-0.0001426027012
4.623606862e-06
-5.231888705e-06
7.203645701e-06
0.0001496129864
-0.0001495431397
7.039517953e-06
0.000148941581
-0.0001487774532
0.0001907923138
1.145968246e-05
-0.0002022519963
-0.0001498428655
0.0001490260091
-4.54913931e-05
-0.0001228294638
-5.904229291e-06
0.0001536562188
1.12807507e-05
-0.0001537001246
8.759905275e-06
0.0001384636217
-0.0001386750639
-8.54846304e-06
-0.0001441765381
4.1067536e-06
-4.918180134e-07
0.0001405616025
0.0001403613189
-0.000139942902
-8.439945296e-06
8.758732816e-06
-9.160889103e-06
0.0001407634752
8.370880317e-06
0.0001406524664
-0.0001398440047
1.47845305e-05
-0.0001379571465
0.0001120892192
-0.0001794302795
0.00019421481
3.667951432e-06
-0.0001541242631
6.27977359e-06
1.14665029e-05
-0.00014166805
-1.398017252e-05
0.0001441817196
-0.0001204040537
0.0001471144287
4.928797794e-06
-6.946309061e-06
6.908636351e-06
-0.0001447583328
0.0001447239097
-0.000144614176
0.0001450757861
0.0001433795505
-0.0001344736532
6.651756409e-06
-6.716430192e-06
-0.0001482332464
6.554217003e-06
-0.0001480278393
6.865875922e-06
0.0001484837195
-0.0001483100775
0.0001483143602
-0.0001481649145
-5.989612519e-06
-0.0001502211252
0.0001489013785
-0.0001482959156
0.0001489722201
3.425970542e-06
-5.99414677e-06
-0.0001457277393
-0.0001353354722
6.374915103e-06
-0.0001477361957
-0.0001474434218
8.135699169e-06
0.0001407670974
-0.0001424289295
0.0001423182199
-0.0001421347604
0.0001286622784
-5.18647359e-06
-0.0001378926219
3.477578177e-05
-1.013817926e-05
0.0001040246759
8.397045606e-06
-1.43838919e-05
0.0001903038616
-0.00013368774
0.0001091656688
-0.0001355955577
-0.0001411103548
-0.0001423685605
1.719483079e-06
-4.666799456e-06
-0.0001419260819
4.224320869e-06
-4.225649616e-06
-0.0001411638164
-0.0001439899833
0.000144267137
-6.874311127e-06
-0.0001439538746
-0.0001444818031
0.0001203648847
-1.090593184e-05
3.906101044e-05
-0.0001412414263
0.0001130863477
1.49587057e-05
-0.0001407112436
0.000114846606
-1.977834026e-06
-0.0001418146886
0.0001799331894
-0.000142850013
0.0001946562049
-0.0001819338457
0.0001968925514
0.0001425414798
-0.0001431479803
3.942007831e-05
0.000114355889
1.869786276e-06
1.132346687e-05
-0.0001961280639
0.0001452394929
-0.0001304130385
0.0001453780071
0.000139273339
-0.0002259006938
-6.584124839e-05
-0.0005637224095
0.0001576015841
-0.0001574693207
0.0004400155823
-0.0006847997846
-0.0001851977063
-0.001005017473
0.0002376958178
-0.00023661864
0.0009101667495
-0.001082476574
-0.0002400192135
0.0002081206465
-0.0002080035425
0.001173299933
0.0001564771546
-0.0002441573404
-7.540587855e-05
-0.0005684265072
0.0001701098062
-0.0001688733559
0.000454608113
0.0004404036553
0.000162063874
-0.0006815655391
-0.0001961454258
-0.0009704738197
0.0002435296829
-0.0002437562981
0.0008869384793
0.0008997989086
0.0002385288408
-0.001036398985
-0.0002453409528
0.0002068145362
-0.0002085460269
0.001105242281
0.001155830108
0.0002082537595
0.0001840333085
0.001148635785
-0.0005747979623
-0.0005707573838
8.031699342e-05
-0.0005706397606
-8.030870676e-05
0.000570631474
-8.028108492e-05
-0.0005842930611
0.0005842830437
8.029110239e-05
2.723620206e-05
0.0002891419521
-0.000289117753
-2.726040113e-05
2.298703124e-05
-2.301947605e-05
0.0002890870134
-2.307420912e-05
0.0002923217817
2.306598607e-05
0.0001148749855
-0.0001874189336
-6.54893109e-05
-0.0004674215421
0.0001443880662
-0.0001540262453
0.0003674134822
0.0004403307618
0.0001670176372
-0.0005687542602
-0.0001805871568
-0.0008416616698
0.0002210318081
-0.0002298041743
0.0007595018275
0.0008632400385
0.000240983577
-0.0009109969666
-0.0002332552622
0.0002024380451
-0.0002049852992
0.001003485958
0.001083928718
0.0002066219291
-0.001070114632
0.0001857759155
0.001070091196
0.0001644463425
-0.0005327040747
-8.488746827e-05
-7.955887418e-05
-0.0005374105572
-7.955887418e-05
-0.0005468213362
0.0005468213362
7.955887418e-05
5.289484134e-05
0.0005418641511
-0.0002715198395
-0.0002703443116
2.311483598e-05
-0.0002703443116
-2.311483598e-05
0.0002703443116
-2.311679515e-05
-0.0002738700285
0.0002738719877
2.311483598e-05
4.596660337e-05
-9.162054342e-05
-3.447371858e-05
-0.0002955599721
9.058277954e-05
-0.0001056432058
0.0002190945312
0.0003341153569
0.000132915861
-0.0003765545853
-0.0001295775163
-0.0006170513043
0.0001650927719
-0.0001819306852
0.0005400967514
0.0007124813586
0.000210084483
-0.0006876263221
-0.0001899397022
-0.0008463098943
0.0001714023679
-0.0001826342051
0.0008031174929
0.0009655015407
0.0001980634402
-0.0008797493615
-0.0001710874108
-0.0009312066178
0.0001151352916
-0.0001195248874
0.0009208275067
0.001013641214
0.0001217913106
-0.000936790876
-9.926042083e-05
1.897635582e-06
-1.417650799e-05
-5.53497281e-06
-0.0001166798025
3.186501689e-05
-4.526192522e-05
7.318075574e-05
0.0001794899134
7.515772061e-05
-0.0001669379606
-6.243084365e-05
-0.0003373160625
8.819637071e-05
-0.0001078408709
0.0002793315201
0.0004756541383
0.0001468265209
-0.0003939398896
-0.0001178533656
-0.0005406678162
0.0001085027629
-0.0001260555325
0.0004968201162
0.0007338707828
0.0001579918051
-0.0005783706375
-0.000121475919
-0.000651256802
7.901237008e-05
-9.007392597e-05
0.0006337887988
0.0008645016233
0.0001085558065
-0.0006619334901
-7.529648028e-05
0
0
0
-9.936116247e-06
8.31376675e-07
-4.262481967e-06
1.922278922e-06
4.586585968e-05
2.022916808e-05
-2.507610462e-05
-1.047230407e-05
-0.0001004172581
2.231812148e-05
-3.574935175e-05
7.168459346e-05
0.0002183695744
6.924135461e-05
-0.0001309243625
-4.347956401e-05
-0.0002204262308
4.12121387e-05
-5.645557123e-05
0.000192082112
0.000414816389
9.065923832e-05
-0.0002459835522
-5.651854454e-05
-0.0002989657109
3.370918188e-05
-4.430192194e-05
0.0002857930015
0.0005451159372
6.738003744e-05
-0.0003071713011
-3.691103253e-05
0
0
0
0
0
0
0
0
0
0
0
-1.726437437e-06
0
-6.481636718e-07
1.145861187e-07
3.91659861e-05
1.1745243e-05
-5.183814839e-06
-2.183426975e-06
-2.634202656e-05
2.778553448e-06
-8.36627834e-06
1.823234689e-05
0.000132366168
2.786485121e-05
-3.453582536e-05
-9.727026848e-06
-5.377774144e-05
4.567354567e-06
-9.483746875e-06
4.873705762e-05
0.0002105651628
2.421532939e-05
-5.698701615e-05
-8.039790884e-06
0
0
0
0
0
0
0
0
0
0
0
0
0
0
0
0
0
0
0
0
0
0
0
4.146669051e-06
2.110504047e-07
0
0
0
0
0
0
2.001777583e-05
1.409990079e-06
0
0
0
0
0
0
0
0
0
0
0
0
0
0
0
0
0
0
0
0
0
0
0
0
0
0
0
0
0
0
0
0
0
0
0
0
0
0
0
0
0
0
0
0
0
0
0
0
0
0
0
0
0
0
0
0
0
0
0
0
0
0
0
0
0
0
0
0
0
0
0
0
0
0
0
0
0
0
0
0
0
0
0
0
0
0
0
0
0
0
0
0
0
0
0
0
0
0
0
0
0
0
0
0
0
0
0
0
0
0
0
0
0
0
0
0
0
0
0
0
0
0
0
0
0
0
0
0
0
0
0
0
0
0
0
0
0
0
0
0
0
0
0
0
0
0
0
0
0
0
0
0
0
0
0
0
0
0
0
0
0
0
0
0
0
0
0
0
0
0
0
0
0
0
0
0
0
0
0
0
0
0
0
0
0
0
0
0
0
0
0
0
0
0
0
0
0
0
0
0
0
0
0
0
0
0
0
0
0
0
0
0
0
0
0
0
0
0
0
0
0
0
0
0
0
0
0
0
0
0
0
0
0
0
0
0
0
0
0
0
0
0
0
0
0
0
0
0
0
0
0
0
0
0
0
0
0
0
0
0
0
0
0
0
0
0
0
0
0
0
0
0
0
0
0
0
0
0
0
0
0
0
0
0
0
0
0
0
0
0
0
0
0
0
0
0
0
0
0
0
0
0
0
0
0
0
0
0
0
0
0
0
0
0
0
0
0
0
0
0
0
0
0
0
0
0
0
0
0
0
0
0
0
0
0
0
0
0
0
0
0
0
0
0
0
0
0
0
0
0
0
0
0
0
0
0
0
0
0
0
0
0
0
0
0
0
0
0
0
0
0
0
0
0
0
0
0
0
0
0
0
0
0
0
0
0
0
0
0
0
0
0
0
0
0
0
0
0
0
0
0
0
0
0
0
0
0
0
0
0
0
0
0
0
0
0
0
0
0
0
0
0
0
0
0
0
0
0
0
0
0
0
0
0
0
0
0
0
0
0
0
0
0
0
0
0
0
0
0
0
0
0
0
0
0
0
0
0
0
0
0
0
0
0
0
0
0
0
0
0
0
0
0
0
0
0
0
0
0
0
0
0
0
0
0
0
0
0
0
0
0
0
0
0
0
0
0
0
0
0
0
0
0
0
0
0
0
0
0
0
0
0
0
0
0
0
0
0
0
0
0
0
0
0
0
0
0
0
0
0
0
0
0
0
0
0
0
0
0
0
0
0
0
0
0
0
0
0
0
0
0
0
0
0
0
0
0
0
0
0
0
0
0
0
0
0
0
0
0
0
0
0
0
0
0
0
0
0
0
0
0
0
0
0
0
0
0
0
0
0
0
0
0
-2.310596978e-05
0.0002939082312
-2.30869072e-05
0.0002977334198
2.310841774e-05
-2.7214477e-05
0.0002977155047
2.724185176e-05
-0.0002977428794
-2.312059712e-05
0.0002753016072
-2.26517637e-05
0.000269378285
2.31302763e-05
-2.627502061e-05
0.0002696864471
2.711391434e-05
-0.0002705253408
1.137840582e-05
-1.138725447e-05
-0.0005893500478
-8.025272457e-05
0.0005893216875
-0.0006032904114
0.0006032874938
8.026431436e-05
0.001201777818
-0.0006032866102
-0.0005985096985
-0.0003008590961
0.0006032882805
5.862355816e-05
7.483656198e-05
-0.0006032953287
7.487975518e-05
-0.0005893531691
-7.487663391e-05
-0.0005515278187
-7.955887418e-05
0.0005515278187
-0.0005694329024
0.0005694559717
8.029392408e-05
0.001156233922
-0.0005703591416
-0.0005903808335
-5.84712194e-05
-0.0002826943564
0.0005695808305
5.478668647e-05
-7.49100258e-05
7.502094448e-05
-0.000569543821
7.422645945e-05
-0.0005515278187
-7.422645946e-05
7.488790277e-05
-0.0005843012087
-0.0005706470983
-7.49026881e-05
-0.0002860229961
-5.864689531e-05
0.0005706907611
2.298476061e-05
-2.301731076e-05
0.0002844666144
0.0002879087203
2.298783522e-05
0.0002879091064
2.723679245e-05
-0.0002879096968
0.0001419453771
-9.961918653e-06
1.027629118e-05
-1.045639042e-05
0.0001421254763
9.910890692e-06
0.0001415378375
1.016495907e-05
-1.036640664e-05
0.0001458223046
-0.0001452310974
0.0001454565513
9.939505164e-06
9.777226957e-06
-0.0005138803306
3.689897603e-05
-3.689897603e-05
0.0005138803306
-0.0005279975921
0.0005279975921
3.689897602e-05
0.0005279975921
5.289484134e-05
-0.0005279975921
3.156739152e-05
-0.0005279975921
3.156739149e-05
-0.0005138803306
-3.156739151e-05
0.0002741319992
1.111985375e-05
0.0002703444144
-1.11180239e-05
0.0001475658337
-1.044035887e-05
1.045300753e-05
-1.030139099e-05
0.0001474142171
0.0001466811979
0.0001500078572
-0.0001499679245
-9.824520702e-06
-9.654036653e-06
0.0001496917244
0.0002987307114
-0.0002987255174
-2.721967099e-05
-2.312282718e-05
0.0002987160548
-0.000143370522
0.0001412088426
6.268432999e-06
0.0001384695844
8.977096216e-06
-0.0001386867754
0.0002755385024
1.860341351e-05
-9.227794826e-06
-8.619497138e-06
9.538480428e-06
0.0001410233284
-0.0001403005199
0.0001406781112
0.000309849174
-0.0003100660622
-2.605813244e-05
-2.283135277e-05
0.000311093359
0.0002831212199
2.295311311e-05
-0.00027640446
1.590316621e-05
-8.502994635e-06
-8.738652041e-06
-0.0001402299937
0.0001426777352
9.018761358e-06
6.866057271e-06
-0.0001465686278
8.152003971e-06
-8.291873173e-06
0.0001440491548
-0.0001443016358
0.0001441669617
8.286678056e-06
7.188372873e-06
-0.0002865729666
2.145140734e-05
0.0002866701352
-2.007822673e-05
1.007644119e-05
-0.0001435176972
1.026446803e-05
-2.001647281e-05
-0.0001438924435
1.017071491e-05
-1.022528518e-05
0.0001419681844
0.0001434770688
1.021137285e-05
0.000286132484
-0.0001434242772
-0.0001429506279
-0.0002918922862
2.163010864e-05
0.0002918890022
-2.013963724e-05
2.021855213e-05
-0.0001459839077
-2.058595812e-05
-0.0001457104437
-2.026932453e-05
-0.000144558875
0.0002907432009
-0.0001451380501
0.0002907651485
0.0001440357496
-8.395753728e-06
8.530265235e-06
-8.784139793e-06
0.0001442896242
0.0001439555267
8.742734581e-06
-8.819672668e-06
0.0001489096451
-0.0001487471585
0.0001487783156
8.711577459e-06
8.089883688e-06
-0.0002965912008
2.168018024e-05
0.0002965977336
-2.028413243e-05
2.034363355e-05
-0.0001484662577
-2.02665556e-05
-0.0001487444583
-2.050291893e-05
-0.0001473082796
0.0002953608665
-0.0001475864974
0.0002953117166
-0.0003007099133
2.177588745e-05
0.0003007772276
2.04836293e-05
-0.000150593318
-2.023673737e-05
-0.0001494409473
0.0002993382928
-0.0001495064085
0.0002994110362
0.0001491932964
-8.928381407e-06
8.998722181e-06
-9.130430678e-06
0.0001493250049
0.000149178389
2.122640331e-05
0.0002825584737
-0.0001413292631
-0.0001410279195
9.825387015e-06
-9.883324852e-06
0.0001410151742
0.000141614752
1.00494084e-05
1.073280613e-05
-1.026050508e-05
0.0001578259614
0.0001408287035
9.834532942e-06
0.0002864672419
-0.0001408351548
-0.0001417584599
0.0001365120986
-2.5558427e-06
3.717459904e-06
-3.932642428e-06
0.0001367272811
0.0001333281725
9.211777135e-06
4.740079278e-06
-4.632294467e-06
-0.000141397126
4.2111233e-06
3.255307181e-06
-0.0001408236462
0.0001423773015
-4.947919504e-06
-0.0001419373513
4.743166265e-06
-5.215877688e-06
5.093890826e-06
4.107460091e-06
-0.0001644463424
-0.001032225184
0.0001644018402
0.001051288702
-0.001051288702
0.001049865655
-5.822944793e-05
0.0005279975921
5.822944793e-05
0.0001431176142
-7.422645944e-05
-0.0005279975921
-0.0005232911096
-6.889115482e-05
0.0001431176142
7.422645946e-05
-0.0005468213362
-0.0005327040747
-7.422645944e-05
-5.822944794e-05
0.0005327040747
-4.756485117e-05
-0.0005327040747
4.756485117e-05
0.0005374105572
-0.0005374105572
-2.445001518e-05
0.0005374105572
0.0005374105572
-1.778306903e-05
-0.0005374107065
-1.911575761e-05
4.223243644e-05
-2.178184863e-05
-2.04505878e-05
4.223243644e-05
2.178369148e-05
-0.0002741215339
-0.0002703443116
-2.178184863e-05
-0.0002703450585
-1.778232212e-05
0.0002703443116
1.032669994e-05
0.000144246317
-9.762545239e-06
-0.0001434073942
0.0001432777037
-0.0001431628342
1.029409417e-05
0.0001430396411
-1.030853584e-05
1.042340531e-05
-9.887632937e-06
-1.034994271e-05
1.011485799e-05
0.0001421989389
0.0001422446413
1.645003516e-05
-0.0002703454136
-1.644968008e-05
1.245109268e-05
-1.245144775e-05
0.0002703447695
0.0002743961061
1.245561948e-05
-2.623511638e-05
2.62351164e-05
0.0005374108094
-1.378417309e-05
-1.511725351e-05
-8.851453297e-06
8.612755005e-06
0.0001498648389
0.0001501287011
1.713161809e-05
0.0001548029994
-0.0001079277629
0.0001208676612
4.191719769e-06
-4.758760768e-05
-2.060182298e-05
-0.0002771331904
2.155498288e-05
0.0002773957457
1.974838456e-05
-0.0001382942928
-1.04606759e-05
-9.662984549e-06
0.0001534036389
1.098538608e-05
-1.99508979e-05
2.045184887e-05
0.0002764537566
-0.0001381866855
0.0002762162995
-0.0001409983832
9.759061225e-06
0.0001411635598
-9.828203034e-06
9.507931058e-06
-9.219315201e-06
9.005350886e-06
0.000141052091
0.0001412397981
-2.071775224e-06
0.0002770609529
-1.35612293e-05
-0.0002764987439
1.487298504e-05
-9.529957636e-06
0.0001398910195
-8.403087706e-06
1.406308685e-05
7.903619492e-06
-0.0001204859627
-0.0001399630797
-1.123492795e-05
-2.753091489e-06
-4.45759758e-05
-0.0002212278575
0.0001394090406
0.0001155866548
-2.145216075e-05
8.593087304e-05
-9.962616485e-05
3.514745256e-05
-0.0001130426849
7.873486601e-05
-0.0001439898928
9.492871327e-06
-8.820393633e-06
8.997462532e-06
-8.860430349e-06
-9.383999768e-06
-0.0001441487738
0.0001436551245
-0.0001440416617
0.000144656404
8.901420335e-06
9.069592138e-06
0.0001454178986
-9.358591304e-06
-0.0001446002805
0.0001448857328
-0.0001450738788
9.564290269e-06
-9.366332327e-06
9.178186354e-06
-9.529387823e-06
-8.99673285e-06
0.0001444710777
-0.0001485916455
0.0001489224235
-8.36829108e-06
-0.0001420437787
9.695145838e-06
0.0001418217886
-8.941991527e-06
9.216432778e-06
-1.001091915e-05
1.179853022e-05
0.0001461037814
0.0001455793486
-4.599653444e-06
-0.0001402229605
5.217851458e-06
0.0001408689452
-0.0001412442778
0.0001409615838
-0.0001405048351
3.928429319e-06
4.003710477e-06
4.329917167e-06
-0.0001421273868
-0.0001423851686
-0.0001456362866
9.870060051e-06
-1.003946702e-05
9.859731708e-06
-1.017655048e-05
-9.694339846e-06
-0.0001457635503
0.0001458760693
-0.0001457106774
0.0001454207237
9.649551423e-06
9.863159136e-06
0.0001483330272
-9.341696443e-06
-0.0001483871631
0.0001479489313
-0.0001477027771
9.996550116e-06
-9.837058695e-06
1.008321289e-05
-9.541197701e-06
-1.018583091e-05
0.0001473115991
-0.0001487459012
9.593775895e-06
-9.179317381e-06
9.211731814e-06
-9.25784445e-06
-9.322720971e-06
-0.0001485347295
0.0001485174321
-0.0001486284212
0.0001488203096
8.903465821e-06
9.319604289e-06
0.000149437051
-9.47640458e-06
-0.0001491769417
0.0001493661153
-0.0001494336445
9.662979939e-06
-9.484731545e-06
9.417202343e-06
-9.583828795e-06
-9.32196311e-06
0.0001494202441
3.803065384e-06
0.0001396045862
-0.0001390336018
0.0001389040248
-0.0001360004171
5.833053646e-06
-4.990989519e-06
7.894597162e-06
-5.447236039e-06
5.960060121e-06
0.0001391746422
-0.0001258842682
9.421137673e-06
0.0001277438812
-1.2901405e-05
7.884798054e-06
-6.709647222e-06
-0.0001391025064
7.137089702e-06
0.0001374216182
-0.0001362464673
0.0001360269814
-0.0001841064071
3.972233802e-06
5.431329907e-06
-1.640965459e-05
-0.0001484689265
1.0754318e-05
0.0002190085821
-0.0001494873637
0.0001440877614
-4.848295916e-05
-0.0001095849748
1.653508262e-05
-2.193468487e-05
1.224787571e-05
4.24687894e-05
-7.909206031e-05
-0.0001226462217
0
0
0
0
0
0
-2.177195325e-05
-2.50250113e-05
3.981585223e-05
-3.941568456e-05
7.13537535e-05
0
0
0
0
0
0
0
0
-3.36246605e-05
-3.476686908e-05
4.857895394e-05
-4.723707077e-05
8.566486364e-05
7.444367622e-05
4.319204922e-05
-0.0002362814177
7.310678221e-05
0.0001489322212
-0.0001005635372
0.0001038951259
-0.0003377056417
-9.53968599e-05
-0.0003294850713
-0.0006819052708
0.000565287332
0.0001934171261
-0.000211930168
0.0002159601363
-0.0007938889584
-0.0002097191164
-0.0007944543406
-0.001060031589
0.000985877626
0.0002440100631
-0.0002375768687
0.0002387575645
-0.001112192126
-0.0002367350097
-0.001123791197
-0.0002919049672
2.720866505e-05
-2.583346114e-05
2.583133259e-05
-0.0002919028387
-2.586331241e-05
-0.0002923535518
0
0
0
0
0
0
0
0
-2.539543755e-05
-1.989184379e-05
3.459629757e-05
-3.964788933e-05
5.822033777e-05
8.269758862e-05
4.68141097e-05
-0.0002235934352
7.080196467e-05
0.0001419267922
-0.0001053797849
0.0001008507519
-0.0003180645274
-0.0001079937643
-0.000333795229
-0.0006371177323
0.0005292253815
0.0001884094397
-0.0002160083667
0.0002105768659
-0.0007406042591
-0.0002190952625
-0.0007671197368
-0.0009844984071
0.0009178317092
0.0002388757535
-0.0002370549616
0.0002342555795
-0.001032949658
-0.0002385453497
-0.001058574023
0
0
0
0
0
0
0
0
-4.122231948e-06
-1.154022395e-06
1.120059711e-05
-1.68201548e-05
1.529709002e-05
4.727055534e-05
2.889194698e-05
-0.0001411354976
4.306135951e-05
8.078886437e-05
-7.744623104e-05
6.722733823e-05
-0.0002143972231
-8.665804901e-05
-0.0002448699539
-0.0004796372479
0.0003871094267
0.0001448139006
-0.000180760929
0.0001667314698
-0.0005715625356
-0.0001928592922
-0.000622148949
-0.000811911839
0.0007404824582
0.000203973571
-0.0002155600932
0.0002051852222
-0.0008719146909
-0.0002237543581
-0.0009224122164
-0.0009764804972
0.0009539847575
0.0001779818725
-0.0001637346738
0.0001611592475
-0.00098849273
-0.001013277563
-0.0009945864391
0.0009944219484
0.000100442505
-7.913141246e-05
7.913141248e-05
-0.0009945864391
-0.001013641214
-4.223243643e-05
0
0
0
0
0
0
0
0
0
0
3.144169192e-08
-8.851491641e-07
0
7.469064647e-06
6.405145046e-06
-4.669035091e-05
1.104434829e-05
1.740811474e-05
-3.443128418e-05
2.429805833e-05
-8.858272393e-05
-4.528333997e-05
-0.0001185203818
-0.0002686882429
0.0002019692536
7.916777197e-05
-0.0001160187005
9.76188245e-05
-0.0003387062198
-0.0001339838788
-0.0003992821574
-0.0005443906611
0.0004787684884
0.0001374739568
-0.0001613754582
0.0001433607476
-0.0006046650635
-0.0001779149792
-0.0006798552558
-0.0007427035299
0.0007044341023
0.0001365937835
-0.0001389061089
0.0001270868562
-0.0007731200148
-0.000148697816
-0.0008440253537
-0.0008214021618
0.0008119333168
8.36485815e-05
-7.162658455e-05
6.596917233e-05
-0.0008248493821
-7.585307782e-05
-0.000888987214
0
0
0
0
0
0
0
0
0
0
0
0
0
0
0
-6.765806633e-07
0
0
-3.141644012e-06
6.680143451e-07
-7.630397719e-06
-8.16449913e-06
-2.016899671e-05
-8.243928703e-05
4.982103125e-05
2.013194187e-05
-4.526551537e-05
3.067364214e-05
-0.0001205817509
-6.166479377e-05
-0.0001684795928
-0.0002509950796
0.0002065425992
6.026252525e-05
-8.555046597e-05
6.69812439e-05
-0.000294370294
-0.0001048695418
-0.0003693117188
-0.0004057376978
0.0003727577946
7.22836182e-05
-8.402414288e-05
6.893526754e-05
-0.000433577023
-9.911485204e-05
-0.0005215084392
-0.0004820289577
0.0004719967039
4.640685189e-05
-4.382545121e-05
3.596692333e-05
-0.0004857579596
-5.169137086e-05
-0.0005766934162
0
0
0
0
0
0
0
0
0
0
0
0
0
0
0
0
0
0
0
0
0
0
0
-1.454079886e-06
0
0
-2.879038858e-06
2.892100516e-07
-6.57179056e-06
-9.026675697e-06
-2.162279489e-05
-4.639698866e-05
3.006946749e-05
7.821800835e-06
-2.147709125e-05
1.131598102e-05
-6.433148467e-05
-3.442759493e-05
-0.0001079999141
-0.00011782166
0.0001009520225
1.822538175e-05
-2.882128462e-05
1.856613721e-05
-0.0001327034462
-4.087792003e-05
-0.0001954410558
-0.0001599566339
0.000154184638
1.348284357e-05
-1.542322341e-05
1.02606357e-05
-0.0001620878928
-2.152986357e-05
-0.0002314475386
0
0
0
0
0
0
0
0
0
0
0
0
0
0
0
0
0
0
0
0
0
0
0
0
0
0
0
0
0
0
0
0
0
0
0
0
0
-6.125505523e-07
-1.728715581e-06
-1.894351938e-06
7.614673328e-07
0
-1.013459036e-06
6.173732807e-11
-3.216538134e-06
-4.493239964e-06
-1.615058225e-05
-6.746864584e-06
5.870034189e-06
8.704658191e-08
-1.033784875e-06
8.417596305e-08
-7.08145316e-06
-3.045246522e-06
-2.583061137e-05
0
0
0
0
0
0
0
0
0
0
0
0
0
0
0
0
0
0
0
0
0
0
0
0
0
0
0
0
0
0
0
0
0
0
0
0
0
0
0
0
0
0
0
0
0
0
0
0
0
0
0
0
0
0
0
0
0
0
0
0
0
0
0
0
0
0
0
0
0
0
0
0
0
0
0
0
0
0
0
0
0
0
0
0
0
0
0
0
0
0
0
0
0
0
0
0
0
0
0
0
0
0
0
0
0
0
0
0
0
0
0
0
0
0
0
0
0
0
0
0
0
0
0
0
0
0
0
0
0
0
0
0
0
0
0
0
0
0
0
0
0
0
0
0
0
0
0
0
0
0
0
0
0
0
0
0
0
0
0
0
0
0
0
0
0
0
0
0
0
0
0
0
0
0
0
0
0
0
0
0
0
0
0
0
0
0
0
0
0
0
0
0
0
0
0
0
0
0
0
0
0
0
0
0
0
0
0
0
0
0
0
0
0
0
0
0
0
0
0
0
0
0
0
0
0
0
0
0
0
0
0
0
0
0
0
0
0
0
0
0
0
0
0
0
0
0
0
0
0
0
0
0
0
0
0
0
0
0
0
0
0
0
0
0
0
0
0
0
0
0
0
0
0
0
0
0
0
0
0
0
0
0
0
0
0
0
0
0
0
0
0
0
0
0
0
0
0
0
0
0
0
0
0
0
0
0
0
0
0
0
0
0
0
0
0
0
0
0
0
0
0
0
0
0
0
0
0
0
0
0
0
0
0
0
0
0
0
0
0
0
0
0
0
0
0
0
0
0
0
0
0
0
0
0
0
0
0
0
0
0
0
0
0
0
0
0
0
0
0
0
0
0
0
0
0
0
0
0
0
0
0
0
0
0
0
0
0
0
0
0
0
0
0
0
0
0
0
0
0
0
0
0
0
0
0
0
0
0
0
0
0
0
0
0
0
0
0
0
0
0
0
0
0
0
0
0
0
0
0
0
0
0
0
0
0
0
0
0
0
0
0
0
0
0
0
0
0
0
0
0
0
0
0
0
0
0
0
0
0
0
0
0
0
0
0
0
0
0
0
0
0
0
0
0
0
0
0
0
0
0
0
0
0
0
0
0
0
0
0
0
0
0
0
0
0
0
0
0
0
0
0
0
0
0
0
0
0
0
0
0
0
0
0
0
0
0
0
0
0
0
0
0
0
0
0
0
0
0
0
0
0
0
0
0
0
0
0
0
0
0
0
0
0
0
0
0
0
0
0
0
0
0
0
0
0
0
0
0
0
0
0
0
0
0
0
0
0
0
0
0
0
0
0
0
0
0
0
0
0
0
0
0
0
0
0
0
0
0
0
0
0
0
0
0
0
0
0
0
0
0
0
0
0
0
0
0
0
0
0
0
0
0
0
0
0
0
0
0
0
0
0
0
0
0
0
0
0
0
0
0
0
0
0
0
0
0
0
0
0
0
0
0
0
0
0
0
0
0
0
0
0
0
0
0
0
0
0
0
0
0
0
0
0
0
0
0
0
0
0
0
0
0
0
0
0
0
0
0
0
0
0
0
0
0
0
0
0
0
0
0
0
0
0
0
0
0
0
0
0
0
0
0
0
0
0
0
0
0
0
0
0
0
0
0
0
0
0
0
0
0
0
0
0
0
0
0
0
0
0
0
0
0
0
0
0
0
0
0
0
0
0
0
0
0
0
0
0
0
0
0
0
0
0
0
0
0
0
0
0
0
0
0
0
0
0
0
0
0
0
0
0
0
0
0
0
0
0
0
0
0
0
0
0
0
0
0
0
0
0
0
0
0
0
0
0
0
0
0
0
0
0
0
0
0
0
0
0
0
0
0
0
0
0
0
0
0
0
0
0
0
0
0
0
0
0
0
0
0
0
0
0
0
0
0
0
0
0
0
0
0
0
0
0
0
0
0
0
0
0
0
0
0
0
0
0
0
0
0
0
0
0
0
0
0
0
0
0
0
0
0
0
0
0
0
0
0
0
0
0
0
0
0
0
0
0
0
0
0
0
0
0
0
0
0
0
0
0
0
0
0
0
0
0
0
0
0
0
0
0
0
0
0
0
0
0
0
0
0
0
0
0
0
0
0
0
0
0
0
0
0
0
0
-2.586612522e-05
-0.0002939108182
0.0002953358283
-0.0002953284975
-2.587345602e-05
-2.724175794e-05
-2.578311886e-05
-0.0002753014909
0.000276224136
-0.000276224136
-2.578311887e-05
-2.711391435e-05
0.000594190045
-0.0002965884158
-5.845042396e-05
6.406541803e-05
-6.3999498e-05
0.0005941241249
6.405782496e-05
0.0005893244635
0.0005496115652
-0.0002773996639
-6.075490223e-05
6.356186266e-05
-6.490704455e-05
0.0005509567471
6.356186268e-05
0.0005515278187
6.406497365e-05
0.0005843074932
-0.0005795983759
0.000579592797
6.407055254e-05
-0.0002907270014
5.877428721e-05
-2.583269387e-05
2.583228351e-05
-0.0002844645506
0.0002860773784
-0.0002861052588
-2.580481343e-05
-2.721146684e-05
-0.0003008256511
2.724791736e-05
2.591431185e-05
-0.0003008227275
-0.0002825368212
2.703082934e-05
-2.580593906e-05
2.580778171e-05
-0.0002825386639
-0.0002831252403
-3.954447019e-06
6.356186267e-05
0.0005468213362
-0.0005418641511
0.0005418641511
6.356186266e-05
5.822944794e-05
1.886004899e-05
0.0002741201565
-0.000272950442
0.0002726947334
1.911575761e-05
-0.0002732121933
1.77797826e-05
-0.0002732191652
1.644794933e-05
-1.537671907e-05
1.511859007e-05
-0.0002729610362
-0.0002744135058
2.364349739e-06
2.530170142e-06
0.0001408529565
-0.0001028288443
0.000102605923
-9.575591685e-05
-0.0003275743644
0.0002207820617
-0.0003282027947
0.0001338585609
0.0004431753785
-0.0005647522945
0.0001270118726
0.0001260464444
-0.0002084672257
-0.0008019384311
0.0006878060574
-0.000807159373
0.0009178163466
-0.001015084843
0.0002259629785
0.0002271175264
-0.0002360415492
-0.001139362455
0.001094992471
-0.001154167348
0.001190210854
0.0002251032583
0.0002255053077
-0.0001064989208
-0.0003449655745
0.0002467157195
-0.0003504862171
0.0001568961757
0.0004637969527
-0.0001660620225
-0.0005818567259
0.0001383545447
-0.0001355849964
0.0001397711517
0.0001318591447
-0.0004489282767
-0.0002185015758
-0.0007892462256
0.0006996884587
-0.0008123474154
0.0009150414333
-0.000241940387
-0.001003557792
0.0002346433065
-0.0002324586178
0.0002348616649
0.000228644799
-0.0008966269167
-0.0002395187273
-0.001081955196
0.001074179779
-0.001123974608
0.001151042243
-0.0002083392211
0.0002267974242
-0.0002265416006
0.000225494508
0.0002260006509
-0.001141863949
-2.583157684e-05
-0.0002891179944
2.583181828e-05
0.0002907787374
-0.0002907789817
0.0002907748264
-2.302915388e-05
2.445527044e-05
-2.445942575e-05
2.44242894e-05
2.443643008e-05
-2.446820018e-05
-0.0002919258344
-9.454387841e-05
-0.0002727835196
0.0002071777253
-0.0002975014036
0.0001296466757
0.0003968445801
-0.0001616219712
-0.0005010929041
0.0001247270333
-0.000131807487
0.0001158053953
0.0001368635601
-0.0004213791318
-0.0002028363939
-0.0006673871036
0.0006059628256
-0.0007072033736
0.0008007785319
-0.0002364331696
-0.0008830464764
0.0002195301391
-0.0002268716995
0.0002099637409
0.0002319777132
-0.000835452689
-0.0002299090428
-0.0009653616325
0.0009509476864
-0.001002161637
0.001035259512
-0.000206173622
0.0002202022831
-0.0002230526454
0.0002157660586
0.0002247008758
-0.001061564172
2.445001518e-05
-2.445001519e-05
-0.0002729493485
2.445001519e-05
-0.0002729493485
2.311483599e-05
-5.636569637e-05
-0.0001501704971
0.0001163322324
-0.0001825449663
6.305308182e-05
0.0002588972565
-0.0001198899515
-0.0003422814973
8.068227602e-05
-9.34529921e-05
6.738696012e-05
0.0001052788321
-0.0002975143893
-0.0001510238616
-0.0004590408692
0.0004294176941
-0.0005170197912
0.0006019475693
-0.0001970086759
-0.0006813547111
0.0001687773149
-0.0001844274889
0.0001515692758
0.000198221267
-0.0006595217619
-0.0001925984006
-0.0007500447016
0.0007528445029
-0.0008145931773
0.000865455117
-0.0001915223416
-0.0009050499063
0.0001900198141
-0.0002008513565
0.0001769562093
0.0002093965333
-0.000919358112
-0.0001561610076
-0.0009041772208
0.0009337937415
-0.0009528719368
0.000964121112
-0.000121574539
-0.0009697722648
0.000138709241
-0.0001420532111
0.0001329213929
0.0001430707636
-0.0009929790159
-7.839909847e-05
-0.0009386875291
0.0009720627496
-0.0009727399775
5.72286786e-05
-5.780250793e-05
5.522550333e-05
5.780250789e-05
-2.623511639e-05
-1.537633557e-05
-3.842417335e-05
2.842609207e-05
-6.155552969e-05
7.635433923e-06
0.0001053074031
-5.987592899e-05
-0.0001576575814
2.91048207e-05
-4.109051367e-05
1.859253128e-05
5.402207707e-05
-0.0001411051828
-7.931021121e-05
-0.0002218592721
0.0002163739382
-0.0002791327928
0.0003436255591
-0.0001275747689
-0.0004076586963
9.476082099e-05
-0.0001140676653
7.582976931e-05
0.0001331761614
-0.0004095156449
-0.0001243398402
-0.0004475618016
0.0004692562918
-0.0005267336857
0.0005787505164
-0.000142730425
-0.0006243480558
0.0001270716905
-0.0001450802047
0.0001083802773
0.0001618590678
-0.0006582925387
-0.000113653997
-0.0006094801951
0.0006629432051
-0.0006942907308
0.0007184187443
-0.0001000742042
-0.0007355280627
0.0001030257769
-0.0001147315115
9.019961872e-05
0.0001248305001
-0.0007960222716
-5.920087409e-05
-0.0006658855566
0.0007458794634
-0.0007496883173
4.22737027e-05
-4.750247281e-05
3.653729746e-05
5.191131209e-05
0
0
0
-1.439005934e-06
0
9.520623036e-06
-1.086760792e-05
-2.607805164e-05
8.627239373e-07
-4.013431824e-06
0
1.006854958e-05
-2.438226159e-05
-1.8433409e-05
-4.610678028e-05
4.984334687e-05
-7.937432868e-05
0.0001131380023
-5.156473166e-05
-0.0001495762566
2.71536988e-05
-4.145427835e-05
1.547198738e-05
5.786843818e-05
-0.0001625234618
-4.976031647e-05
-0.0001618860891
0.0001871731154
-0.0002245066879
0.0002602893933
-7.311417811e-05
-0.0002934026376
5.416945691e-05
-7.13324411e-05
3.865093758e-05
8.960165722e-05
-0.0003353329891
-5.43924506e-05
-0.0002679776076
0.0003229100231
-0.0003480581688
0.0003682714906
-5.565693206e-05
-0.0003831323066
5.023657893e-05
-6.329046918e-05
3.806241045e-05
7.678051277e-05
-0.0004557758372
-2.844645492e-05
-0.0003102151531
0.0003923588673
-0.0003957868195
1.932244294e-05
-2.478862267e-05
1.440313764e-05
3.061150442e-05
0
0
0
0
0
0
0
0
0
0
0
0
0
0
0
0
-7.273066925e-07
3.902554554e-06
-4.418377157e-06
-1.051504801e-05
4.339391147e-08
-1.692050669e-06
0
6.862498707e-06
-1.643084405e-05
-4.280344008e-06
-1.092112438e-05
2.012148782e-05
-3.177018077e-05
4.453340657e-05
-1.680756772e-05
-5.753940128e-05
6.464058833e-06
-1.442796831e-05
1.621376148e-06
2.526881085e-05
-8.283603077e-05
-1.039071447e-05
-4.217985248e-05
6.999621732e-05
-8.120961724e-05
9.059803924e-05
-1.607546913e-05
-9.770032052e-05
1.030029535e-05
-1.782207196e-05
4.757200892e-06
2.715625113e-05
-0.0001449845847
-6.123608708e-06
-5.817044292e-05
0.0001021806027
-0.000103832098
3.927205554e-06
-6.663214517e-06
1.935313133e-06
1.01615199e-05
0
0
0
0
0
0
0
0
0
0
0
0
0
0
0
0
0
0
0
0
0
0
0
0
0
0
0
0
0
0
0
0
0
0
0
2.259647393e-08
-8.137176894e-08
0
0
0
-3.220566389e-10
1.0857098e-07
-5.730274922e-08
-3.079236436e-07
0
-1.749844694e-08
0
1.307672979e-06
-4.608594577e-06
0
0
4.799316582e-07
-5.50953004e-07
0
-5.477481262e-08
0
6.552021236e-07
0
0
0
0
0
0
0
0
0
0
0
0
0
0
0
0
0
0
0
0
0
0
0
0
0
0
0
0
0
0
0
0
0
0
0
0
0
0
0
0
0
0
0
0
0
0
0
0
0
0
0
0
0
0
0
0
0
0
0
0
0
0
0
0
0
0
0
0
0
0
0
0
0
0
0
0
0
0
0
0
0
0
0
0
0
0
0
0
0
0
0
0
0
0
0
0
0
0
0
0
0
0
0
0
0
0
0
0
0
0
0
0
0
0
0
0
0
0
0
0
0
0
0
0
0
0
0
0
0
0
0
0
0
0
0
0
0
0
0
0
0
0
0
0
0
0
0
0
0
0
0
0
0
0
0
0
0
0
0
0
0
0
0
0
0
0
0
0
0
0
0
0
0
0
0
0
0
0
0
0
0
0
0
0
0
0
0
0
0
0
0
0
0
0
0
0
0
0
0
0
0
0
0
0
0
0
0
0
0
0
0
0
0
0
0
0
0
0
0
0
0
0
0
0
0
0
0
0
0
0
0
0
0
0
0
0
0
0
0
0
0
0
0
0
0
0
0
0
0
0
0
0
0
0
0
0
0
0
0
0
0
0
0
0
0
0
0
0
0
0
0
0
0
0
0
0
0
0
0
0
0
0
0
0
0
0
0
0
0
0
0
0
0
0
0
0
0
0
0
0
0
0
0
0
0
0
0
0
0
0
0
0
0
0
0
0
0
0
0
0
0
0
0
0
0
0
0
0
0
0
0
0
0
0
0
0
0
0
0
0
0
0
0
0
0
0
0
0
0
0
0
0
0
0
0
0
0
0
0
0
0
0
0
0
0
0
0
0
0
0
0
0
0
0
0
0
0
0
0
0
0
0
0
0
0
0
0
0
0
0
0
0
0
0
0
0
0
0
0
0
0
0
0
0
0
0
0
0
0
0
0
0
0
0
0
0
0
0
0
0
0
0
0
0
0
0
0
0
0
0
0
0
0
0
0
0
0
0
0
0
0
0
0
0
0
0
0
0
0
0
0
0
0
0
0
0
0
0
0
0
0
0
0
0
0
0
0
0
0
0
0
0
0
0
0
0
0
0
0
0
0
0
0
0
0
0
0
0
0
0
0
0
0
0
0
0
0
0
0
0
0
0
0
0
0
0
0
0
0
0
0
0
0
0
0
0
0
0
0
0
0
0
0
0
0
0
0
0
0
0
0
0
0
0
0
0
0
0
0
0
0
0
0
0
0
0
0
0
0
0
0
0
0
0
0
0
0
0
0
0
0
0
0
0
0
0
0
0
0
0
0
0
0
0
0
0
0
0
0
0
0
0
0
0
0
0
0
0
0
0
0
0
0
0
0
0
0
0
0
0
0
0
0
0
0
0
0
0
0
0
0
0
0
0
0
0
0
0
0
0
0
0
0
0
0
0
0
0
0
0
0
0
0
0
0
0
0
0
0
0
0
0
0
0
0
0
0
0
0
0
0
0
0
0
0
0
0
0
0
0
0
0
0
0
0
0
0
0
0
0
0
0
0
0
0
0
0
0
0
0
0
0
0
0
0
0
0
0
0
0
0
0
0
0
0
0
0
0
0
0
0
0
0
0
0
0
0
0
0
0
0
0
0
0
0
0
0
0
0
0
0
0
0
0
0
0
0
0
0
0
0
0
0
0
0
0
0
0
0
0
0
0
0
0
0
0
0
0
0
0
0
0
0
0
0
0
0
0
0
0
0
0
0
0
0
0
0
0
0
0
0
0
0
0
0
0
0
0
0
0
0
0
0
0
0
0
0
0
0
0
0
0
0
0
0
0
0
0
0
0
0
0
0
0
0
0
0
0
0
0
0
0
0
0
0
0
0
0
0
0
0
0
0
0
0
0
0
0
0
0
0
0
0
0
0
0
0
0
0
0
0
0
0
0
0
0
0
0
0
0
0
0
0
0
0
0
0
0
0
0
0
0
0
0
0
0
0
0
0
0
0
0
0
0
0
0
0
0
0
0
0
0
0
0
0
0
0
0
0
0
0
0
0
0
0
0
0
0
0
0
0
0
0
0
0
0
0
0
0
0
0
0
0
0
0
0
0
0
0
0
0
0
0
0
0
0
0
0
0
0
0
0
0
0
0
0
0
0
0
0
0
0
0
0
0
0
0
0
0
0
0
0
0
0
0
0
0
0
0
0
0
0
0
0
0.0002952943713
-2.308862449e-05
2.447078709e-05
-2.45049133e-05
2.447550022e-05
0.0002977401822
-2.448226255e-05
-0.0002966175268
0.0002965881138
-0.000296588322
-2.587366424e-05
-2.587636147e-05
0.0002762220605
-2.312635811e-05
2.444989883e-05
-2.445197435e-05
2.445197434e-05
0.0002700604751
-2.513416443e-05
-0.0002773996639
0.0002773996639
-0.0002773996639
-2.578311886e-05
-2.624798458e-05
1.16576663e-05
6.405570294e-05
0.0006032952192
-0.0005984449145
0.0005985011195
-0.0002995410689
-0.0005984973598
7.486668241e-05
0.0005984672394
-6.945855136e-05
6.946231106e-05
-6.9500369e-05
6.947166341e-05
0.000594086067
0.0005940761155
6.404002444e-05
0.0005696278711
-6.408706501e-05
-0.0005913101823
0.0005904431622
-0.0002874292241
-0.0005902198856
7.510485195e-05
0.0005901359781
-6.961559675e-05
6.983887333e-05
-6.953154671e-05
-6.889115481e-05
6.889115481e-05
0.0005519044656
0.0005527828581
-0.0005795821817
7.489743487e-05
0.0005795726496
-6.947794785e-05
6.948856309e-05
-6.949582082e-05
-0.0005706828242
0.0005747674511
-0.0005747747089
0.0005747621979
0.0005747832844
-0.0002867467861
6.407912807e-05
0.0002861044963
-2.298932303e-05
2.439674216e-05
-2.43975047e-05
2.439880597e-05
2.442272808e-05
0.0002879102817
-0.0002866686474
0.0002866938708
-0.0002867214605
-2.583240318e-05
4.223243641e-05
0.0005279975921
-0.0005232911096
0.0005232911096
4.223243643e-05
-0.0005232911096
3.689897602e-05
-0.0005232911096
5.289484134e-05
0.0005232911096
-4.756485116e-05
4.756485116e-05
-0.0005232911096
3.15673915e-05
-2.623511641e-05
2.623511639e-05
0.0002729511997
1.111845856e-05
-9.676377324e-06
-0.000149875376
0.0001505441421
-0.0001504826711
0.0001503658542
9.660056145e-06
-2.585351274e-05
-0.0002987483662
0.0002995128225
-0.0002994520234
0.0002994472929
-2.315908396e-05
2.45145739e-05
-2.451930438e-05
-0.0003007855637
6.966670385e-06
0.0001396735021
-0.0001397183587
0.0001389330648
-0.0001413271728
-0.0001384373841
-8.123816399e-06
-2.581839893e-05
-0.0003104956478
0.0002864565271
-0.0002864671444
0.0002866091168
-2.297322765e-05
2.453645326e-05
-2.439448087e-05
2.43947856e-05
-0.0002825383591
9.839347993e-06
0.000145086263
-0.0001401711288
0.0001415074822
-0.000141969078
-9.271953165e-06
0.0001422535981
-1.023424197e-05
1.034568344e-05
-1.038340357e-05
1.03124714e-05
1.031725957e-05
-0.0001430167719
0.0001413096533
-9.953180073e-06
1.020261381e-05
-1.022222355e-05
1.018986857e-05
1.029061295e-05
-0.0001412597881
0.0001452914925
-9.972648958e-06
9.77460471e-06
-1.010863003e-05
9.073171166e-06
1.018341727e-05
-0.0001416836726
-0.0005418641511
0.0005418641511
7.422645945e-05
-6.889115481e-05
6.889115481e-05
0.0005374105572
6.356186268e-05
0.0005374105572
6.356186266e-05
0.0005327040747
-0.0002729493485
2.178369148e-05
-2.045047145e-05
2.019585634e-05
-2.04505878e-05
-0.0002703443116
0.0002715179966
-0.0002717727281
0.0002715198395
0.0002717727281
-0.0002717752676
1.911575761e-05
-1.511747269e-05
-0.0002703451944
0.0002717769984
-0.000271775881
0.0002717742163
-1.270520755e-05
-0.0002715204566
1.378459797e-05
-1.378626264e-05
1.404568721e-05
-0.0002727016116
1.071657303e-05
-0.0001290662827
-0.0001216262711
6.883668912e-06
-2.632705392e-05
7.306705781e-06
-8.95712675e-06
0.0001139362338
-4.756485117e-05
-0.0005138803306
0.0005183448535
-0.0005183448535
0.0005747523544
-8.029886323e-05
8.562944284e-05
-8.567505076e-05
8.550353299e-05
8.563861802e-05
-8.566130002e-05
-0.0005795648888
8.488746829e-05
-8.488746827e-05
-0.0005418641511
0.0002715198395
2.445001518e-05
0.0005940636155
-8.024022459e-05
8.565150374e-05
-8.558902646e-05
8.560739587e-05
-0.0005984913291
0.0005534387514
-8.021476748e-05
8.488746828e-05
-8.443466428e-05
8.460036311e-05
-0.0005902151347
0.0005183448535
-0.0005183448535
4.223243644e-05
-2.62351164e-05
0.0005183448535
6.356186265e-05
-0.0005232911096
-6.889115481e-05
0.0005374105572
6.657530545e-05
1.859715481e-05
1.907009538e-05
8.485192119e-05
-4.537686539e-05
2.412901394e-05
-2.278525741e-05
2.528471434e-05
2.136692753e-05
-7.934503948e-05
6.817972098e-05
-4.378890368e-05
1.908462146e-05
-2.192424158e-05
1.571715837e-05
2.403780377e-05
-7.650911857e-05
2.505607992e-05
-2.284883234e-05
5.168041762e-06
-8.442450867e-06
2.614734325e-06
1.207029756e-05
-3.595878769e-05
2.400429626e-07
-2.867029774e-06
0
-1.189828119e-07
0
1.003630239e-06
-2.30412836e-06
0
0
0
0
0
0
0
0
0
0
0
0
0
0
0
0
0
0
0
0
0
0
0
0
0
0
0
0
0
0
0
0
0
0
0
0
0
0
0
0
0
0
0
0
0
0
0
0
0
0
0
0
0
0
0
0
0
0
0
0
0
0
0
0
0
0
0
0
0
0
0
0
0
0
0
0
0
0
0
0
0
0
0
0
0
0
0
0
0
0
0
0
0
0
0
0
0
0
0
0
0
0
0
0
0
0
0
0
0
0
0
0
0
0
0
0
0
0
0
0
0
0
0
0
0
0
0
0
0
0
0
0
0
0
0
0
0
0
0
-0.0001402978244
1.340182543e-05
-1.340153859e-05
-0.0001403245937
1.021309847e-05
-1.018632923e-05
7.781849547e-06
-7.781704412e-06
-0.0001402836586
1.350593635e-05
-0.0001403880581
1.031749798e-05
7.860351042e-06
0.0001169556295
-3.534480467e-05
3.579471005e-05
0.0001166652408
-2.730909321e-05
2.75994819e-05
-2.104643323e-05
2.131106054e-05
-0.0001256210512
8.72606156e-06
-1.144661835e-05
-0.0001235938281
6.69699188e-06
-8.724214993e-06
5.123241667e-06
-6.668902499e-06
-0.0001189420378
1.327059893e-05
-1.366724103e-05
-0.0001186513305
1.010818761e-05
-1.039889494e-05
7.703191326e-06
-7.941234665e-06
-0.0002087013674
-6.187500673e-06
-4.883187234e-06
-0.000139648021
1.354731846e-05
-1.361050883e-05
-0.0001395875969
1.030910289e-05
-1.036952704e-05
7.880460684e-06
-7.938756253e-06
0.0001106593234
-3.842746791e-05
3.829221401e-05
0.0001107151688
-2.963333879e-05
2.95774934e-05
-2.284890927e-05
2.279368483e-05
0.000117112222
-3.491636268e-05
3.523662156e-05
0.0001168179374
-2.693381504e-05
2.722809969e-05
-2.080557802e-05
2.096531632e-05
-0.0001391287134
1.359795756e-05
-0.0001391935552
1.037394475e-05
7.929244207e-06
-0.0001445882799
-1.243346562e-05
1.246035768e-05
-0.0001446153493
-9.459764648e-06
9.48683412e-06
-7.216722835e-06
7.271063708e-06
-0.0001383555376
-1.246065319e-05
-0.0001383282143
-9.487087947e-06
-7.243912467e-06
-0.0001448420236
1.283980489e-05
-0.0001451401678
9.784978327e-06
7.460501878e-06
-0.0001448376427
1.324634556e-05
-0.0001451357989
1.008313446e-05
7.677360871e-06
-0.0001402940824
-1.311126776e-05
-0.0001404786042
-1.000180749e-05
-7.649871336e-06
-0.0001399340132
1.376816252e-05
-0.0001400912302
1.047471502e-05
8.017507495e-06
0.0002021653954
3.467493632e-05
0.0002019507263
2.677322504e-05
-2.65585559e-05
2.06444304e-05
-2.048356577e-05
-0.0001426760915
-1.284114364e-05
1.305500536e-05
-0.0001428902182
-9.759057228e-06
9.973183953e-06
-7.434602666e-06
7.59519399e-06
-0.0001433451908
-1.268062822e-05
-0.0001434521429
-9.652105116e-06
-7.35433055e-06
0.0001239244265
-3.539811904e-05
0.0001239778067
-2.736247339e-05
-2.107300141e-05
-0.0001426833044
1.313560856e-05
-0.0001427100647
9.999944208e-06
7.648838552e-06
-0.0001412619795
1.316221246e-05
-0.0001412619037
9.999868365e-06
7.648611867e-06
0.0001157140381
3.632454596e-05
-3.632405664e-05
0.0001157404093
2.802355377e-05
-2.804992493e-05
2.162903855e-05
-2.162871371e-05
-0.0001398668288
-1.302222385e-05
-0.0001386590573
-9.931986496e-06
-7.579283417e-06
-0.0001228020633
-1.248805374e-05
-0.0001228022092
-9.486942072e-06
-7.243915058e-06
-0.0002022521189
-1.24879311e-05
-0.0002022521604
-9.486900615e-06
-7.271240879e-06
-0.000144488579
-1.316569474e-05
1.289594089e-05
-0.0001442727906
-1.005646793e-05
9.840679497e-06
-7.650668858e-06
7.515844e-06
-0.0001445335252
-0.0001445068587
-0.0001343143221
-0.0001342079419
-0.000139686351
-0.000139581163
0.0001934140568
3.824636802e-05
-3.744561482e-05
0.0001927940943
2.953042547e-05
-2.891046297e-05
2.277166469e-05
-2.228072147e-05
0.0001119081193
0.000111805206
0.0001187749444
0.0001186143544
-0.0001443203416
1.273447932e-05
-0.0001441856024
9.705940384e-06
7.4081369e-06
-0.0001439000235
-0.0001438461883
0.0001205242495
-3.555748384e-05
0.0001206304772
-2.746870108e-05
-2.117945212e-05
-0.0001307047244
1.345389838e-05
-0.0001309701593
1.026530329e-05
7.834358881e-06
0.0001143038502
3.637658483e-05
0.0001142515894
2.807581451e-05
2.16548979e-05
-0.0001405346211
-0.0001400926629
0.0001196980406
2.645072597e-05
2.043001728e-05
-2.03487606e-05
0.0001177522324
0.0001649275975
2.321935029e-05
-3.402619738e-05
0.000173293661
1.787652084e-05
-2.624258438e-05
1.378427549e-05
-2.021977186e-05
-0.000148999983
1.209756224e-05
-1.187503244e-05
-0.0001491946151
9.235682308e-06
-9.041050165e-06
7.02060197e-06
-6.881477947e-06
0.000113695914
3.708324131e-05
-3.700545505e-05
0.0001136441581
2.862567697e-05
-2.857392113e-05
2.210003624e-05
-2.202161369e-05
0.0001041955306
1.563520651e-05
1.21789077e-05
0.0001126492482
0.0001123644622
-0.0001477085267
-1.257042688e-05
1.254275783e-05
-0.0001476810073
-9.569305912e-06
9.541786512e-06
-7.326558597e-06
7.298729138e-06
-0.0001353079584
-1.251544481e-05
-0.0001352804826
-9.514376484e-06
-7.271253794e-06
-0.0001480002334
-1.259803275e-05
-0.0001479724933
-9.597046053e-06
-7.326463039e-06
-0.0001486716502
1.245913495e-05
-0.0001489218872
9.485919273e-06
7.215234117e-06
0.0002007336624
0.0002004930611
0.0001146898268
-3.677015194e-05
3.69269312e-05
0.0001145325204
-2.836442916e-05
2.852173549e-05
-2.1864574e-05
2.199577273e-05
0.0001964989843
0.0001962103697
0.0001978077816
0.0001973573386
0.0001071442134
-3.71457349e-05
0.0001095703474
-2.866871835e-05
-2.211880446e-05
6.881647246e-06
-0.000149570924
-0.0001495988591
-0.0001963414066
-0.0001964749982
0.0001946298391
-3.697908923e-05
0.0001946036085
-2.85476905e-05
-2.202183423e-05
-0.0001474159965
1.251533252e-05
-0.000147416167
9.541957058e-06
7.29885342e-06
-0.0001457278516
-0.0001457002711
-0.0001482331811
-1.259809804e-05
-0.0001482333655
-9.596861719e-06
-7.326430963e-06
-0.0001483038776
-0.00014841482
0.0001130341897
0.0001130082347
0.0001905017709
3.809430466e-05
0.000190665866
2.941339834e-05
2.268869111e-05
0.0001101142386
0.0001108589186
)
;

boundaryField
{
    topAndBottom
    {
        type            calculated;
        value           uniform 0;
    }
    inlet
    {
        type            calculated;
        value           nonuniform List<scalar> 0();
    }
    outlet
    {
        type            calculated;
        value           uniform 0;
    }
    wing
    {
        type            calculated;
        value           nonuniform List<scalar> 
70
(
4.118194867e-05
-0.0001403247388
-0.0001404665596
0.0001164006135
-0.0001220481673
-0.0001184132871
-0.0001986949385
-0.0001395293013
0.0001107703932
0.0001166581991
-0.0001392423387
-0.0001446696902
-0.0001383010247
-0.000145329606
-0.0001453526579
-0.0001406104372
-0.0001402483867
0.0002017898616
-0.0001430508095
-0.0001435324151
0.0001240043749
-0.0001427637093
-0.000141261677
0.0001157400844
-0.0001377486764
-0.0001228022066
-0.0002022248345
-0.0001441379657
-0.0001444801667
-0.000134154622
-0.0001395024118
0.0001923031511
0.0001117279614
0.0001184532068
-0.0001440778953
-0.0001437923819
0.0001207369279
-0.0001311559063
0.0001142257301
-0.0001397427021
-3.167251088e-05
0.000119616784
0.0001176986839
0.0001797291574
-0.0001493337392
0.0001135657356
0.0001058008984
0.000112183777
-0.0001476531778
-0.0001352804697
-0.0001479725888
-0.0001491165193
0.0002002789253
0.0001144013217
0.0001960006936
0.0002033518151
0.0001970396854
0.00011146938
-0.0001498612628
-0.0001495986898
-0.000196581874
0.000194603829
-0.0001474162913
-0.0001456726714
-0.0001482333975
-0.0001485260169
0.0001129821732
0.0001907708597
0.0001114288052
6.296156677e-05
)
;
    }
    front
    {
        type            empty;
        value           nonuniform List<scalar> 0();
    }
    back
    {
        type            empty;
        value           nonuniform List<scalar> 0();
    }
    procBoundary1to0
    {
        type            processor;
        value           nonuniform List<scalar> 
49
(
0
0
0
0
0
0
0
-7.402112226e-06
-0.0003023376061
-2.728136243e-05
-2.18432018e-05
-7.273492333e-06
-0.0001872332976
-8.026139681e-05
-5.871513645e-05
-7.48316447e-05
-2.316742e-05
-9.763391176e-06
-9.103305775e-06
-2.059236741e-05
0
0
-6.003444078e-05
-9.080920476e-05
-0.0001816189122
-0.000205249652
-0.0002383953514
-0.0002349980045
-9.77687303e-06
-9.891189821e-06
-2.591723545e-05
-0.0001536806203
-0.0001231998805
-0.0002344578199
-0.000223209663
-0.0002078089959
-0.0002245579751
-6.406264158e-05
-6.945866084e-05
-9.87369659e-06
-9.737848314e-06
-2.45564682e-05
-8.560651227e-05
-3.474725672e-05
-1.537381802e-05
-6.881510995e-06
-1.18472482e-05
0.0001498611265
-9.01311506e-06
)
;
    }
    procBoundary1to3
    {
        type            processor;
        value           nonuniform List<scalar> 
136
(
-0.0001426846968
-6.014998439e-06
-0.0001389151166
-0.000144524781
-0.0001409060201
-0.0001405774439
-0.000136278087
-0.0001346362988
-0.0001174324809
-0.000183442596
-0.0002024335804
-0.0001394486673
-0.0001377101151
-0.0001430801109
-0.0001190163707
-0.0001393078281
-0.000937348763
-0.001013641214
-0.0006631413119
-0.0008870033495
-0.0003080226766
-0.0005739663732
-5.725641734e-05
-0.0002295415774
0
-2.525043995e-05
0
0
0
0
0
0
0
0
0
0
0
0
0
0
0
0
0
0
0
0
0
0
0
0
0
0
0
0
0
0
0
0
0
0
-0.0001445254128
-1.100093808e-05
-0.0002753064192
-0.0002738734471
1.111801226e-05
-0.0002703444028
-0.0001441766817
-0.0001426484192
-0.0005327040747
-0.00053741066
1.526027196e-06
-0.0001395682269
-0.0001389304267
-0.0001432859782
-0.0001415326497
-0.0001404510223
-0.0009722560654
-0.0009945864391
-0.0007470427953
-0.0008224461114
-0.0003933528851
-0.0004831397412
-0.0001025778349
-0.0001604983772
-4.943257709e-07
-6.816621472e-06
0
0
0
0
0
0
0
0
0
0
0
0
0
0
0
0
0
0
0
0
0
0
0
0
0
0
0
0
0
0
0
0
0
0
-0.0002218845857
-0.0002762283321
-0.0005279975921
-0.0005232911096
-0.0002729498045
-0.0001422321555
-0.0001402122606
-0.0005183448535
-0.0005138803306
-0.0002715200219
-3.440675134e-05
-0.0001197790315
-2.636973513e-05
-0.0001178600623
-0.0002034597661
-2.024080959e-05
)
;
    }
}


// ************************************************************************* //
