/*--------------------------------*- C++ -*----------------------------------*\
| =========                 |                                                 |
| \\      /  F ield         | OpenFOAM: The Open Source CFD Toolbox           |
|  \\    /   O peration     | Version:  v2012                                 |
|   \\  /    A nd           | Website:  www.openfoam.com                      |
|    \\/     M anipulation  |                                                 |
\*---------------------------------------------------------------------------*/
FoamFile
{
    version     2.0;
    format      ascii;
    class       surfaceScalarField;
    location    "0.52";
    object      meshPhi;
}
// * * * * * * * * * * * * * * * * * * * * * * * * * * * * * * * * * * * * * //

dimensions      [0 3 -1 0 0 0 0];
oriented        oriented;


internalField   nonuniform List<scalar> 
6430
(
0
0
0
0
0
0
0
0
0
0
0
0
0
0
0
0
2.109140697e-05
0
-2.72907346e-05
-2.829200095e-05
-3.313413354e-05
0.0001310809078
0.0001476496325
-0.0001395027055
-0.0002369276137
0.0003541515868
0.0005811840707
-0.0003594821665
-0.0007036941058
0.0004376834638
0.001025643069
-0.0004389164793
-0.001105558771
0.0003243858113
0.001203529237
-0.0003248101966
-0.0005967314373
-0.000606373414
4.156798254e-05
0.0002968265261
-4.164919246e-05
-0.0002967453161
0
0
0
0
0
0
0
0
0
0
0
0
0
0
0
0
3.090535436e-05
0
-2.560393004e-05
-4.192783148e-05
-3.928134057e-05
0.0001521944896
0.0001885661047
-0.0001478952932
-0.0002944981854
0.0003731705429
0.0006877482847
-0.0003675210815
-0.0008256175771
0.0004436439577
0.001180638282
-0.0004400571023
-0.001263091464
0.0003200578761
0.001359120246
-0.0003200578761
-0.0006748843891
-0.0006842358568
4.029072551e-05
0.0006748843891
-7.784220574e-05
3.755148022e-05
-0.0003360765053
-0.0003388078839
0
0
0
0
0
0
0
0
0
0
0
0
0
0
0
0
1.613391302e-05
0
-5.989755124e-06
-2.100546127e-05
-1.342658178e-05
0.0001173642809
0.0001466257976
-0.0001025427441
-0.0002462902282
0.0003255090197
0.0006403038797
-0.0003037324369
-0.0007854686167
0.0004110414736
0.001185317535
-0.0003945268354
-0.001290928634
0.0003176460821
0.001484348794
-0.000313407904
-0.00150682054
7.784220574e-05
0.001514169153
-0.0001447301099
-0.001514169153
6.688790421e-05
0
0
0
0
0
0
0
0
0
0
0
0
0
0
0
0
1.471935613e-07
0
0
-1.250396081e-07
0
5.244402405e-05
5.391325017e-05
-3.650638939e-05
-0.0001206653885
0.0002202502836
0.0004408693455
-0.0001884129278
-0.000572652768
0.0003231096549
0.0009753180406
-0.000292624533
-0.001097370021
0.0002810135832
0.001384470898
-0.0002631571972
-0.001449675638
0.0001395909374
0.001560957573
-0.0001337345903
-0.001575133819
0
0
0
0
0
0
0
0
0
0
0
0
0
0
0
0
0
0
0
0
0
3.991000536e-06
1.319569877e-07
-6.651887932e-07
-9.901825531e-06
9.313078441e-05
0.0001690073961
-6.505114541e-05
-0.0002565087824
0.0001888212598
0.0005683506882
-0.0001530665829
-0.0006756719103
0.0001919491701
0.0009615785947
-0.0001643289416
-0.00103710031
0.0001046454906
0.001186206715
-9.199833273e-05
-0.001208453794
0
0
0
0
0
0
0
0
0
0
0
0
0
0
0
0
0
0
0
0
0
0
0
0
0
7.838893917e-06
4.720787191e-06
-1.240284717e-06
-2.18426484e-05
5.783009696e-05
0.0001503679867
-3.400758664e-05
-0.0002088447948
8.164827098e-05
0.0003894669452
-5.742589789e-05
-0.0004428151622
5.086317683e-05
0.0005553056006
-3.779929178e-05
-0.0005728998829
0
0
0
0
0
0
0
0
0
0
0
0
0
0
0
0
0
0
0
0
0
0
0
0
0
0
0
0
0
1.918950855e-07
0
0
-8.29872064e-07
7.75456073e-06
2.26233129e-05
-1.231378708e-06
-3.504249578e-05
7.983283445e-06
6.836351411e-05
-2.667485935e-06
-7.430232919e-05
0
0
0
0
0
0
0
0
0
0
0
0
0
0
0
0
0
0
0
0
0
0
0
0
0
0
0
0
0
0
0
0
0
0
0
0
0
0
0
0
0
0
0
0
0
0
0
0
0
0
0
0
0
0
0
0
0
0
0
0
0
0
0
0
0
0
0
0
0
0
0
0
0
0
0
0
0
0
0
0
0
0
0
0
0
0
0
0
0
0
0
0
0
0
0
0
0
0
0
0
0
0
0
0
0
0
0
0
0
0
0
0
0
0
0
0
0
0
0
0
0
0
0
0
0
0
0
0
0
0
0
0
0
0
0
0
0
0
0
0
0
0
0
0
0
0
0
0
0
0
0
0
0
0
0
0
0
0
0
0
0
0
0
0
0
0
0
0
0
0
0
0
0
0
0
0
0
0
0
0
0
0
0
0
0
0
0
0
0
0
0
0
0
0
0
0
0
0
0
0
0
0
0
0
0
0
0
0
0
0
0
0
0
0
0
0
0
0
0
0
0
0
0
0
0
0
0
0
0
0
0
0
0
0
0
0
0
0
0
0
0
0
0
0
0
0
0
0
0
0
0
0
0
0
0
0
0
0
0
0
0
0
0
0
0
0
0
0
0
0
0
0
0
0
0
0
0
0
0
0
0
0
0
0
0
0
0
0
0
0
0
0
0
0
0
0
0
0
0
0
0
0
0
0
0
0
0
0
0
0
0
0
0
0
0
0
0
0
0
0
0
0
0
0
0
0
0
0
0
0
0
0
0
0
0
0
0
0
0
0
0
0
0
0
0
0
0
0
0
0
0
0
0
0
0
0
0
0
0
0
0
0
0
0
0
0
0
0
0
0
0
0
0
0
0
0
0
0
0
0
0
0
0
0
0
0
0
0
0
0
0
0
0
0
0
0
0
0
0
0
0
0
0
0
0
0
0
0
0
0
0
0
0
0
0
0
0
0
0
0
0
0
0
0
0
0
0
0
0
0
0
0
0
0
0
0
0
0
0
0
0
0
0
0
0
0
0
0
0
0
0
0
0
0
0
0
0
0
0
0
0
0
0
0
0
0
0
0
0
0
0
0
0
0
0
0
0
0
0
0
0
0
0
0
0
0
0
0
0
0
0
0
0
0
0
0
0
0
0
0
0
0
0
0
0
0
0
0
0
0
0
0
0
0
0
0
0
0
0
0
0
0
0
0
0
0
0
0
0
0
0
0
0
0
0
0
0
0
0
0
0
0
0
0
0
0
0
0
0
0
0
0
0
0
0
0
0
0
0
0
0
0
0
0
0
0
0
0
0
0
0
0
0
0
0
0
0
0
0
0
0
0
0
0
0
0
0
0
0
0
0
0
0
0
0
0
0
0
0
0
0
0
0
0
0
0
0
0
0
0
0
0
0
0
0
0
0
0
0
0
0
0
0
0
0
0
0
0
0
0
0
0
0
0
0
0
0
0
0
0
0
0
0
0
0
0
0
0
0
0
0
0
0
0
0
0
0
0
0
0
0
0
0
0
0
0
0
0
0
0
0
0
0
0
0
0
0
0
0
0
0
0
0
0
0
0
0
0
0
0
0
0
0
0.0002946858438
-0.0002946880952
4.157023398e-05
0.0003339698042
-0.0003339698042
4.029072551e-05
0.0011648584
0.0003244659519
-0.0005776484532
-0.0005872900878
-9.135479483e-05
-0.0002925075877
9.124682759e-05
0.0005873013987
0.001278690032
0.000321059459
-0.000614478893
-0.0006652127219
-8.880330095e-05
-0.0003312429177
8.880330096e-05
0.0006652127219
-0.0002998387694
0.0005966618907
-9.135139006e-05
-4.156435333e-05
0.0003141056645
-0.0003140778735
4.153656225e-05
-1.110546364e-05
-0.0001570209354
1.092796187e-05
0.0001571984371
1.105927218e-05
-0.0001477899451
0.0001478009599
-1.107028695e-05
0.0007425770757
-0.0007425770757
7.784220574e-05
-0.0001475739121
1.104935705e-05
0.0001475838272
-1.031404376e-05
-0.0001475415117
1.028164339e-05
-0.0003367004706
-2.200769258e-05
0.0003352440251
1.241368444e-05
1.105045361e-05
-0.0001576585244
0.000157709667
-1.115660621e-05
0.0003164173364
-4.162660296e-05
-0.0003163550867
9.592970896e-06
-9.679659884e-06
-0.0001575718354
-1.83398136e-05
-0.0003365998177
1.033103639e-05
7.908124327e-06
-1.036756689e-05
-0.000147736422
9.447089915e-06
-0.0001568750544
0.0001515290898
-2.700768894e-06
1.13159686e-05
-0.0001529741224
0.0001529996654
-1.134151162e-05
3.083432781e-05
0.0003066827584
-3.087363521e-05
-0.000306643451
-3.087896272e-05
0.0003140551338
3.074500677e-05
-0.0001566290084
-0.0001572921694
3.08607682e-05
0.0002967163814
-3.091723432e-05
-0.0002966599152
0.000304244845
-0.0003042368277
3.082631054e-05
-0.0001521217702
1.124096436e-05
0.0001521967744
1.118212896e-05
-0.0001436220918
0.0001436178853
-1.117792247e-05
3.085634607e-05
0.0002877900809
-3.087457227e-05
-0.0002877718547
0.0002946795736
-0.0002946839516
3.086514617e-05
0.0002851356229
-0.0002851781895
3.089891262e-05
-0.0001429849888
1.117862608e-05
0.0001429884917
-1.054921971e-05
-0.0001429827637
1.054699459e-05
-1.05748218e-05
-0.0001435964897
0.0003163087108
-3.09714997e-05
-0.0001577965628
-0.000158419611
-4.297269205e-05
0.0003492750178
3.561622068e-05
-0.0001646101273
-0.0001773084191
-0.0001781684142
-1.714925673e-05
1.306486302e-05
0.0001822528079
-4.802668522e-05
1.37035407e-05
-0.0001438452697
-7.372451788e-06
7.437434691e-06
0.0001617840383
5.438150426e-06
-0.0001577321599
0.0001580287773
-5.734767838e-06
-1.079070164e-05
-0.000151991812
1.066074346e-05
3.07998224e-05
-6.212107159e-06
0.0001269413746
-0.0001571251059
5.043677474e-06
0.0001575195789
-0.0001550127466
0.0001926227015
-6.810132502e-06
-1.086277679e-05
-0.0001529020473
-3.639594373e-06
-5.405663019e-06
4.996962605e-06
0.001464734956
-0.001474668841
0.0003195001824
-0.0001885645394
0.001475144318
-0.0007325672422
9.976123842e-05
8.880330096e-05
0.0006748843891
-8.880330096e-05
-7.784220573e-05
0.0007038948988
-0.0007038948988
7.784220573e-05
-0.0007038948988
-4.4970823e-05
4.497082298e-05
0.0007038948988
-0.0003372956463
0.0003367045338
-2.141657999e-05
-0.0001560268168
1.099456038e-05
0.0001560693821
-1.103712573e-05
1.314869973e-05
0.0001560546773
-1.31682782e-05
-0.0001560350989
-1.315021575e-05
0.0001572785534
-0.0001572685833
1.314024564e-05
-1.836761497e-05
-0.000337267845
-3.401405302e-05
-0.0007038948988
3.401405302e-05
-1.046951445e-05
0.0001401608639
-0.0001401436767
1.045232725e-05
1.051364487e-05
0.0001460192036
-1.037909216e-05
-0.0001461537563
-0.0002078018926
0.0001704087229
2.024391293e-05
0.000294243406
-2.937991736e-05
-0.0001604098039
-0.0001474263768
0.0003339778429
-2.965180292e-05
-0.0003336732314
2.934719147e-05
0.0001577916748
-1.316929729e-05
-0.0001577725933
-1.311164679e-05
0.0001599175722
-0.0001599694718
1.316354637e-05
-0.0001597788118
-1.147130594e-05
1.135209504e-05
0.0001598980227
-5.847784902e-06
-9.806560841e-06
9.827061254e-06
-0.0001597993122
2.731700498e-05
-0.0001581105971
9.782454165e-07
0.0001298153467
-0.0003339597308
-9.860271958e-06
9.574321471e-06
0.0003342456812
0.0001582363318
-6.973383562e-06
-0.0002558285778
-1.049984e-05
0.0001505510574
-0.000150481468
1.043025057e-05
-2.46301416e-05
-1.983260014e-07
-0.0001311983492
1.31514379e-05
0.0001529986052
-1.312533463e-05
-0.0001530247084
0.0001548183972
-0.0001548412126
1.317151517e-05
-0.0001551084721
1.120351028e-05
0.0001548995222
-0.0001511177033
1.112748856e-05
0.0001511456688
-1.115545401e-05
1.314125766e-05
0.000151112121
-1.310843747e-05
-0.0001511449412
0.0001522778663
-0.0001522297413
1.310331289e-05
0.0001406477096
-1.048131734e-05
-0.0001406359067
0.0001454137122
-0.0001454513561
1.055128878e-05
-0.0001602811463
0.0001605544994
-1.174465898e-05
0.0001604215432
-1.303715242e-05
-0.0001604960376
-1.124780749e-05
0.0001770893089
-0.0001781408906
1.229938918e-05
-0.0001555506966
1.528172178e-05
9.436648928e-08
0.0001401746083
-0.0001604692592
0.000197870907
-1.008464281e-05
-1.019529099e-05
-0.0001598924162
5.109959086e-08
2.769003168e-05
-0.00015768556
0.0001299444287
-6.876061577e-06
-0.0001591201737
7.88563814e-06
-7.042087815e-06
-0.0001596298879
6.86485342e-06
0.0001598071223
-1.054841501e-05
-0.0001510691283
-2.485893994e-05
0.0002134203195
4.873698806e-06
-0.0001562987557
0.0001562976903
-4.872633346e-06
-0.0001556811883
2.560982953e-05
0.0001301224584
-0.0001558660523
4.222714636e-06
0.0001565170365
-0.0001906025346
1.086392094e-05
1.313489842e-05
0.0001478125811
-1.313489443e-05
-0.0001478125851
0.0001505847788
-0.0001505964715
1.315295036e-05
1.107611284e-05
0.0001506024331
1.115151502e-05
0.0001459644148
-1.109672628e-05
1.311140316e-05
0.0001459948557
-1.311799258e-05
-0.0001459882663
0.0001475769074
-0.0001475861858
1.314417683e-05
7.690507945e-06
-8.617000743e-06
-0.0001466150189
0.0001472178479
3.772071268e-09
-0.0001395311121
1.02981137e-05
0.0001472013776
-9.864351367e-06
0.0001582467548
-0.0001580620634
-0.0001484871062
-1.035079702e-05
0.0001484703363
8.95138783e-06
-9.032331452e-06
-0.0001484061625
-0.0001474020349
8.271402489e-06
0.0001567550347
-0.0001555793473
1.313436604e-05
0.0001436010602
-1.312581152e-05
-0.0001436096148
0.0001453838344
-0.0001454026345
1.313020322e-05
1.117432029e-05
0.0001453909069
1.115932203e-05
0.0001406461478
-1.115776023e-05
1.312345277e-05
0.0001406342455
-1.312277541e-05
-0.0001406349229
0.000143000964
-0.0001429940001
1.31274021e-05
9.883993843e-06
-9.943208325e-06
-0.0001429235492
0.0001422705785
-0.0001422264801
9.839895442e-06
0.0001423023701
1.051520302e-05
-0.0001442029626
-1.058168616e-05
0.0001442098269
9.99245998e-06
-1.0043052e-05
-0.0001441523706
-0.0001435472381
0.0001664535465
-0.0001654423727
1.205368921e-05
-1.120002653e-05
1.187561426e-05
0.0001657779588
-8.878172946e-06
0.0001799309543
-0.0001694167093
-2.475217665e-05
0.000194168886
9.706878037e-06
-0.00016144571
0.000159721071
-6.994254196e-06
-7.184382711e-06
-0.0001601609381
-5.141859253e-06
-0.0001561023697
5.693532346e-06
9.085452779e-06
-9.355841789e-06
-0.000151721423
0.0001516297105
8.971896413e-06
-0.0001515161542
1.059589804e-05
0.000151694556
6.799147315e-06
0.00013318324
-2.362829852e-05
0.000216251
-0.0001524261952
1.707016018e-06
0.0001270908807
-4.739511946e-06
-0.0001544968157
-0.0001536909835
-1.086926851e-05
0.0001536974753
9.427595695e-06
-1.088564821e-05
-0.000152232931
-0.0001528302934
-3.952426708e-06
3.375140155e-06
-8.170614105e-06
0.0001398335171
-0.0001398381725
-8.29007624e-06
0.0001401124217
-0.0001399929596
0.0001796673236
2.178794362e-05
-0.0002014552672
-0.0001467129087
0.0001466319302
-2.353233506e-05
-0.0001231768015
9.981232238e-06
0.000163064457
-1.112260247e-05
-0.000163189662
-1.357391519e-05
0.0001648276664
-0.0001651868051
1.393305397e-05
-0.0001720722368
-1.513965488e-05
1.939139328e-05
0.0001678204984
0.0001592897425
-0.0001591667555
1.122910805e-05
-1.189107279e-05
1.182022886e-05
0.0001593605865
-1.197784615e-05
0.000159984796
-0.0001592040456
2.681895749e-05
-0.0001568805234
0.0001310398113
-0.0001983193322
0.0002251382897
-1.375881295e-05
-0.0001817090504
2.339562657e-05
-3.118554702e-06
-0.0001677879064
5.910984107e-07
0.0001703153627
-0.0001462050381
0.0001724969962
-1.101023627e-05
9.04338557e-06
-9.0183458e-06
-0.0001505065078
0.0001495319078
-0.0001495208537
0.0001496113614
0.0001565386233
-0.0001484655468
-8.484272332e-06
8.481125255e-06
-0.000142223333
-8.507863383e-06
-0.0001428999582
-8.400354406e-06
0.0001406103063
-0.0001405000281
0.0001413597348
-0.0001412789639
1.004757114e-05
-0.000145517695
0.0001448199379
-0.0001448154188
0.0001447895405
-1.012759046e-05
8.604720538e-06
-0.0001432925488
-0.0001338573419
-8.554613467e-06
-0.000143500488
-0.0001441022635
-1.199976762e-05
0.0001605764208
-0.0001621855425
0.0001620613892
-0.0001618765123
0.0001517285922
8.432344421e-06
-0.0001600665701
2.192188822e-05
2.881932858e-06
0.0001269247711
-7.320212781e-06
-2.75526592e-05
0.0002254235662
-0.0001555128337
0.0001308421074
-0.0001571651321
-0.0001623649253
-0.000160111908
-1.051739253e-05
6.948952219e-06
-0.0001596513137
-7.409546534e-06
7.235311633e-06
-0.0001579719194
-0.0001514075136
0.0001514549967
8.996414984e-06
-0.0001514320322
-0.0001510910591
0.0001287227862
-5.752326182e-07
2.850833604e-05
-0.0001553993011
0.0001274661977
2.47776063e-05
-0.000154105223
0.0001287523841
9.192540233e-06
-0.0001576384169
0.0001954005082
-0.0001576996319
0.0002210103377
-0.0001942654495
0.0002190430558
0.0001539495148
-0.0001544663121
2.940926374e-05
0.0001262472671
-8.339149281e-06
2.369979577e-05
-0.0002143023304
0.0001541681521
-0.0001413540046
0.0001541628046
0.0001371833761
-0.0002224738029
0.0001308254489
-0.00055528131
-0.0003023343881
0.0003026879687
0.0004332107412
-0.0006745174506
0.0003519174905
-0.0009897788131
-0.0004365118015
0.000434730676
0.0008964140628
-0.001065980534
0.0004361654695
-0.0003662850393
0.0003659837012
0.001155253291
0.0001738377459
-0.0002721208611
0.0001493572055
-0.0006397221325
-0.0003257612516
0.0003235007464
0.0005099876001
0.0004560011303
-0.000311242063
-0.0007695268182
0.0003714581116
-0.001106349012
-0.0004461308569
0.0004464899681
0.001007874935
0.000930629582
-0.0004381610127
-0.001185306455
0.0004446890202
-0.0003630812144
0.0003651030641
0.001272212709
0.001195049462
-0.0003666213666
-0.000328400883
0.001246223823
-0.0006160836521
-0.0006265494848
-0.0001348984318
-0.0006263802362
0.0001348854423
0.0006263932257
0.000134846184
-0.0005966846954
0.0005966985488
-0.0001348600374
-4.15632163e-05
0.0003043158904
-0.000304284773
4.153209895e-05
-3.352648709e-05
3.350692871e-05
0.0003042644034
3.352105403e-05
0.0002967035226
-3.350819524e-05
0.0001638831004
-0.0002674276454
0.0001301644837
-0.0006671416048
-0.0002786251085
0.0002963535103
0.0005243633579
0.000549442556
-0.000320122716
-0.0008118358112
0.000343551491
-0.001201770667
-0.0004074702301
0.0004225316831
0.001084322541
0.001077291622
-0.0004417424593
-0.001300958251
0.0004239870751
-0.000354108444
0.0003587666182
0.001433524638
0.001353094814
-0.0003625488389
-0.00139811813
-0.0003200487126
0.001398085977
-0.0002762205778
-0.0007038948988
0.0001435860052
0.0001326345726
-0.0006942232315
0.0001326345726
-0.0006748843891
0.0006748843891
-0.0001326345726
-7.784220574e-05
0.0006842358569
-0.0003409100928
-0.000343325764
-3.207275058e-05
-0.000343325764
3.207275058e-05
0.000343325764
3.207543019e-05
-0.0003360791849
0.0003360765053
-3.207275058e-05
7.79759036e-05
-0.0001555677213
6.933310599e-05
-0.0005023541145
-0.0001779542211
0.0002064460288
0.0003723087966
0.0004983137874
-0.0002574106908
-0.0006401258221
0.0002505551153
-0.001049402005
-0.0003104826378
0.000339935772
0.0009184018375
0.001063059695
-0.0003886500624
-0.001169589453
0.0003504623272
-0.001440113295
-0.000304005419
0.000321859898
0.001366419809
0.001441477473
-0.0003467051141
-0.001497222374
0.0002953457321
-0.001585318903
-0.000179737785
0.0001853251425
0.001567508903
0.001514169153
-0.0001885645394
-0.00159492419
0.0001432617081
3.764158076e-06
-2.84340169e-05
1.130313725e-05
-0.0002353386906
-6.410519468e-05
9.050904872e-05
0.0001474804764
0.0003184140056
-0.0001484930919
-0.0003368878703
0.0001238122138
-0.0006813159314
-0.0001715881528
0.0002078593938
0.0005640741074
0.000844509241
-0.0002781900354
-0.0007958261597
0.0002246699622
-0.001092645554
-0.0002011346825
0.0002305738394
0.0010039302
0.001303676077
-0.0002825966689
-0.001168939783
0.0002181053494
-0.001316464575
-0.0001322547476
0.0001473680403
0.001281104315
0.0015364332
-0.0001714225566
-0.00133807765
0.0001160329802
0
0
0
-2.358187065e-05
-1.705966216e-06
8.71320604e-06
4.523305804e-06
9.636912554e-05
-4.093346379e-05
-5.978259597e-05
2.130833359e-05
-0.000240433467
-4.50121207e-05
7.151142594e-05
0.000171494825
0.0004601920585
-0.0001359950264
-0.0003136579925
8.638386973e-05
-0.0005285626835
-8.093520118e-05
0.0001093218462
0.0004604988736
0.0008748885775
-0.000170472447
-0.0005899330941
0.0001082076578
-0.0007171140038
-6.275294061e-05
8.028108967e-05
0.0006855067293
0.001150045647
-0.0001156664967
-0.0007367843305
6.461233778e-05
0
0
0
0
0
0
0
0
0
0
0
-4.836131377e-06
0
1.330141052e-06
3.209723634e-07
9.764337059e-05
-2.385901155e-05
-1.455768897e-05
4.471294969e-06
-7.46849637e-05
-5.682480476e-06
1.699238113e-05
5.159758207e-05
0.0003311172624
-5.543683312e-05
-9.803201326e-05
1.968708033e-05
-0.0001528928107
-9.240385991e-06
1.889619802e-05
0.0001385201633
0.0005271264002
-4.624120384e-05
-0.0001620401926
1.587148586e-05
0
0
0
0
0
0
0
0
0
0
0
0
0
0
0
0
0
0
0
0
0
0
0
1.215217469e-05
-4.334285808e-07
0
0
0
0
0
0
5.921752735e-05
-2.882253154e-06
0
0
0
0
0
0
0
0
0
0
0
0
0
0
0
0
0
0
0
0
0
0
0
0
0
0
0
0
0
0
0
0
0
0
0
0
0
0
0
0
0
0
0
0
0
0
0
0
0
0
0
0
0
0
0
0
0
0
0
0
0
0
0
0
0
0
0
0
0
0
0
0
0
0
0
0
0
0
0
0
0
0
0
0
0
0
0
0
0
0
0
0
0
0
0
0
0
0
0
0
0
0
0
0
0
0
0
0
0
0
0
0
0
0
0
0
0
0
0
0
0
0
0
0
0
0
0
0
0
0
0
0
0
0
0
0
0
0
0
0
0
0
0
0
0
0
0
0
0
0
0
0
0
0
0
0
0
0
0
0
0
0
0
0
0
0
0
0
0
0
0
0
0
0
0
0
0
0
0
0
0
0
0
0
0
0
0
0
0
0
0
0
0
0
0
0
0
0
0
0
0
0
0
0
0
0
0
0
0
0
0
0
0
0
0
0
0
0
0
0
0
0
0
0
0
0
0
0
0
0
0
0
0
0
0
0
0
0
0
0
0
0
0
0
0
0
0
0
0
0
0
0
0
0
0
0
0
0
0
0
0
0
0
0
0
0
0
0
0
0
0
0
0
0
0
0
0
0
0
0
0
0
0
0
0
0
0
0
0
0
0
0
0
0
0
0
0
0
0
0
0
0
0
0
0
0
0
0
0
0
0
0
0
0
0
0
0
0
0
0
0
0
0
0
0
0
0
0
0
0
0
0
0
0
0
0
0
0
0
0
0
0
0
0
0
0
0
0
0
0
0
0
0
0
0
0
0
0
0
0
0
0
0
0
0
0
0
0
0
0
0
0
0
0
0
0
0
0
0
0
0
0
0
0
0
0
0
0
0
0
0
0
0
0
0
0
0
0
0
0
0
0
0
0
0
0
0
0
0
0
0
0
0
0
0
0
0
0
0
0
0
0
0
0
0
0
0
0
0
0
0
0
0
0
0
0
0
0
0
0
0
0
0
0
0
0
0
0
0
0
0
0
0
0
0
0
0
0
0
0
0
0
0
0
0
0
0
0
0
0
0
0
0
0
0
0
0
0
0
0
0
0
0
0
0
0
0
0
0
0
0
0
0
0
0
0
0
0
0
0
0
0
0
0
0
0
0
0
0
0
0
0
0
0
0
0
0
0
0
0
0
0
0
0
0
0
0
0
0
0
0
0
0
0
0
0
0
0
0
0
0
0
0
0
0
0
0
0
0
0
0
0
0
0
0
0
0
0
0
0
0
0
0
0
0
0
0
0
0
0
0
0
0
0
0
0
0
0
0
0
0
0
0
0
0
0
0
0
0
0
0
0
0
3.350143619e-05
0.0002946991914
3.35444553e-05
0.0002877534387
-3.350781309e-05
4.161018917e-05
0.0002877080617
-4.158155843e-05
-0.0002877366924
3.208055022e-05
0.0003339727228
3.341427368e-05
0.0002929228407
-3.209370843e-05
4.212251009e-05
0.0002906837928
-4.029072551e-05
-0.0002925155774
-7.112250079e-06
7.120739396e-06
-0.0005873059873
0.0001348754822
0.000587276689
-0.0005580836527
0.0005580842624
-0.0001348292247
0.00112582716
-0.0005580820389
-0.0005677246265
-0.0002800825843
0.0005581028423
-9.128102442e-05
-0.0001239542623
-0.00055808028
-0.0001239406342
-0.0005873049589
0.0001239396059
-0.0006652127219
0.0001326345726
0.0006652127219
-0.0006401258725
0.0006401606578
-0.0001349332171
0.00129274462
-0.0006412244822
-0.0006588615622
9.143285056e-05
-0.0003195556018
0.0006402476562
-9.57075686e-05
0.0001239812964
-0.0001238723837
-0.0006402347852
-0.0001216766352
-0.0006652127219
0.0001216766352
-0.0001239506451
-0.0005966746846
-0.0006263691968
0.000123970257
-0.0003120510874
9.121582137e-05
0.0006263737812
-3.3521821e-05
3.350113266e-05
0.0003140758221
0.0003066830641
-3.352679279e-05
0.0003066795779
-4.156308309e-05
-0.0003066797111
0.0001566865276
1.099646905e-05
-1.168598422e-05
1.172064114e-05
0.0001566518706
-1.173670364e-05
0.0001572491566
-1.182232252e-05
1.182404323e-05
0.0001477992392
-0.0001484591214
0.0001484296114
-1.179281257e-05
-1.105907202e-05
-0.0007425770757
-4.497082299e-05
4.497082299e-05
0.0007425770757
-0.000713566566
0.000713566566
-4.4970823e-05
0.000713566566
-7.784220573e-05
-0.000713566566
-3.401405302e-05
-0.000713566566
-3.401405303e-05
-0.0007425770757
3.401405303e-05
0.0003363840383
-7.420627833e-06
0.0003433256873
7.419156485e-06
0.0001471845058
1.106622887e-05
-1.180934585e-05
1.181033053e-05
0.0001471835211
0.0001475985246
0.0001401762327
-0.0001401653294
1.311254946e-05
1.117871682e-05
0.0001401414691
0.0002851233069
-0.0002851326339
4.161951619e-05
3.353069185e-05
0.0002851493864
-0.0001714783757
0.0001691538608
-1.281513991e-05
0.0001656844592
-1.321985764e-05
-0.0001660385168
0.0003343051389
-2.447404212e-05
1.290638207e-05
1.250654626e-05
-1.178109683e-05
0.0001577540601
-0.0001583192567
0.0001583583887
0.000346263321
-0.0003470262089
4.288539794e-05
3.362022619e-05
0.0003490690653
0.0003163312541
-3.354436425e-05
-0.0003351269732
-1.473015426e-05
7.252133433e-06
6.005176259e-06
-0.0001672899045
0.0001699016762
-5.730326439e-06
-1.080200704e-05
-0.0001744351816
-1.188639298e-05
1.187338586e-05
0.0001530126726
-0.0001536807565
0.00015365842
-1.186405651e-05
-1.132479284e-05
-0.0003089267632
-3.100137881e-05
0.0003090545068
2.825359172e-05
-1.380135416e-05
-0.0001540198562
-1.454074734e-05
2.82371567e-05
-0.0001536284108
-1.379703846e-05
1.380409707e-05
0.0001572714948
0.0001560396023
-1.378627917e-05
0.0003121642867
-0.0001559810102
-0.0001564396485
-0.0002999818102
-3.085660149e-05
0.0002999211773
2.845934691e-05
-2.824690783e-05
-0.0001496094705
2.809516872e-05
-0.0001484831559
2.806017535e-05
-0.0001517819801
0.0003024280277
-0.0001515026392
0.0003023977368
0.0001517482142
1.118730615e-05
-1.185671628e-05
1.185839833e-05
0.0001517465321
0.000152213444
-1.180428004e-05
1.183710721e-05
0.0001435850581
-0.0001442086249
0.0001442308295
-1.182648457e-05
-1.117672047e-05
-0.0002901922784
-3.086384053e-05
0.0002901815467
2.821055685e-05
-2.822370887e-05
-0.000144795292
2.825124336e-05
-0.0001442114809
2.817783435e-05
-0.0001471897098
0.0002925548446
-0.0001466058634
0.0002925561502
-0.0002800388389
-3.087054926e-05
0.0002800743194
-2.815973779e-05
-0.0001398179402
2.83381948e-05
-0.0001422641769
0.0002822700115
-0.000141457309
0.0002822983748
0.0001423258366
1.115515957e-05
-1.18129972e-05
1.185194782e-05
0.000142286886
0.0001430126017
-3.115608701e-05
0.0003194144508
-0.0001593403432
-0.0001598895202
-1.379604283e-05
1.380732879e-05
0.0001599062862
0.0001578253239
-1.38306876e-05
-1.2758573e-05
1.329568308e-05
0.0001765521988
0.0001603675708
-1.374207039e-05
0.00032628534
-0.0001603570065
-0.0001614681998
0.0001586744513
7.132005379e-06
-6.991990071e-06
6.728040064e-06
0.0001589384013
0.0001565106967
-1.718648413e-06
-5.846866005e-06
5.903723918e-06
-0.0001591050209
-6.393158827e-06
-6.352334222e-06
-0.0001584874545
0.0001572696585
4.63126578e-06
-0.0001568572468
-5.784885889e-06
5.354912425e-06
-3.512213792e-06
-4.456852893e-06
0.0002762205778
-0.001475144318
-0.0002761074316
0.001436804799
-0.001436804799
0.001434771654
8.880330095e-05
0.000713566566
-8.880330096e-05
-0.0002323907407
0.0001216766352
-0.000713566566
-0.0007232382333
0.0001107141055
-0.0002323907406
-0.0001216766352
-0.0006748843891
-0.0007038948988
0.0001216766351
8.880330096e-05
0.0007038948988
6.688790421e-05
-0.0007038948988
-6.688790422e-05
0.0006942232315
-0.0006942232315
3.481515364e-05
0.0006942232315
0.0006942232315
2.111587502e-05
-0.0006942230592
2.385477564e-05
-5.592996676e-05
2.933350529e-05
2.659646148e-05
-5.592996677e-05
-2.933594583e-05
-0.000336395042
-0.0003433257641
2.933350529e-05
-0.0003433249024
2.111501335e-05
0.000343325764
-1.175187233e-05
0.0001560728048
1.174844959e-05
-0.0001564979666
0.0001564667354
-0.0001564832003
-1.31358132e-05
0.0001564507353
1.245011632e-05
-1.24665812e-05
1.24878223e-05
1.243685673e-05
-1.245628349e-05
0.0001566221462
0.0001566265786
-1.83765341e-05
-0.0003433245766
1.837620835e-05
-1.015856913e-05
1.015889486e-05
0.0003433253616
0.000336686656
-1.016288972e-05
2.305640248e-05
-2.305640247e-05
0.0006942229825
1.289800567e-05
1.563744222e-05
9.736231273e-06
-9.767486307e-06
0.0001398487815
0.0001398407128
-2.801424926e-06
0.0001643319749
-0.000123596148
0.0001381162812
-1.732155808e-05
-8.313254838e-05
-2.021968673e-05
-0.0003285327234
-2.967979934e-05
0.0003288326053
-2.760306203e-05
-0.0001635466009
1.372874875e-05
1.371585712e-05
0.0001625865429
-1.228065886e-05
2.7229614e-05
-2.659770649e-05
0.0003315862436
-0.0001662752324
0.0003312536357
-0.0001583981107
-1.314914873e-05
0.0001583779621
1.247481662e-05
-1.251453858e-05
1.2531735e-05
-1.251641073e-05
0.0001593777829
0.0001593921805
6.618701076e-06
0.0003321020149
9.007572857e-06
-0.0003315352663
-1.173132843e-05
4.198184832e-06
0.0001679467654
4.398488623e-06
-1.261262038e-05
-5.729472034e-06
-0.0001456174253
-0.000166122528
2.532806481e-06
9.563226522e-06
-3.539970472e-05
-0.0002711271739
0.0001655556863
0.0001404155387
-1.055102105e-05
8.013474073e-05
-0.0001216000941
5.201637439e-05
-0.0001406933187
0.000105390121
-0.0001536302399
-1.312350549e-05
1.252838051e-05
-1.250020042e-05
1.251634464e-05
1.248349125e-05
-0.0001548368816
0.0001539718465
-0.0001539885557
0.000154041522
-1.18110902e-05
-1.183739388e-05
0.0001511620775
1.182098515e-05
-0.0001514868488
0.0001515078533
-0.000151521349
-1.308972766e-05
1.246468893e-05
-1.247818463e-05
1.24818252e-05
1.250004738e-05
0.0001517683949
-0.0001414065434
0.0001414404291
9.793086772e-06
-0.0001617670823
-1.280348356e-05
0.0001615334135
1.24360275e-05
-1.214172066e-05
1.140706979e-05
-9.617006087e-06
0.0001650433079
0.0001645392135
7.011438052e-06
-0.0001597280375
-6.403574168e-06
0.0001595122778
-0.0001599103862
0.0001596179584
-0.0001591054392
-6.685586687e-06
-6.606501906e-06
-6.146682063e-06
-0.0001561910707
-0.0001564324383
-0.0001484523121
-1.316573821e-05
1.249940261e-05
-1.252210333e-05
1.248605663e-05
1.250151233e-05
-0.0001506161586
0.0001496222583
-0.0001496428493
0.0001496284022
-1.180725968e-05
-1.18272369e-05
0.0001459892277
1.180242401e-05
-0.0001466014328
0.0001465845264
-0.0001465824613
-1.314139465e-05
1.249705402e-05
-1.249498892e-05
1.249801549e-05
1.249839544e-05
0.0001471869277
-0.0001442098622
-1.312743022e-05
1.247781597e-05
-1.245684874e-05
1.245325936e-05
1.247207191e-05
-0.0001453766909
0.000144792519
-0.0001447772958
0.0001447871403
-1.181664004e-05
-1.184056388e-05
0.00014063648
1.185023166e-05
-0.0001414378285
0.0001414492124
-0.0001414262951
-1.315378925e-05
1.249110021e-05
-1.246818293e-05
1.24926574e-05
1.247186097e-05
0.000142290564
-6.814229108e-06
0.0001599287982
-0.0001602285285
0.0001601423394
-0.0001574650736
-6.884441201e-06
6.635714029e-06
-3.958448172e-06
6.277525826e-06
-5.869198836e-06
0.000161257479
-0.0001437119514
-1.313808347e-05
0.0001457274324
8.474693186e-06
-1.407036343e-05
1.51249193e-05
-0.0001658970625
-1.441466189e-05
0.0001627516304
-0.0001616970745
0.0001619384707
-0.0002256796258
-1.708016191e-05
-1.515672604e-05
-1.357509915e-06
-0.000174998829
-5.352711528e-06
0.000253513528
-0.0001747362972
0.0001689444457
-3.468848104e-05
-0.0001336648663
1.54798844e-06
-7.339839909e-06
-3.135477879e-06
2.448346465e-05
-0.0001044564693
-0.0001501551866
0
0
0
0
0
0
-2.049314761e-05
-2.465782584e-05
-7.991962595e-05
7.911253015e-05
7.029390505e-05
0
0
0
0
0
0
0
0
-3.668305837e-05
-3.838978106e-05
-9.717425041e-05
9.465857091e-05
9.486637541e-05
7.711006869e-05
-8.658285626e-05
-0.0002566403547
-0.0001449444879
0.0001617767163
0.0001974782867
-0.000203787406
-0.0003667930923
0.0001876400191
-0.0003411735557
-0.0007405264941
0.0006139190381
-0.0003668025142
0.0003979312844
-0.0004050310128
-0.000862076009
0.0003938222862
-0.0008218056015
-0.00115052378
0.001070342652
-0.0004431234949
0.0004270723245
-0.0004290300566
-0.001206960696
0.0004254952539
-0.001162064193
-0.0002998951018
-4.159286005e-05
3.888002123e-05
-3.887564715e-05
-0.0002998994759
3.88578261e-05
-0.000296723121
0
0
0
0
0
0
0
0
-3.462844542e-05
-2.83355911e-05
-6.958534292e-05
7.95825518e-05
8.302494091e-05
0.0001031730083
-9.370628221e-05
-0.0002918684926
-0.0001404659868
0.000185250599
0.0002065615497
-0.0001979652703
-0.0004152053022
0.000211513754
-0.0004165000361
-0.0008318024386
0.0006909087559
-0.0003576134869
0.0004047658856
-0.0003951916092
-0.0009669688354
0.0004102038566
-0.0009572924144
-0.001285751421
0.001198560024
-0.000433578584
0.000425355171
-0.0004204768625
-0.001349190526
0.0004279891426
-0.001321326617
0
0
0
0
0
0
0
0
-6.652790962e-06
-1.928327588e-06
-2.278504232e-05
3.410910139e-05
2.588710518e-05
7.041849991e-05
-5.825336879e-05
-0.000219822138
-8.630120999e-05
0.0001257775111
0.0001531995032
-0.0001334621748
-0.0003340086115
0.0001708896186
-0.0003651676937
-0.0007475194748
0.000603246098
-0.0002785913461
0.0003423078596
-0.0003171832585
-0.0008908874959
0.0003638426983
-0.0009281711223
-0.001266029193
0.001154477614
-0.0003743318698
0.0003888604979
-0.0003715590545
-0.00135981018
0.0004025970955
-0.00137690069
-0.001523683107
0.001488318612
-0.0003060969194
0.0002745616985
-0.0002702712118
-0.001542687234
-0.001513605894
-0.001552490705
0.001552225889
-0.0001446963592
0.0001009007898
-0.0001009007897
-0.001552490705
-0.001514169153
5.592996677e-05
0
0
0
0
0
0
0
0
0
0
-6.460875895e-08
1.816655552e-06
0
1.315601522e-05
-1.307151487e-05
-8.63006832e-05
-2.246928775e-05
3.209508769e-05
6.923454099e-05
-4.908404923e-05
-0.0001639139229
9.064594328e-05
-0.0002101645604
-0.0004978258479
0.0003741033454
-0.0001559391366
0.0002247294512
-0.0001904508127
-0.0006276917029
0.0002578013871
-0.0007088040969
-0.001009346958
0.0008875528735
-0.0002595722628
0.0002980513964
-0.0002672366821
-0.00112124716
0.0003259891535
-0.001207562008
-0.001377687301
0.00130656098
-0.0002420442442
0.0002373154009
-0.000219768846
-0.001434244578
0.0002517018945
-0.001499897474
-0.001524109385
0.001506469266
-0.0001258185919
9.427999195e-05
-8.909081293e-05
-0.001530547788
9.801816133e-05
-0.00158021079
0
0
0
0
0
0
0
0
0
0
0
0
0
0
0
-1.460551183e-06
0
0
6.428911955e-06
-1.37130672e-06
-1.660829813e-05
1.664091951e-05
-4.226774901e-05
-0.0001810438459
0.0001092765898
-4.072767058e-05
9.034800545e-05
-6.167243333e-05
-0.000265013098
0.0001221477376
-0.0003549200481
-0.0005522938543
0.0004543508153
-0.0001185204506
0.0001648283127
-0.0001305730581
-0.0006478764749
0.0001997199374
-0.0007788094998
-0.0008933192442
0.0008206330018
-0.0001360949392
0.0001526822573
-0.0001276807131
-0.0009546732843
0.0001768531622
-0.001100191381
-0.001061413874
0.001039325969
-7.849484127e-05
6.616048407e-05
-5.677449777e-05
-0.001069601841
7.484367418e-05
-0.001216701275
0
0
0
0
0
0
0
0
0
0
0
0
0
0
0
0
0
0
0
0
0
0
0
-3.731642371e-06
0
0
5.892396133e-06
-5.939774874e-07
-1.694960972e-05
1.838240974e-05
-5.37780961e-05
-0.0001208535658
7.819483412e-05
-1.593135271e-05
4.32270074e-05
-2.296565255e-05
-0.0001677463261
6.862200216e-05
-0.0002700457454
-0.0003076995967
0.0002635537583
-3.648219074e-05
5.644148989e-05
-3.693366149e-05
-0.000346642861
7.865617174e-05
-0.0004892255587
-0.0004179212823
0.0004028378293
-2.596111307e-05
2.786407421e-05
-1.928611909e-05
-0.0004234705398
3.724184867e-05
-0.0005793857533
0
0
0
0
0
0
0
0
0
0
0
0
0
0
0
0
0
0
0
0
0
0
0
0
0
0
0
0
0
0
0
0
0
0
0
0
0
1.257039406e-06
-5.06142772e-06
-5.799095981e-06
2.331004142e-06
0
2.077183919e-06
-1.268938719e-10
-9.846840847e-06
9.148688372e-06
-4.772218695e-05
-2.072173993e-05
1.801344534e-05
-1.787730768e-07
2.103442848e-06
-1.728283187e-07
-2.17556856e-05
6.083131514e-06
-7.650344678e-05
0
0
0
0
0
0
0
0
0
0
0
0
0
0
0
0
0
0
0
0
0
0
0
0
0
0
0
0
0
0
0
0
0
0
0
0
0
0
0
0
0
0
0
0
0
0
0
0
0
0
0
0
0
0
0
0
0
0
0
0
0
0
0
0
0
0
0
0
0
0
0
0
0
0
0
0
0
0
0
0
0
0
0
0
0
0
0
0
0
0
0
0
0
0
0
0
0
0
0
0
0
0
0
0
0
0
0
0
0
0
0
0
0
0
0
0
0
0
0
0
0
0
0
0
0
0
0
0
0
0
0
0
0
0
0
0
0
0
0
0
0
0
0
0
0
0
0
0
0
0
0
0
0
0
0
0
0
0
0
0
0
0
0
0
0
0
0
0
0
0
0
0
0
0
0
0
0
0
0
0
0
0
0
0
0
0
0
0
0
0
0
0
0
0
0
0
0
0
0
0
0
0
0
0
0
0
0
0
0
0
0
0
0
0
0
0
0
0
0
0
0
0
0
0
0
0
0
0
0
0
0
0
0
0
0
0
0
0
0
0
0
0
0
0
0
0
0
0
0
0
0
0
0
0
0
0
0
0
0
0
0
0
0
0
0
0
0
0
0
0
0
0
0
0
0
0
0
0
0
0
0
0
0
0
0
0
0
0
0
0
0
0
0
0
0
0
0
0
0
0
0
0
0
0
0
0
0
0
0
0
0
0
0
0
0
0
0
0
0
0
0
0
0
0
0
0
0
0
0
0
0
0
0
0
0
0
0
0
0
0
0
0
0
0
0
0
0
0
0
0
0
0
0
0
0
0
0
0
0
0
0
0
0
0
0
0
0
0
0
0
0
0
0
0
0
0
0
0
0
0
0
0
0
0
0
0
0
0
0
0
0
0
0
0
0
0
0
0
0
0
0
0
0
0
0
0
0
0
0
0
0
0
0
0
0
0
0
0
0
0
0
0
0
0
0
0
0
0
0
0
0
0
0
0
0
0
0
0
0
0
0
0
0
0
0
0
0
0
0
0
0
0
0
0
0
0
0
0
0
0
0
0
0
0
0
0
0
0
0
0
0
0
0
0
0
0
0
0
0
0
0
0
0
0
0
0
0
0
0
0
0
0
0
0
0
0
0
0
0
0
0
0
0
0
0
0
0
0
0
0
0
0
0
0
0
0
0
0
0
0
0
0
0
0
0
0
0
0
0
0
0
0
0
0
0
0
0
0
0
0
0
0
0
0
0
0
0
0
0
0
0
0
0
0
0
0
0
0
0
0
0
0
0
0
0
0
0
0
0
0
0
0
0
0
0
0
0
0
0
0
0
0
0
0
0
0
0
0
0
0
0
0
0
0
0
0
0
0
0
0
0
0
0
0
0
0
0
0
0
0
0
0
0
0
0
0
0
0
0
0
0
0
0
0
0
0
0
0
0
0
0
0
0
0
0
0
0
0
0
0
0
0
0
0
0
0
0
0
0
0
0
0
0
0
0
0
0
0
0
0
0
0
0
0
0
0
0
0
0
0
0
0
0
0
0
0
0
0
0
0
0
0
0
0
0
0
0
0
0
0
0
0
0
0
0
0
0
0
0
0
0
0
0
0
0
0
0
0
0
0
0
0
0
0
0
0
0
0
0
0
0
0
0
0
0
0
0
0
0
0
0
0
0
0
0
0
0
0
0
0
0
0
0
0
0
0
0
0
0
0
0
0
0
0
0
0
0
0
0
0
0
0
0
0
0
0
0
0
0
0
0
0
0
0
0
0
0
0
0
0
0
0
0
0
0
0
0
0
0
0
0
0
0
0
0
0
0
0
0
0
0
0
0
0
0
0
0
0
0
0
0
0
0
0
0
0
0
0
0
0
0
0
0
0
0
0
0
0
0
0
0
0
0
0
0
0
0
0
0
0
0
0
0
0
0
0
0
0
0
0
0
0
0
0
0
0
0
0
0
0
0
0
0
0
0
0
0
0
0
0
0
0
0
0
0
0
0
0
0
0
0
0
0
0
0
0
0
0
0
0
0
0
0
0
0
0
0
0
0
0
0
0
0
0
0
0
0
0
0
0
0
0
0
0
0
0
0
0
0
0
0
0
0
0
0
0
0
0
0
0
0
0
3.886360633e-05
-0.0002946938754
0.0002925173729
-0.0002925297446
3.887597801e-05
4.158001921e-05
3.7554638e-05
-0.0003339729619
0.0003312429177
-0.0003312429177
3.755463799e-05
4.029072551e-05
0.0005777196883
-0.0002901885765
9.142377756e-05
-0.000102137852
0.000102180237
0.0005776773032
-0.000102120902
0.0005872844488
0.0006204952041
-0.0003288272465
8.781913616e-05
-9.97612384e-05
0.0001001607634
0.0006200956791
-9.976123841e-05
0.0006652127219
-0.0001021275138
0.0005966685024
-0.0006063455841
0.0006063503164
-0.000102132246
-0.0003023144367
-9.106664712e-05
3.887305876e-05
-3.88722155e-05
-0.0003140787167
0.0003121077571
-0.0003121353486
3.890065034e-05
4.159323189e-05
-0.0002800664279
-4.159536948e-05
-3.887505044e-05
-0.0002800724358
-0.0003193781002
-4.180410451e-05
3.890161704e-05
-3.890405719e-05
-0.0003193756601
-0.0003163256852
4.59902068e-06
-9.976123841e-05
0.0006748843891
-0.0006842358569
0.0006842358568
-9.97612384e-05
-8.880330096e-05
-2.416603442e-05
0.0003363965261
-0.0003388056367
0.000338494378
-2.385477564e-05
-0.0003391101331
-2.111208366e-05
-0.0003391032113
-1.837453673e-05
1.533121094e-05
-1.56392463e-05
-0.000338795176
-0.0003366667883
-6.275156805e-06
-8.603392467e-06
0.0001651210758
-0.0001281752471
0.0001291350812
0.0001882575222
-0.0003225552254
0.0002073477588
-0.0003079315942
0.0001257437412
0.0004157569091
-0.0005297412077
-0.0002469149046
-0.0002452127397
0.0003916665084
-0.0007898650568
0.0006450783304
-0.0007568984299
0.0008605341568
-0.000951566391
-0.0004196953772
-0.0004217478208
0.000424371214
-0.001121921201
0.001026300214
-0.00108156838
0.001115162933
-0.0004003875011
-0.0004011253933
0.0002086558939
-0.0003857339503
0.000270636222
-0.0003851419764
0.0001718043289
0.0005105683504
0.0003185127054
-0.0006416602395
-0.00026805961
0.0002630100982
-0.000270713195
-0.0002560687833
-0.0004875736361
0.0004091689535
-0.0008939954859
0.0007729681216
-0.0008989638646
0.001014362358
0.0004439603165
-0.001114408913
-0.0004345754238
0.0004311321758
-0.000434904965
-0.000424568657
-0.0009735563657
0.0004296035978
-0.001241386279
0.00119487886
-0.001252401133
0.001284727263
0.000367030285
-0.0004024701182
0.0004030104599
-0.0004004198922
-0.0004019990879
-0.001239012777
3.887480262e-05
-0.0003042856233
-3.887395235e-05
0.0003023751978
-0.0003023760423
0.0003023832349
3.352143057e-05
-3.616373754e-05
3.617093014e-05
-3.61849575e-05
-3.620586687e-05
3.618626844e-05
-0.0002999344127
0.0001859597189
-0.0003892781069
0.0002828063929
-0.0004061321449
0.0001769509301
0.0005417803642
0.0003102675869
-0.00068414018
-0.0002426731003
0.000255895676
-0.0002259434381
-0.000265309492
-0.0005500932877
0.0003815205656
-0.000952710391
0.0008273712957
-0.0009656778915
0.001093555972
0.000433916643
-0.001206036669
-0.0004082563695
0.0004210212563
-0.0003915905559
-0.0004298923472
-0.001090887773
0.0004130172132
-0.001378816853
0.001298942222
-0.001369099779
0.001414550551
0.0003613237526
-0.0003906989546
0.0003957782776
-0.0003830905997
-0.0003988607745
-0.001386754842
-3.481515364e-05
3.481515364e-05
-0.0003388078839
-3.481515364e-05
-0.0003388078839
-3.207275058e-05
0.0001123460008
-0.0002551083425
0.0001892120902
-0.0002970070492
0.0001024905979
0.0004213268598
0.000233166073
-0.0005571153433
-0.0001592735298
0.0001836707873
-0.0001336700949
-0.0002061013342
-0.0004635697279
0.0002888370006
-0.0007804633116
0.0006990377865
-0.0008417504214
0.0009801461611
0.0003660946732
-0.001109594119
-0.0003191338487
0.0003468267433
-0.0002884099449
-0.0003710637155
-0.001028114411
0.0003505757171
-0.001275938468
0.001226191899
-0.001326965693
0.001410041457
0.0003360609024
-0.001474787169
-0.0003407134705
0.0003584019834
-0.0003193656294
-0.0003724516947
-0.001434044988
0.0002627002877
-0.001538992968
0.001521864908
-0.001553187321
0.001571727332
0.0001881337307
-0.001581101689
-0.0002255373413
0.0002304093594
-0.0002174959102
-0.0002322786694
-0.001549898865
0.0001002343134
-0.001598203794
0.001584940893
-0.001586083652
-5.679893341e-05
5.707045552e-05
-5.575554212e-05
-5.707045549e-05
2.305640247e-05
3.120347172e-05
-7.732238302e-05
5.476952979e-05
-0.0001188152474
1.463853165e-05
0.0002034531081
0.000119006701
-0.0003047644174
-5.864882121e-05
8.236104221e-05
-3.766120698e-05
-0.0001077092045
-0.000261262602
0.0001558996362
-0.0004478902042
0.0004184275701
-0.0005399434087
0.0006648415504
0.0002437168182
-0.0007888736854
-0.0001845145578
0.0002202906655
-0.0001489121001
-0.0002552125926
-0.0007590520189
0.000234182374
-0.000904283263
0.0009082119655
-0.001019591365
0.001120412278
0.0002579554147
-0.001208812863
-0.0002360975628
0.000266581258
-0.0002038304483
-0.0002945244065
-0.001220839389
0.0001994370056
-0.001231901076
0.001283657602
-0.001344464553
0.001391280962
0.0001605459117
-0.001424489056
-0.0001755168059
0.0001922269566
-0.000156649743
-0.0002063266657
-0.001476851463
8.255876205e-05
-0.001346075901
0.001444588429
-0.001451992665
-4.794801975e-05
5.131855688e-05
-4.386146294e-05
-5.392712726e-05
0
0
0
-3.243109139e-06
0
2.164822527e-05
2.21093574e-05
-5.957475563e-05
-1.770337164e-06
8.206069014e-06
0
-2.049547223e-05
-5.335849383e-05
3.731409175e-05
-0.000110162363
0.0001141116698
-0.0001819431435
0.0002595414223
0.0001022299968
-0.0003433185511
-5.465542025e-05
8.278948588e-05
-3.136331267e-05
-0.0001146137787
-0.0003573813565
9.811970812e-05
-0.0003879923067
0.0004297818632
-0.0005156543228
0.0005979678051
0.0001395199763
-0.0006741434449
-0.0001059144565
0.0001376800261
-7.650783323e-05
-0.0001706897164
-0.0007381510956
0.0001027095477
-0.0006427412757
0.0007420224102
-0.0007998679922
0.0008463536753
9.81359362e-05
-0.0008805173728
-9.321295797e-05
0.0001147992218
-7.221170454e-05
-0.0001361936695
-0.001003590697
4.701343545e-05
-0.000744052029
0.0009017108747
-0.0009095571851
-2.834362742e-05
3.391109225e-05
-2.265120503e-05
-3.914157036e-05
0
0
0
0
0
0
0
0
0
0
0
0
0
0
0
0
-1.949799817e-06
1.047635616e-05
9.028382262e-06
-2.840061502e-05
-8.91648691e-08
3.467410982e-06
0
-1.399556442e-05
-4.260759737e-05
8.744108853e-06
-3.081538069e-05
5.454417661e-05
-8.630209608e-05
0.0001211327955
3.382059678e-05
-0.0001566465825
-1.316916531e-05
2.916421447e-05
-3.321956197e-06
-5.058315372e-05
-0.0002161519256
2.094406626e-05
-0.0001198231369
0.0001906719067
-0.00022130511
0.0002469519204
3.141066989e-05
-0.0002663488928
-2.065764748e-05
3.518043228e-05
-9.65884236e-06
-5.260916878e-05
-0.0003787755137
1.19082206e-05
-0.0001654068911
0.0002785769032
-0.0002830713248
-7.403300723e-06
1.191219492e-05
-3.805246483e-06
-1.708537209e-05
0
0
0
0
0
0
0
0
0
0
0
0
0
0
0
0
0
0
0
0
0
0
0
0
0
0
0
0
0
0
0
0
0
0
0
-4.643201485e-08
-2.490919129e-07
0
0
0
-1.031188921e-09
3.476291738e-07
1.177182147e-07
-9.859308667e-07
0
3.595580176e-08
0
-2.676960855e-06
-1.412370512e-05
0
0
1.536678936e-06
-1.764078279e-06
0
1.124229828e-07
0
-1.326046889e-06
0
0
0
0
0
0
0
0
0
0
0
0
0
0
0
0
0
0
0
0
0
0
0
0
0
0
0
0
0
0
0
0
0
0
0
0
0
0
0
0
0
0
0
0
0
0
0
0
0
0
0
0
0
0
0
0
0
0
0
0
0
0
0
0
0
0
0
0
0
0
0
0
0
0
0
0
0
0
0
0
0
0
0
0
0
0
0
0
0
0
0
0
0
0
0
0
0
0
0
0
0
0
0
0
0
0
0
0
0
0
0
0
0
0
0
0
0
0
0
0
0
0
0
0
0
0
0
0
0
0
0
0
0
0
0
0
0
0
0
0
0
0
0
0
0
0
0
0
0
0
0
0
0
0
0
0
0
0
0
0
0
0
0
0
0
0
0
0
0
0
0
0
0
0
0
0
0
0
0
0
0
0
0
0
0
0
0
0
0
0
0
0
0
0
0
0
0
0
0
0
0
0
0
0
0
0
0
0
0
0
0
0
0
0
0
0
0
0
0
0
0
0
0
0
0
0
0
0
0
0
0
0
0
0
0
0
0
0
0
0
0
0
0
0
0
0
0
0
0
0
0
0
0
0
0
0
0
0
0
0
0
0
0
0
0
0
0
0
0
0
0
0
0
0
0
0
0
0
0
0
0
0
0
0
0
0
0
0
0
0
0
0
0
0
0
0
0
0
0
0
0
0
0
0
0
0
0
0
0
0
0
0
0
0
0
0
0
0
0
0
0
0
0
0
0
0
0
0
0
0
0
0
0
0
0
0
0
0
0
0
0
0
0
0
0
0
0
0
0
0
0
0
0
0
0
0
0
0
0
0
0
0
0
0
0
0
0
0
0
0
0
0
0
0
0
0
0
0
0
0
0
0
0
0
0
0
0
0
0
0
0
0
0
0
0
0
0
0
0
0
0
0
0
0
0
0
0
0
0
0
0
0
0
0
0
0
0
0
0
0
0
0
0
0
0
0
0
0
0
0
0
0
0
0
0
0
0
0
0
0
0
0
0
0
0
0
0
0
0
0
0
0
0
0
0
0
0
0
0
0
0
0
0
0
0
0
0
0
0
0
0
0
0
0
0
0
0
0
0
0
0
0
0
0
0
0
0
0
0
0
0
0
0
0
0
0
0
0
0
0
0
0
0
0
0
0
0
0
0
0
0
0
0
0
0
0
0
0
0
0
0
0
0
0
0
0
0
0
0
0
0
0
0
0
0
0
0
0
0
0
0
0
0
0
0
0
0
0
0
0
0
0
0
0
0
0
0
0
0
0
0
0
0
0
0
0
0
0
0
0
0
0
0
0
0
0
0
0
0
0
0
0
0
0
0
0
0
0
0
0
0
0
0
0
0
0
0
0
0
0
0
0
0
0
0
0
0
0
0
0
0
0
0
0
0
0
0
0
0
0
0
0
0
0
0
0
0
0
0
0
0
0
0
0
0
0
0
0
0
0
0
0
0
0
0
0
0
0
0
0
0
0
0
0
0
0
0
0
0
0
0
0
0
0
0
0
0
0
0
0
0
0
0
0
0
0
0
0
0
0
0
0
0
0
0
0
0
0
0
0
0
0
0
0
0
0
0
0
0
0
0
0
0
0
0
0
0
0
0
0
0
0
0
0
0
0
0
0
0
0
0
0
0
0
0
0
0
0
0
0
0
0
0
0
0
0
0
0
0
0
0
0
0
0
0
0
0
0
0
0
0
0
0
0
0
0
0
0
0
0
0
0
0
0
0
0
0
0
0
0
0
0
0
0
0
0
0
0
0
0
0
0
0
0
0
0
0
0
0
0
0
0
0
0
0
0
0
0
0
0
0
0
0
0
0
0
0
0
0
0
0
0
0
0
0
0
0
0
0
0
0
0
0
0
0
0
0
0
0
0
0
0
0
0
0
0
0
0
0
0
0
0
0
0
0
0
0
0
0
0
0
0
0
0
0
0
0
0
0
0
0
0
0
0
0
0
0
0
0
0
0
0
0
0
0
0
0
0
0
0
0
0
0
0
0
0
0
0
0
0
0
0
0
0
0
0
0
0
0
0
0
0
0
0
0
0
0
0
0
0
0
0
0
0
0
0
0
0
0
0
0
0
0
0
0
0
0
0
0
0
0
0
0
0
0
0
0
0
0
0
0
0
0
0
0
0
0
0
0
0
0
0
0
0
0
0
0
0
0
0
0
0
0
0
0.0002925136414
3.354394495e-05
-3.619158444e-05
3.617548128e-05
-3.620126976e-05
0.0002877422352
3.621247326e-05
-0.0002902176785
0.0002901918901
-0.0002901901157
3.887775233e-05
3.888329505e-05
0.0003312458364
3.208834956e-05
-3.481491455e-05
3.48178332e-05
-3.481783321e-05
0.000292859044
3.488162993e-05
-0.0003288272465
0.0003288272465
-0.0003288272465
3.755463799e-05
3.789810461e-05
-6.825961561e-06
-0.0001021340451
0.0005580858907
-0.0005676367616
0.0005676829536
-0.0002823707016
-0.0005676839474
-0.0001239272345
0.0005676569196
0.0001130238655
-0.0001130248594
0.0001130101036
-0.0001130306138
0.0005776625474
0.0005776749189
-0.000102221778
0.0006403153736
0.0001021540606
-0.0006655668417
0.0006635058272
-0.0003271919531
-0.0006621470618
-0.0001226570299
0.000660931708
0.0001129639628
-0.0001116051974
0.0001130445512
0.0001107141055
-0.0001107141055
0.0006192045871
0.0006182241924
-0.0006063640517
-0.0001239635011
0.0006063769077
0.0001130367959
-0.0001130505313
0.0001130600599
-0.0006263847056
0.0006159927389
-0.0006159832102
0.0006159994948
0.00061597232
-0.0003091435678
-0.0001021431362
0.0003121369156
3.352850376e-05
-3.621054089e-05
3.621210788e-05
-3.621343552e-05
-3.618174902e-05
0.0003066798556
-0.0003090562177
0.0003090865766
-0.0003091134191
3.887380786e-05
-5.592996677e-05
0.000713566566
-0.0007232382333
0.0007232382333
-5.592996676e-05
-0.0007232382333
-4.4970823e-05
-0.0007232382333
-7.784220575e-05
0.0007232382333
6.688790422e-05
-6.688790422e-05
-0.0007232382333
-3.401405303e-05
2.305640245e-05
-2.305640247e-05
0.0003388065032
-7.419511119e-06
1.248614294e-05
-0.0001401588149
0.0001398192993
-0.0001398351529
0.0001398569661
-1.183288585e-05
3.891853374e-05
-0.0002851678726
0.0002823465549
-0.0002823030716
0.0002823114462
3.351762051e-05
-3.619398707e-05
3.620236161e-05
-0.0002800612284
-1.331483866e-05
0.0001673119734
-0.0001681245212
0.000167223367
-0.0001698892075
-0.0001665887079
1.314120528e-05
3.883425808e-05
-0.0003479623623
0.0003261106597
-0.0003261804588
0.0003263993664
3.350619978e-05
-3.598833287e-05
3.620724045e-05
-3.620786664e-05
-0.0003193762863
-5.777879915e-06
0.0001725440782
-0.0001682216152
0.0001696958687
-0.0001703601781
7.243814954e-06
0.0001566149049
1.381577079e-05
-1.445568037e-05
1.444157685e-05
-1.447635498e-05
-1.448215519e-05
-0.0001564802269
0.0001593658298
1.383367953e-05
-1.446076427e-05
1.448625082e-05
-1.444399827e-05
-1.444759381e-05
-0.000158380954
0.0001642428522
1.359204443e-05
-1.488552139e-05
1.451824624e-05
-1.564174166e-05
-1.443343393e-05
-0.0001613833875
-0.0006842358569
0.0006842358568
-0.0001216766352
0.0001107141055
-0.0001107141055
0.0006942232315
-9.976123841e-05
0.0006942232315
-9.976123841e-05
0.0007038948988
-0.0003388078839
-2.933594583e-05
2.659622238e-05
-2.69097283e-05
2.659646147e-05
-0.0003433257641
0.0003409125333
-0.0003412258002
0.0003409100928
0.0003412258002
-0.0003412228705
-2.385477564e-05
1.5637758e-05
-0.0003433248924
0.0003412211988
-0.0003412226871
0.0003412244922
9.844035232e-06
-0.0003409096326
-1.289847486e-05
1.290027995e-05
-1.259275266e-05
-0.0003384876487
-1.346500265e-05
-0.0001471626307
-0.0001482321628
-7.652495874e-06
-1.363445166e-05
-5.462629945e-06
3.831646876e-06
0.0001387845557
6.688790422e-05
-0.0007425770757
0.0007325672422
-0.0007325672422
0.0006160143372
0.0001348705999
-0.0001458827224
0.0001458134075
-0.0001460389815
-0.0001458274637
0.0001457945753
-0.0006063874702
-0.0001435860052
0.0001435860052
-0.0006842358569
0.0003409100928
-3.481515364e-05
0.0005776925273
0.0001348578738
-0.0001457811764
0.0001458252504
-0.0001457861926
-0.0005676855687
0.0006169653368
0.0001338934282
-0.0001435860052
0.0001460724491
-0.0001471028059
-0.000659891919
0.0007325672422
-0.0007325672422
-5.592996676e-05
2.305640247e-05
0.0007325672422
-9.976123841e-05
-0.0007232382333
0.0001107141055
0.0006942232315
6.256897113e-05
-3.767812286e-05
-3.863880391e-05
9.275135078e-05
9.093671721e-05
-4.918915656e-05
4.643730782e-05
-5.106333584e-05
-4.32632742e-05
-8.619840625e-05
9.303213462e-05
8.775216159e-05
-3.865607487e-05
4.434623705e-05
-3.189069361e-05
-4.857306262e-05
-9.984794215e-05
4.066910387e-05
4.619584936e-05
-1.05572148e-05
1.720427663e-05
-5.354423434e-06
-2.454118394e-05
-5.593151479e-05
4.554372023e-07
5.869054915e-06
0
2.444661244e-07
0
-2.059602265e-06
-4.206083554e-06
0
0
0
0
0
0
0
0
0
0
0
0
0
0
0
0
0
0
0
0
0
0
0
0
0
0
0
0
0
0
0
0
0
0
0
0
0
0
0
0
0
0
0
0
0
0
0
0
0
0
0
0
0
0
0
0
0
0
0
0
0
0
0
0
0
0
0
0
0
0
0
0
0
0
0
0
0
0
0
0
0
0
0
0
0
0
0
0
0
0
0
0
0
0
0
0
0
0
0
0
0
0
0
0
0
0
0
0
0
0
0
0
0
0
0
0
0
0
0
0
0
0
0
0
0
0
0
0
0
0
0
0
0
0
0
0
0
0
0
-0.0001568743303
2.160500659e-06
-2.161224746e-06
-0.0001569028589
1.865653463e-06
-1.837124869e-06
1.536444361e-06
-1.53687725e-06
-0.0001576915064
2.28017163e-06
-0.0001578107189
1.984866041e-06
1.625607273e-06
0.0001264530313
-3.059405173e-05
3.108239498e-05
0.0001261363672
-2.335634877e-05
2.367301286e-05
-1.782756376e-05
1.81148399e-05
-0.0001434849368
1.636277179e-06
-1.996610038e-06
-0.0001431886649
1.37369086e-06
-1.669962725e-06
1.102052204e-06
-1.370899177e-06
-0.000130761839
2.012878142e-06
-2.449388345e-06
-0.0001304415211
1.747491701e-06
-2.067809592e-06
1.4478728e-06
-1.709740349e-06
-0.0002431071194
-9.711490398e-06
-7.60206673e-06
-0.0001597536067
2.352111513e-06
-2.397816964e-06
-0.0001597041018
1.994173695e-06
-2.043678639e-06
1.661762166e-06
-1.714025543e-06
0.0001299594056
-3.406108254e-05
3.391702368e-05
0.0001300149536
-2.597207713e-05
2.591652909e-05
-1.985470468e-05
1.979855382e-05
0.0001233282255
-3.014514044e-05
3.048396078e-05
0.000123018221
-2.296351425e-05
2.32735187e-05
-1.757497525e-05
1.774471794e-05
-0.0001600764604
2.536155723e-06
-0.0001602419553
2.159668567e-06
1.784796506e-06
-0.0001466430259
-1.14669703e-06
1.174703968e-06
-0.0001466708028
-1.077344127e-06
1.105121125e-06
-9.457412741e-07
1.001014957e-06
-0.0001395035778
-1.174231351e-06
-0.0001394761877
-1.104734162e-06
-9.732713493e-07
-0.0001477906108
1.563279847e-06
-0.0001480959154
1.410425751e-06
1.195687496e-06
-0.0001488223315
1.979448804e-06
-0.000149127477
1.71557123e-06
1.417549663e-06
-0.0001559008315
-1.839740586e-06
-0.0001561056071
-1.632349218e-06
-1.390635882e-06
-0.0001583575052
2.575613481e-06
-0.0001585348526
2.162213424e-06
1.803079166e-06
0.0002101164894
2.98930524e-05
0.0002098928201
2.279525247e-05
-2.257158312e-05
1.740705152e-05
-1.723921947e-05
-0.0001519493098
-1.560528768e-06
1.788415584e-06
-0.0001521769213
-1.380154243e-06
1.607765776e-06
-1.165505654e-06
1.336188285e-06
-0.0001516869928
-1.389690159e-06
-0.0001518009598
-1.266187183e-06
-1.080115952e-06
0.0001332396806
-3.065049234e-05
0.0001332961207
-2.34127888e-05
-1.785583233e-05
-0.0001529151373
1.873259557e-06
-0.0001529434151
1.636043559e-06
1.392892863e-06
-0.0001522617994
1.902127943e-06
-0.0001522619553
1.636199414e-06
1.393224048e-06
0.0001270914823
3.165521417e-05
-3.165581578e-05
0.0001271205596
2.413103924e-05
-2.416011661e-05
1.845848199e-05
-1.845888024e-05
-0.0001610715312
-2.370788838e-06
-0.0001607300106
-2.011483334e-06
-1.646412453e-06
-0.0001231495702
-1.201462634e-06
-0.0001231494051
-1.104899289e-06
-9.732660258e-07
-0.0002014551498
-1.201580003e-06
-0.0002014550646
-1.104984479e-06
-1.000516234e-06
-0.0001502264004
-1.894837331e-06
1.614729972e-06
-0.0001500023383
-1.686966205e-06
1.462904069e-06
-1.388997001e-06
1.248903644e-06
-0.0001494362422
-0.0001494076372
-0.0001482924092
-0.0001481772667
-0.0001590262491
-0.0001589077143
0.0002242093319
3.385223728e-05
-3.292327952e-05
0.0002234901241
2.585236872e-05
-2.513316087e-05
1.976497849e-05
-1.919577464e-05
0.000130830966
0.0001307112576
0.000124398499
0.0001242302372
-0.0001509222995
1.445970301e-06
-0.0001507818953
1.322499867e-06
1.13648806e-06
-0.0001513757521
-0.0001513194394
0.0001288939697
-3.082167578e-05
0.0001290080789
-2.352689807e-05
-1.796975259e-05
-0.0001416723115
2.220434856e-06
-0.0001419612941
1.925182027e-06
1.595616437e-06
0.0001261882054
3.171427588e-05
0.0001261294649
2.418977967e-05
1.848820718e-05
-0.0001621995584
-0.0001620513731
0.0001227955373
2.246049709e-05
1.718339463e-05
-1.710056673e-05
0.0001214691872
0.0002038723372
2.039635648e-05
-3.009980768e-05
0.0002112662181
1.559331534e-05
-2.298719625e-05
1.196547645e-05
-1.757569047e-05
-0.000140203303
8.354477489e-07
-6.251042575e-07
-0.0001403874368
8.703257014e-07
-6.861919649e-07
7.645321674e-07
-6.331388127e-07
0.0001300331721
3.250500346e-05
-3.241571721e-05
0.0001299735288
2.480457952e-05
-2.474493619e-05
1.898607725e-05
-1.889742533e-05
0.0001274379326
1.394186025e-05
1.085600087e-05
0.0001295261527
0.0001291975713
-0.0001434738084
-1.282400162e-06
1.25572063e-06
-0.000143446956
-1.185990567e-06
1.159138155e-06
-1.053917171e-06
1.027432639e-06
-0.0001338303431
-1.228578745e-06
-0.0001338032666
-1.132060989e-06
-1.000489692e-06
-0.0001428732835
-1.309074862e-06
-0.00014284675
-1.212524004e-06
-1.053978899e-06
-0.0001408419316
1.177351271e-06
-0.0001410787417
1.107135749e-06
9.486658996e-07
0.0002130826045
0.0002128292251
0.0001285765607
-3.215185396e-05
3.232767738e-05
0.0001284011472
-2.451062792e-05
2.468604145e-05
-1.872173316e-05
1.886779699e-05
0.0002186054777
0.0002182846295
0.0002156775792
0.0002151904755
0.0001297537147
-3.292875119e-05
0.0001319137904
-2.514727203e-05
-1.92471192e-05
6.329255515e-07
-0.0001398644807
-0.0001398906135
-0.0002145312839
-0.0002146739114
0.0002209811148
-3.238649423e-05
0.0002209517486
-2.471557006e-05
-1.889724141e-05
-0.0001440752177
1.228674855e-06
-0.0001440750019
1.158922334e-06
1.027311884e-06
-0.0001432924527
-0.0001432655914
-0.0001422233326
-1.309075337e-06
-0.0001422230884
-1.21276816e-06
-1.054044814e-06
-0.000141410688
-0.0001415163204
0.0001274073808
0.0001273778522
0.0002255636097
3.377698021e-05
0.0002256790997
2.580103908e-05
1.973690282e-05
0.0001316903364
0.0001323441034
)
;

boundaryField
{
    topAndBottom
    {
        type            calculated;
        value           uniform 0;
    }
    inlet
    {
        type            calculated;
        value           nonuniform List<scalar> 0();
    }
    outlet
    {
        type            calculated;
        value           uniform 0;
    }
    wing
    {
        type            calculated;
        value           nonuniform List<scalar> 
70
(
5.122952879e-05
-0.000156902426
-0.0001578998819
0.0001258490911
-0.000142919818
-0.0001301796535
-0.0002344030005
-0.0001596518384
0.0001300711045
0.0001228484783
-0.0001603649896
-0.0001467260765
-0.0001394486576
-0.0001482905879
-0.0001493493391
-0.0001562518485
-0.0001587123245
0.000209724988
-0.0001523476039
-0.0001518863495
0.0001333243892
-0.0001530001197
-0.0001522622865
0.0001271209579
-0.0001604544974
-0.0001231494104
-0.0002014278144
-0.0001498622449
-0.0001493790846
-0.0001481200298
-0.0001588186607
0.0002229209202
0.0001306215314
0.0001240623135
-0.0001506694797
-0.0001512630673
0.0001291219992
-0.0001421636865
0.0001260997397
-0.0001619129891
-3.753324385e-05
0.0001227127094
0.0001214133624
0.0002168764321
-0.0001405188301
0.0001298848769
0.0001285474082
0.0001289878739
-0.0001434204715
-0.0001338032932
-0.0001428466883
-0.0001412628754
0.0002126041905
0.0001282550833
0.0002180511035
0.0002070545602
0.0002148464352
0.0001335852192
-0.0001392654204
-0.0001398908268
-0.0002147880354
0.0002209515647
-0.0001440748811
-0.0001432387692
-0.0001422230225
-0.0001416216993
0.0001273484078
0.0002257407507
0.000132833887
7.681423551e-05
)
;
    }
    front
    {
        type            empty;
        value           nonuniform List<scalar> 0();
    }
    back
    {
        type            empty;
        value           nonuniform List<scalar> 0();
    }
    procBoundary1to0
    {
        type            processor;
        value           nonuniform List<scalar> 
49
(
0
0
0
0
0
0
0
1.518215918e-05
-0.0002779605256
4.157921305e-05
3.083506882e-05
8.175269544e-06
0.0003244454571
0.000134828615
9.122129212e-05
0.0001239508896
3.353071148e-05
1.0460396e-05
9.720966863e-06
2.81150718e-05
0
0
0.000119506711
0.0001783986543
0.0003453858267
0.0003858728242
0.0004333477355
0.0004224825728
1.185469906e-05
1.11624635e-05
3.888105835e-05
0.0002956647708
0.000239731189
0.0004308418886
0.0004148451285
0.0003656041436
0.0003993388484
0.0001021509966
0.0001130294762
1.311390853e-05
1.250199654e-05
3.61911542e-05
0.0001457884162
6.986416534e-05
3.119461489e-05
-6.330709001e-07
-5.987960847e-07
0.0001392655658
-6.600591686e-07
)
;
    }
    procBoundary1to3
    {
        type            processor;
        value           nonuniform List<scalar> 
136
(
-0.0001514504134
2.622092491e-06
-0.0001618490212
-0.0001540739211
-0.0001567164055
-0.000157290038
-0.000158369022
-0.0001586354
-0.0001236670458
-0.0001885613796
-0.0002103961854
-0.0001597689046
-0.0001461944945
-0.0001552887658
-0.000124650587
-0.0001467825788
-0.001595929056
-0.001514169153
-0.001340515807
-0.001576698539
-0.000738740853
-0.001210918905
-0.0001627895736
-0.0005745665936
0
-7.477386063e-05
0
0
0
0
0
0
0
0
0
0
0
0
0
0
0
0
0
0
0
0
0
0
0
0
0
0
0
0
0
0
0
0
0
0
-0.0001705483354
5.249207182e-06
-0.0003339682201
-0.0003360756605
-7.419132576e-06
-0.0003433257113
-0.0001546241963
-0.0001557943295
-0.0007038948988
-0.0006942231548
-7.223585004e-06
-0.000159025004
-0.0001600907773
-0.0001546033858
-0.0001564593049
-0.0001580600826
-0.001585281284
-0.001552490705
-0.001446871343
-0.001526101027
-0.0009039129543
-0.001063794202
-0.0002796237967
-0.0004192788508
-1.582762387e-06
-2.093662857e-05
0
0
0
0
0
0
0
0
0
0
0
0
0
0
0
0
0
0
0
0
0
0
0
0
0
0
0
0
0
0
0
0
0
0
-0.0002695504196
-0.0003312404884
-0.000713566566
-0.0007232382333
-0.0003388076199
-0.0001562902705
-0.0001587618949
-0.0007325672422
-0.0007425770757
-0.0003409099872
-2.961335645e-05
-0.0001228785075
-2.237752685e-05
-0.0001215802732
-0.0002071647242
-1.699040275e-05
)
;
    }
}


// ************************************************************************* //
