/*--------------------------------*- C++ -*----------------------------------*\
| =========                 |                                                 |
| \\      /  F ield         | OpenFOAM: The Open Source CFD Toolbox           |
|  \\    /   O peration     | Version:  v2012                                 |
|   \\  /    A nd           | Website:  www.openfoam.com                      |
|    \\/     M anipulation  |                                                 |
\*---------------------------------------------------------------------------*/
FoamFile
{
    version     2.0;
    format      ascii;
    class       volScalarField;
    location    "2.8";
    object      omega;
}
// * * * * * * * * * * * * * * * * * * * * * * * * * * * * * * * * * * * * * //

dimensions      [0 0 -1 0 0 0 0];


internalField   nonuniform List<scalar> 
3259
(
30.46130381
30.48690868
30.52679368
30.5961179
30.70619726
30.90852972
31.30658941
32.00063375
33.42958089
36.44572488
45.44049534
109.5068614
30.36666108
30.3949049
30.44024395
30.51812797
30.64380984
30.87786819
31.32693227
32.08766055
33.63636112
36.92564371
47.47194781
155.029173
30.27720481
30.30808479
30.35824573
30.44323544
30.57776378
30.83302281
31.32134999
32.16027056
33.85521701
37.41692118
49.45059495
410.9046885
30.18782897
30.22112388
30.27555904
30.36749376
30.5111318
30.78339847
31.30474022
32.23874247
34.17255006
38.27992273
53.93797008
696.2350109
30.10094558
30.13666084
30.19456947
30.29143826
30.44182855
30.72718267
31.27469232
32.28975764
34.5701446
39.85213079
67.01821979
949.9013825
30.01055007
30.04837889
30.10934074
30.21110318
30.36848872
30.66323214
31.23117311
32.28359931
34.88088534
42.13234
108.4640733
806.110029
29.92109568
29.9609593
30.02439441
30.12901477
30.29030554
30.59138961
31.1745918
32.2550933
34.9640501
44.07505855
161.2857871
631.4606464
29.82571579
29.86713712
29.93284936
30.04093831
30.20715769
30.51220708
31.1066037
32.20955295
35.01748269
45.33690871
171.4102092
538.9483091
29.73157598
29.7743097
29.84175434
29.95130701
30.11906356
30.42655628
31.02917901
32.15068282
35.0598132
46.8443076
174.5891785
475.9151042
29.63010205
29.67356276
29.74257769
29.85477405
30.02641939
30.33536991
30.94414346
32.08155981
35.09892792
48.58756616
174.7018073
426.3082467
29.53182234
29.57573712
29.64565776
29.75811347
29.92947916
30.2394856
30.85309649
32.00502136
35.15017453
50.24141339
172.6266444
386.7900234
29.42494688
29.46882191
29.53959488
29.65407875
29.82897089
30.13971346
30.75754443
31.92446857
35.2385754
51.56278314
168.891841
354.7627665
29.32445477
29.36813261
29.43907648
29.55267596
29.72536367
30.03691369
30.65901594
31.8438442
35.37879803
52.54291091
164.1941253
328.3145768
29.21325274
29.25639976
29.32768511
29.44307391
29.61966234
29.93193936
30.55889536
31.76679871
35.55956736
53.24225858
158.9787904
306.1338009
29.1128522
29.15544396
29.22642297
29.33999725
29.51220418
29.82556166
30.45830506
31.69608172
35.75435209
53.70471536
153.3960109
287.3939065
28.9979233
29.03973941
29.11076369
29.22628936
29.40400824
29.71840525
30.35811441
31.63313526
35.94043038
53.96975021
147.6442949
271.34081
28.89994807
28.94107052
29.01154374
29.12451046
29.29497588
29.6109756
30.25903106
31.57810406
36.10534052
54.07568433
141.9116102
257.4348511
28.78102262
28.82127306
28.89160504
29.00689215
29.1862105
29.5036773
30.16159474
31.53006147
36.24491118
54.06340553
136.3952405
245.1876945
28.68799451
28.72754661
28.79726905
28.90949956
29.0770936
29.39684511
30.06619584
31.48737091
36.35794812
53.95792208
131.1414489
234.2710235
28.56375968
28.6024157
28.67182859
28.78658806
28.96909917
29.29079049
29.97310313
31.44814111
36.44409128
53.77327387
126.1503375
224.4915481
28.47876779
28.51679966
28.58570321
28.69755337
28.8609659
29.1858242
29.88250243
31.41064536
36.50414363
53.52113478
121.4185999
215.6644208
28.34663554
28.3837668
28.45217024
28.56575793
28.75512513
29.08241399
29.79458679
31.37357134
36.54021002
53.2159039
116.9776043
207.621307
28.27364922
28.31029711
28.37837427
28.49102741
28.64979495
28.98134906
29.70991999
31.33600727
36.55512488
52.87211167
112.8530407
200.2250162
28.10511827
28.14071123
28.20813189
28.32192925
28.55006649
28.88432379
29.63031327
31.29767127
36.55213153
52.50562734
109.0672964
193.3591488
108.4527744
135.5571031
45.18383358
91.73788337
47.15223534
112.1012079
93.30456186
117.681981
1089.818816
722.8071946
151.9010763
712.2150676
1058.258961
8577.715469
1098.790652
119.0155943
1708.207596
7670.130475
1066.842124
1680.313698
4583.78898
778.9050761
226.2327231
239.3927673
210.4475249
221.2734134
775.907764
569.7139483
196.9898526
206.7475924
193.9670223
561.1324421
745.9973133
758.4854078
245.059099
255.8055655
1346.474364
2721.406638
1863.849973
2925.186723
1102.019552
6713.004534
3191.24936
5776.118436
1098.106752
4191.645748
2339.794359
48.79931249
116.4395985
114.7364291
168.7144187
4231.897396
7928.405058
1006.153966
407.3870238
425.8797264
6521.688512
3420.757635
724.1560078
895.8480331
8708.912767
322.0419762
364.9931377
432.7551771
449.2887874
1106.214614
2136.076715
1724.816546
8321.530537
1940.794879
1750.799031
15941.98643
1076.948961
1600.078177
380.7137221
401.0397977
916.3042165
748.7823222
361.1576557
375.6551024
730.8649323
811.4857145
1146.293458
461.0192607
503.3405395
6230.029398
7048.19405
1797.777587
7640.247383
5586.684283
2413.97282
1078.541361
6689.116865
3987.63139
7420.920838
4420.604674
1542.823519
343.730037
356.8289585
743.7495166
634.5524849
325.8575221
339.3922896
1636.99433
1615.410021
1036.076562
1711.197905
1071.844203
1670.173353
1657.331389
1679.887727
310.0902932
321.5956646
607.2268846
543.9974293
297.6318076
306.8618026
1064.347941
1064.354238
742.9244937
760.8465505
1071.699314
1075.956303
1422.819459
935.4937847
923.055272
12249.1798
2228.012607
2223.341988
5049.720694
4235.751474
1735.815052
1715.315719
1088.149209
6481.799973
7056.567424
6748.466458
5338.147228
1154.476463
1779.526038
1725.386582
3216.086451
1637.066385
1650.140933
2071.691553
983.8527559
1572.204269
1512.015611
832.4525286
1160.535316
13020.18502
1108.297131
767.9484686
770.8443434
1729.097866
7976.028342
8253.531955
9531.816425
6179.637337
5858.105198
1685.300752
1674.046556
1072.530502
1645.842784
1679.879596
1680.944295
1664.006566
1667.270116
1115.149469
1126.484952
788.5816305
1738.571474
1645.718535
1697.575125
1688.741209
796.5425241
801.0592363
1148.598485
6078.855569
8888.466713
9219.730204
8830.263357
8781.235896
6694.754421
1747.564984
6667.91647
4857.740872
5238.662242
1086.163591
1707.370964
1692.538851
6646.588186
7287.329369
7043.781319
5788.113647
6295.383294
7728.618614
7351.531511
4794.366026
6954.333449
6029.215869
2104.199482
1696.355231
1143.655746
31.98829657
32.94920201
33.38935791
35.35484402
36.3549137
41.6830649
32.07184661
33.11381764
32.97898616
33.59224556
35.7308659
35.43555361
36.82689449
42.92982792
41.87419392
45.8818808
54.24219731
52.96513194
112.9025832
178.5279517
170.8819215
32.14187467
33.27508326
33.14985307
33.7921845
36.09124222
35.8101475
37.26754327
43.92482438
43.18919889
47.87467285
56.19657812
57.85157385
157.2204868
292.2305731
264.8678958
32.22046152
33.49945422
33.32465778
34.08347821
36.67504989
36.2109132
38.00644119
45.91060833
44.31931352
52.18384667
175.9554007
123.6302927
610.8127331
32.28266884
33.77365673
33.56514776
34.46925002
37.65727641
36.87930542
39.38157436
51.13517634
46.95307328
61.92240068
377.4409583
202.2247564
947.1983467
32.28776627
33.98695074
33.83999043
34.82612436
38.9955285
37.96973295
41.51866736
64.68233737
53.51413255
94.23184496
722.8309669
469.6827314
852.0170956
32.26406084
34.03217942
34.00716702
34.94801094
40.10184617
39.33696063
43.76065813
90.19408721
70.63010438
150.9330088
692.0758151
736.8348997
668.2810604
32.22235101
34.04526966
34.03726735
35.00547546
40.69110504
40.24618889
45.00531794
102.2267926
95.49244682
169.9807569
616.7116489
671.3740008
557.2339294
32.16648004
34.0423709
34.04544605
35.04986219
41.339231
40.84519009
46.43749111
107.6548948
103.8585678
174.1095714
556.7613332
600.6346185
490.3139292
32.09964428
34.02962332
34.03986153
35.08883187
42.13322571
41.51968572
48.14545337
110.7705064
108.6182657
174.8751776
506.9313744
543.494836
437.6360113
32.02467487
34.01372465
34.02554763
35.13488626
43.11652922
42.36382916
49.85429604
112.2677919
111.2757631
173.3161409
464.7057544
495.7266121
395.8868078
31.94476459
34.00716166
34.01049991
35.21174312
44.1395998
43.3767128
51.26659952
112.4919254
112.4313182
169.9420274
428.67173
455.1718424
362.1789574
31.86379371
34.02438994
34.0085855
35.33905195
45.0367433
44.37914367
52.32621771
111.8075187
112.4028938
165.4231008
397.6340627
420.506067
334.4935986
31.78555128
34.07452886
34.03382957
35.51197274
45.7575211
45.23354653
53.09113886
110.4999121
111.5299789
160.322191
370.5337303
390.5362966
311.3188744
31.71306607
34.15189518
34.0917207
35.70574085
46.30524419
45.90985553
53.60922457
108.7034392
110.091148
154.8123322
346.7021626
364.3158994
291.792961
31.64811646
34.24345903
34.17393536
35.89557236
46.6990852
46.41700635
53.91979989
106.5438075
108.1912471
149.0878949
325.6146385
341.2290349
275.1186234
31.59115636
34.33693942
34.26698928
36.06640101
46.96272313
46.77595697
54.0619722
104.1455823
105.9596616
143.3271754
306.7550112
320.755056
260.7146294
31.54149967
34.42430402
34.35951894
36.21246227
47.12307153
47.01122784
54.0751285
101.6593548
103.5264128
137.7472399
289.7610362
302.4124261
248.0787921
31.49764769
34.50078816
34.44453044
36.33220118
47.20154623
47.1496841
53.9921229
99.16307014
101.0342831
132.4253952
274.3291629
285.8617401
236.8313559
31.45772731
34.56329918
34.51775311
36.42504597
47.20878683
47.20949715
53.82616569
96.68075732
98.54050161
127.3668432
260.2254899
270.8211882
226.7569074
31.41993849
34.61025189
34.57646113
36.49146507
47.15470728
47.20083112
53.58963831
94.22526858
96.06455918
122.5611875
247.2299948
257.0699512
217.6685391
31.38286044
34.64155163
34.61945809
36.53327968
47.04813311
47.13231182
53.29606302
91.82457593
93.62223951
118.0289512
235.1606978
244.398101
209.38336
31.34547793
34.65808913
34.64696144
36.553142
46.90014591
47.01457167
52.95964136
89.50349452
91.24710423
113.7865424
223.8732032
232.640028
201.7461342
31.30710108
34.66122984
34.6600227
36.55413038
46.71913467
46.85826025
52.59059161
87.26555555
88.96836727
109.8232748
213.2620071
221.6736533
194.6206958
31.26474851
34.65223616
34.6603626
36.53780046
46.49979762
46.67468369
52.17420831
84.98866737
86.81575753
105.8987225
202.5698024
211.4159774
187.4333764
168.3677259
161.5124878
105.398751
257.7051887
240.3785798
133.5820561
1175.313513
52.53394045
51.17213128
44.80077549
87.55218864
56.6100022
58.04489443
57.424431
54.66382677
46.07004356
100.2940512
60.814092
64.75779983
58.5593357
60.25282575
98.06570789
190.0470729
181.5641392
114.0632363
1084.660327
731.2633729
740.8561958
531.06799
538.6055516
730.8982336
3179.517355
3779.938732
178.4135947
2948.873994
2386.523629
1096.804309
978.9148675
695.0819126
512.4132017
522.9260767
295.0321829
537.5518383
104.4878332
159.3803555
12334.68472
1231.10043
2160.135077
751.57638
756.3053112
1099.529389
122.8198502
203.6055051
194.1205012
5687.691691
5843.004595
9686.256782
589.2948708
603.6229491
807.8141402
229.4511252
300.3273232
295.675955
342.6115837
319.9112851
235.3887799
213.7754086
275.5514604
270.4800195
287.1380303
282.1943543
217.9459058
761.8775584
572.0132153
581.5001174
448.5006118
454.8048544
576.3661594
200.116814
254.2368235
249.5596737
264.701701
259.5213833
203.4593457
188.1950613
237.0429597
245.1484817
241.0149218
191.0459156
556.1185001
437.1996647
442.4035687
247.7097165
364.758473
349.1980186
401.7055685
373.4284203
256.898659
1967.291801
2643.610719
2563.700039
3913.43084
3635.256404
2769.152246
3396.752314
4598.356551
4211.633012
3816.56796
2936.162252
58.04851594
57.14687432
48.3931679
124.8350519
74.57022816
76.604042
65.44268469
66.00929687
122.3575919
312.5391427
267.640057
162.0655455
4582.27836
948.1399409
1173.271086
385.8099772
329.8965697
6842.060885
684.9031445
711.8744343
1058.757789
413.6484764
525.521379
512.6897064
545.015669
537.463535
420.5238768
4833.218038
1266.80822
1783.132982
1576.237078
1750.622706
3883.425608
1053.119003
1050.27262
718.3894916
3414.59541
4926.179394
13140.91911
337.2548047
589.6241957
541.8879571
661.2174129
606.807946
352.1747033
437.4234115
559.6763934
554.5184645
574.2240559
570.0116306
445.3394958
1784.894749
2164.595395
3696.416299
3413.362952
4320.361598
4813.271414
2343.313801
13691.60858
12526.89301
386.9126444
473.7770925
465.3346321
497.6026652
485.1218506
393.224425
831.7449459
622.1696225
649.4721011
558.0501483
565.9407193
757.8574388
366.0360439
445.7040873
439.6304013
458.2605552
451.6140387
370.5231495
735.2077051
1058.528804
1057.981626
464.5318457
595.5862812
591.3363395
660.7214806
666.2940485
505.7646285
4207.204113
4432.418265
6013.266087
2537.24268
3402.904739
3186.420875
5516.959193
5011.95217
3723.422248
348.1383334
422.8799465
417.0947551
434.0680802
428.3167832
352.3221433
736.56073
544.8708606
552.0062345
485.5535323
499.6438722
668.3582797
330.4249627
397.4560972
390.1139113
411.1312861
404.5843866
334.9598541
313.7626518
371.4601481
366.4607844
383.2461418
376.9213857
317.4073937
590.2649719
462.9022677
473.2349894
426.783417
431.7061964
549.1557119
300.5871802
352.4966888
347.8912409
361.7162207
357.1110601
303.5348848
2997.746056
2815.601867
2059.485634
4810.943392
3736.750818
3858.723076
3376.468074
3473.302131
4535.683295
3489.880077
1081.42125
2171.282578
1535.621298
2292.439564
2203.128158
1133.737968
13382.91902
4988.725552
5095.586759
9482.854487
11253.06615
8362.108661
6778.721177
8964.96791
8537.339792
8615.766934
9645.531136
6788.007288
30.74358065
30.82707372
30.94016351
31.09328703
31.31292225
31.75729302
30.67574637
30.77107452
30.78840254
30.89957148
31.07590716
31.07269915
31.32801842
31.81767894
31.76520411
32.01581754
32.29633583
32.27651502
33.4672181
34.01548746
33.97001094
36.53880585
37.87156774
37.74422365
110.6354318
125.1842114
123.7817684
30.60973152
30.71547746
30.74013671
30.85632442
31.05009095
31.06370033
31.32526786
31.863425
31.82763676
32.10559624
32.41229172
32.38870849
33.683166
34.27666101
34.21963197
37.02686063
38.50358872
38.37880798
30.54392413
30.65806928
30.68394349
30.80934359
31.01803975
31.03510669
31.31505548
31.90906749
31.87414709
32.18090439
32.5208269
32.49129878
33.92457751
34.57650344
34.48930897
37.58044569
39.19596276
38.99451063
50.04357281
60.22987236
59.08795123
484.154972
1932.826243
2127.101905
30.47628721
30.59672289
30.625041
30.75655515
30.97683033
30.99863698
31.29131842
31.93119523
31.91698921
32.25583557
32.64430528
32.61418332
34.26760439
35.02708149
34.8992984
38.59073796
40.59945695
40.1486735
55.68980598
71.14779386
67.04062375
792.3144957
1377.858828
1498.149061
30.4051688
30.53001148
30.56152083
30.69650314
30.92566162
30.95253282
31.25463485
31.91839075
31.93002276
32.29076443
32.73444896
32.72068729
34.66601277
35.60435403
35.45801176
40.36322149
43.34241419
42.51848507
73.50111532
117.2213217
99.32486485
931.6467616
935.8309678
1043.604473
30.32943021
30.4572104
30.49220834
30.62851376
30.86433915
30.89624206
31.20441961
31.88502875
31.91115129
32.27838791
32.74013651
32.74169268
34.91117645
36.05938668
35.97932065
42.73876952
47.77271714
46.54686574
123.0385927
231.1636602
199.4405512
756.6615007
542.4789429
624.3740933
30.2487904
30.37829094
30.41671102
30.55285756
30.79368209
30.83010282
31.1418972
31.83514053
31.87353054
32.24518621
32.71907001
32.72616909
34.97883256
36.21141576
36.17694153
44.37644322
51.56825428
50.90408904
166.0376956
318.208634
307.6622815
598.8000548
360.065388
387.1928531
30.16309124
30.29362395
30.33521826
30.47027806
30.71496027
30.75525311
31.06894705
31.77201662
31.82018229
32.19596354
32.68043941
32.69150724
35.02876459
36.34461511
36.31176608
45.68408976
54.47905899
53.71768912
172.5559948
318.6004958
319.2700414
521.7848301
317.3396533
326.1743788
30.07273863
30.2037442
30.24819151
30.38171155
30.6293959
30.67296633
30.98750508
31.69855874
31.75431821
32.1342394
32.62856523
32.64258095
35.06948189
36.47751391
36.44364329
47.26771051
57.51578204
56.78141048
174.8502108
311.4361637
313.6520924
462.3770243
289.0121931
295.2356327
29.97783315
30.10921606
30.15619435
30.2880479
30.5380516
30.58439011
30.89927527
31.61729859
31.67874458
32.06298672
32.56703655
32.5831494
35.10967133
36.62857671
36.58721378
49.02317569
60.06537873
59.49346237
174.3556163
300.5399187
303.53596
415.6110178
268.07258
272.8065314
29.87913191
30.01061628
30.05977032
30.19009319
30.4419108
30.49051767
30.80578531
31.53078195
31.59595291
31.98509259
32.49956583
32.51674315
35.16779503
36.83661182
36.77711166
50.60605233
61.91771686
61.51690177
171.8232154
287.2883399
290.7696544
378.1657884
251.6267669
255.4138136
29.77688341
29.9086365
29.95956711
30.08867981
30.34205901
30.39238008
30.70855693
31.44180367
31.50857653
31.90415027
32.43130707
32.44812505
35.26869795
37.1264033
37.04692364
51.83706722
63.16932346
62.90402059
167.7774295
272.749205
276.4353952
347.6975864
238.1857988
241.3169533
29.67230762
29.80403615
29.85630143
29.98467525
30.23960817
30.29109634
30.60907479
31.35301873
31.4194277
31.82410619
32.36821403
32.38320492
35.4211023
37.47193234
37.38312953
52.74193208
63.97537994
63.80884564
162.9297301
258.0597382
261.7157792
322.3995362
227.0018366
229.614561
29.56546554
29.69757143
29.75078476
29.87890054
30.13554832
30.1877282
30.50859601
31.26662808
31.33106766
31.74842887
32.31518785
32.32733025
35.60795063
37.82234027
37.7367622
53.37831734
64.43289155
64.34790867
157.6065168
243.6123039
247.2013382
301.1540055
217.5105338
219.7554321
29.45785384
29.58988875
29.64369121
29.77204652
30.03068165
30.08318195
30.40810393
31.18425659
31.2455583
31.67957563
32.27455813
32.28355924
35.80231001
38.13972904
38.06468045
53.78827949
64.59997084
64.58105873
151.9650267
229.559232
233.0257076
283.1417763
209.2250439
211.2051554
29.34884816
29.48152758
29.53569229
29.66467626
29.92564017
29.97816732
30.30838045
31.10692883
31.16437752
31.61864247
32.24571467
32.25193542
35.98385757
38.40756169
38.34554774
54.00943037
64.52731682
64.56463857
146.1963947
216.1016108
219.4070604
267.6652598
201.8621512
203.6285874
29.24035828
29.37290252
29.42717869
29.55722099
29.82092
29.87325489
30.21004659
31.03500691
31.0883971
31.56547964
32.22621491
32.23038161
36.1426249
38.62378095
38.57433763
54.08251236
64.27468517
64.35106061
140.5052497
203.4720774
206.5465859
254.2054235
195.2396484
196.8454192
29.13072898
29.26433865
29.31867864
29.45002089
29.71689427
29.76889293
30.11354134
30.9681752
31.01780021
31.51894662
32.2128952
32.2158256
36.27564123
38.79286811
38.75476091
54.04501396
63.89898881
64.00249428
135.0522463
191.8137875
194.652373
242.2978458
189.1489203
190.6396078
29.02278064
29.1560713
29.21033701
29.34331668
29.61385176
29.66545294
30.01915948
30.90563256
30.95212794
31.47729901
32.20250989
32.20499598
36.38194813
38.91876926
38.89116733
53.91864397
63.42905478
63.55451884
129.863349
181.0965678
183.7116937
231.6594695
183.5037601
184.8937115
28.91325403
29.04822475
29.10269302
29.23726023
29.51195375
29.56326038
29.92701674
30.84636834
30.89050265
31.43865002
32.19222386
32.19491237
36.46143608
39.00446403
38.98661909
53.7158387
62.88003376
63.02409952
124.9312121
171.2462987
173.6673102
222.1023669
178.2667532
179.571605
28.80656814
28.94076321
28.99572819
29.13180893
29.41120114
29.46264407
29.83700074
30.78943843
30.83190324
31.40136514
32.17996837
32.18329634
36.51524628
39.05358362
39.04452206
53.44889284
62.26764789
62.42592914
120.2585178
162.2094797
164.4543531
213.4363601
173.3816096
174.6251391
28.69659652
28.833362
28.8903305
29.02668843
29.31128948
29.36404691
29.74866248
30.7340373
30.77542397
31.36424241
32.1645114
32.16871106
36.54577752
39.07103081
39.06943596
53.13232694
61.61183079
61.78007713
115.8710728
153.9708803
156.0677546
205.4933071
168.7867182
169.9992683
28.58996806
28.7250502
28.78675337
28.92094364
29.21129512
29.26824735
29.66081456
30.67947182
30.72030838
31.32643595
32.14517245
32.15038002
36.55569752
39.06150899
39.06627931
52.77865654
60.92777645
61.10587083
111.7713078
146.4985338
148.4998605
198.1280629
164.4202247
165.6438597
28.46564198
28.60626669
28.68741999
28.80558023
29.10295869
29.17683336
29.56661549
30.62169694
30.66625796
31.2870479
32.12156227
32.12831129
36.54838202
39.02934304
39.04032297
52.39424747
60.22076951
60.42492718
107.9321933
139.7677669
141.771564
191.210875
160.2166816
161.5142844
122.3781761
121.0228966
107.3838931
168.032077
161.625876
137.7541824
90.29911276
75.42721695
76.45098147
110.5001563
88.75992447
90.38058256
77.5374346
78.60666985
94.82119236
134.2382536
132.7726573
116.4831586
102.8490476
114.2270501
120.2019438
137.324028
136.1068764
2499.995355
91.85262656
93.40709806
117.2396257
2705.115838
2962.401103
7587.536335
5792.996569
4746.28428
5237.459193
2021.519245
2274.103067
2846.599591
1700.15395
32.25973411
32.23058635
31.96716592
32.90611443
32.53954046
32.57834771
33.91918182
33.86305771
33.34164934
35.27855677
34.49717223
34.56168882
37.63989097
37.51035015
36.2564954
41.43885043
39.16584928
39.33518412
32.36652455
32.31164246
32.02744938
33.03285378
32.64324784
32.71009505
32.59924277
32.62427062
33.00991841
34.16614647
34.04783471
33.49450743
35.55158095
34.72054702
34.86498556
34.62673931
34.68196226
35.5043561
38.25133632
37.9516019
36.59887706
42.30969927
39.75784989
40.17326867
39.4707668
39.64412314
42.13445855
128.1024701
126.6445237
111.7326111
176.0286359
147.1696113
149.0664639
143.4080516
145.2299923
173.2972895
32.46340244
32.43696491
32.12252448
33.22961706
32.80200718
32.83735482
32.73898625
32.76925382
33.18788758
34.41058135
34.3403513
33.73520116
35.98769901
35.07620295
35.16181269
34.92978774
34.99880945
35.89352777
38.80118636
38.65071961
37.14289543
43.68431706
40.70438784
40.88878638
40.34874775
40.50787069
43.40343383
204.7694972
208.3639172
272.2817031
32.58267351
32.551395
32.20006741
33.4369829
32.95952059
33.00495508
32.87541016
32.91621847
33.37872261
34.78111587
34.67397722
34.00071325
36.50051804
35.49054124
35.62743976
35.258914
35.36704883
36.34406751
39.76119882
39.46830108
37.78207763
45.30535982
41.8061324
42.20280019
41.15453868
41.40786825
44.66846604
63.96512137
61.92404025
51.14016389
149.8425628
83.92970073
90.06233635
78.32861542
81.18070089
138.7483079
1629.37615
1771.786748
532.7906314
1230.285502
1108.907347
1504.224218
1350.95036
32.69941781
32.67345038
32.27132151
33.70333247
33.14580636
33.19113454
33.05180224
33.0994806
33.63411985
35.31018161
35.16460224
34.36648896
37.37059907
36.14222362
36.34605189
35.78272494
35.95233415
37.10527749
41.7722723
41.15794624
38.96994454
49.4707554
44.36196992
45.33051245
42.81653002
43.48536986
47.96888794
86.48674943
77.45510165
58.52945804
299.6002182
128.9760813
156.124534
97.2907153
111.5496507
253.243206
1153.11074
1260.966158
873.0884141
753.4488359
643.6652934
987.8767757
868.198377
32.74219686
32.74101021
32.28990591
33.94995277
33.28898901
33.30160509
33.23158041
33.26517589
33.89978372
35.87135374
35.7442263
34.75285288
38.64632535
36.99882468
37.21010685
36.56001659
36.77950464
38.30055461
45.36999746
44.31045824
40.924991
60.14571106
49.84363908
51.89705009
46.60041864
48.02220841
56.27468324
167.2677449
140.352034
82.99825232
667.9499136
288.8235897
354.2651382
190.0122991
239.0254724
575.6479883
719.3460936
825.4359993
896.5081473
404.2171262
355.8988345
544.5197626
465.864843
32.73210855
32.73686706
32.27174462
34.025704
33.31057045
33.3101814
33.30648975
33.30955154
34.01760207
36.14170698
36.10523627
34.93063847
39.9192547
37.68752005
37.76295382
37.40317958
37.56826684
39.64910026
50.09672394
48.97347522
43.2946026
84.07935087
59.94887528
62.65492904
54.3933611
57.05465448
77.00378852
287.3244073
263.0950653
138.581216
713.7008797
533.4748235
563.7111761
424.3420802
486.6356917
731.5879963
424.0162526
476.6857531
712.6919427
267.842109
250.8651422
318.717397
289.6996519
32.70166787
32.71087682
32.23419435
34.04363773
33.30207328
33.29696379
33.30888909
33.30613314
34.04104731
36.27870741
36.24528637
34.99261024
40.54005889
37.97804237
38.05064957
37.8342868
37.90596255
40.39182425
52.97521498
52.25732715
44.6860613
100.364405
67.86316834
69.2546986
64.94242689
66.43349316
98.25456338
319.5339333
319.4155111
168.2200537
633.5050036
560.3947223
549.8490113
572.0371134
570.559057
651.2028332
335.9370526
346.7235401
576.822194
226.5766548
223.3876211
239.1551293
230.4965321
32.65591958
32.66856575
32.18157489
34.04421089
33.27587503
33.26722144
33.29080138
33.28374309
34.04512205
36.41037161
36.37741772
35.0395533
41.16776947
38.27376177
38.35105605
38.12395454
38.19824127
41.00372338
56.02256129
55.25095051
46.05054765
106.5535704
73.0285437
74.11283205
70.58874678
71.85111672
105.2938934
315.6206319
317.3061034
173.460223
570.6710587
518.6330244
508.5282333
539.3539493
528.9283138
585.2816143
301.9748452
309.3117259
505.5861233
214.6127169
211.9281889
220.3387873
217.4143257
32.59880006
32.61396479
32.11722159
34.03342052
33.23733683
33.22625067
33.25787777
33.24790196
34.03687901
36.54871904
36.51235551
35.07910857
41.91560561
38.60114349
38.69402658
38.43078721
38.51384089
41.71145886
58.87660841
58.21607937
47.70344242
110.1637592
76.80028592
77.52271877
75.10188448
75.9962467
109.4504354
306.3632036
309.0033374
174.9387489
518.6181891
479.5888705
470.3699547
498.6597464
489.0125406
530.7906412
277.850168
283.2399638
449.6319849
204.5167175
202.2653397
209.3528768
206.8830544
32.53375964
32.55055738
32.04402021
34.01743244
33.19077878
33.17850357
33.21474432
33.20289621
34.02145429
36.72288996
36.67355932
35.12154015
42.85850413
39.01770601
39.14254127
38.7937861
38.90151294
42.60657883
61.07579124
60.59247969
49.44713807
112.0205874
79.26700358
79.72321437
78.17060613
78.7506103
111.6914525
294.1441798
297.4055418
173.8967591
474.6381875
444.0552817
435.7207109
461.3771789
452.5993387
484.9624316
259.402622
263.6148597
405.4777135
196.0887172
194.1925535
200.11744
198.0609663
32.46515922
32.48233927
31.96499562
34.0067946
33.14220562
33.13079696
33.16623155
33.15410711
34.00819421
36.97177461
36.90153401
35.18820694
43.8912084
39.56186801
39.71191074
39.27559217
39.41588768
43.63612553
62.60850554
62.28066267
50.94795384
112.5293365
80.76617124
81.01480372
80.1234808
80.47119675
112.5337485
280.0987241
283.7254541
170.9270661
437.1722722
412.0142591
404.5188947
427.6128531
419.7030574
445.9881394
244.5916883
248.024599
369.9679635
188.8984209
187.2500555
192.3658218
190.6021728
32.39876396
32.41482533
31.8839152
34.0169902
33.10066007
33.09246287
33.11999304
33.10988062
34.01169004
37.29536012
37.20947952
35.30226166
44.82845642
40.16989563
40.32006329
39.86436501
40.01758233
44.60917259
63.61994282
63.40735814
52.09134724
112.0472454
81.52470871
81.62502765
81.223085
81.3916615
112.2485173
265.3822855
269.0639801
166.6221191
405.0072505
383.2617065
376.5322503
397.2445514
390.1499649
412.6078292
232.3388272
235.1932703
340.9509498
182.6002466
181.1398539
185.6531974
184.1036614
32.34022414
32.35386925
31.80466835
34.05902016
33.0749707
33.07165198
33.08540491
33.07956644
34.0454272
37.64945205
37.56093623
35.46566029
45.59399981
40.74811683
40.88078021
40.46708052
40.61006112
45.41944738
64.24369654
64.11998339
52.92461142
110.8762424
81.74875807
81.73635084
81.6951341
81.74031074
111.2207829
250.8030917
254.4254946
161.6423211
377.0001411
357.4097612
351.3301533
369.9998259
363.6115007
383.6377277
222.0790332
224.4941761
316.7419281
176.9962301
175.6881171
179.7205594
178.3393913
32.29332787
32.30386864
31.73051761
34.13065985
33.0694954
33.0708813
33.06963794
33.0690007
34.11052275
37.98661341
37.90572453
35.65682242
46.18353362
41.24352965
41.3520703
41.00773565
41.12875569
46.0519227
64.54915169
64.4993297
53.5004849
109.1914381
81.5565288
81.44932821
81.704102
81.64203797
109.6556431
236.5198526
240.05384
156.2196279
352.4115325
334.0041774
328.4718584
345.4271455
339.6297626
358.243224
213.2402332
215.3432348
296.3863446
171.9599454
170.7760805
174.4143524
173.17147
32.25878689
32.26631051
31.66359172
34.21995407
33.08158655
33.08677634
33.07353888
33.07713822
34.19672468
38.28022267
38.21158895
35.84947372
46.61381824
41.6411194
41.72540547
41.45449259
41.55087344
46.51996346
64.58765935
64.59791583
53.85967883
107.1108487
81.01101191
80.82882024
81.32158232
81.17588116
107.6611723
222.7476562
226.1386272
150.5318058
330.7004393
312.7120315
307.650159
323.111826
317.8292002
335.850036
205.4377488
207.3071813
279.0681295
167.3816072
166.2980587
169.6198778
168.4875885
32.23498521
32.24007594
31.60465814
34.31389028
33.10583773
33.11298792
33.09262389
33.09902394
34.29054702
38.52187536
38.46629543
36.02588826
46.90749258
41.94502996
42.00774412
41.80404872
41.87722972
46.84543957
64.41939904
64.47848769
54.04005458
104.7585523
80.19604428
79.96071168
80.63148952
80.42029548
105.3647592
209.6668651
212.8614871
144.7595145
311.3392344
293.2100755
288.5510265
302.7522082
297.8955189
315.9311509
198.4730086
200.151561
264.1517603
163.1831968
162.1829009
165.2390511
164.1995669
32.21898661
32.22242805
31.55328966
34.40331626
33.13577052
33.14349831
33.1204236
33.12805913
34.38170918
38.71391611
38.67026067
36.17835679
47.0912764
42.16845657
42.21338679
42.06575901
42.119333
47.05427472
64.09970658
64.19057996
54.08087882
102.2830895
79.20577809
78.94047248
79.71646231
79.46471492
102.9060538
197.5238018
200.4771214
139.1211284
293.9328808
275.3248713
271.0282814
284.073846
279.6046512
298.045494
192.1358881
193.681501
251.1294166
159.2837089
158.3422518
161.2026409
160.2337375
32.20752518
32.21013792
31.50815456
34.48286678
33.16626628
33.17345515
33.15121073
33.15883741
34.46411056
38.86102071
38.8282416
36.30475669
47.18884906
42.3251064
42.35487743
42.25442857
42.29170566
47.17174093
63.67474411
63.78960748
54.02121001
99.78654839
78.11377828
77.82840629
78.66990981
78.39433645
100.4103268
186.3415083
189.0640869
133.7345323
278.166387
258.882179
254.8947415
266.934037
262.7979726
281.865001
186.2725225
187.7118212
239.5762636
155.6055964
154.7126483
157.4194274
156.5020831
32.19750094
32.20001665
31.46742867
34.54907981
33.19325383
33.19906461
33.18039148
33.1870217
34.53390059
38.96642999
38.9438204
36.40433172
47.2124521
42.42341966
42.43948811
42.38112537
42.40408097
47.21340765
63.16363348
63.29872796
53.87474908
97.30024777
76.94948404
76.64854394
77.53930589
77.24623039
97.91928822
176.069017
178.5828761
128.613949
263.7980769
243.7211491
239.9884818
251.1513552
247.2999638
267.1255027
180.8371703
182.1823811
229.2504443
152.1293996
151.2814288
153.8427721
152.9725961
32.18643412
32.18939761
31.4292578
34.59998538
33.21385681
33.21777533
33.20446394
33.20941861
34.58873244
39.03336623
39.01997858
36.47723386
47.17355431
42.46949543
42.47375938
42.45253654
42.46259488
47.18905125
62.58053342
62.73222845
53.65471608
94.83783902
75.72950061
75.41706523
76.34518018
76.03826584
95.44822729
166.6269754
168.9569385
123.7502299
250.6106102
229.6801322
226.14861
236.5685628
232.9427744
253.6018971
175.7838512
177.0550962
219.9703707
148.8447492
148.0328069
150.464647
149.6357862
32.17268301
32.17643075
31.39211325
34.63514124
33.22650535
33.22831555
33.22120705
33.22413266
34.62779034
39.06599468
39.06073577
36.5249626
47.07901902
42.47020017
42.46394343
42.47455475
42.47338064
47.10709336
61.94406215
62.10758373
53.37411053
92.42464049
74.47617787
74.15809317
75.1049816
74.78954594
93.01589377
157.9928198
160.1578073
119.1596288
238.4130892
216.6590622
213.2833204
223.045509
219.599118
241.0892163
171.0515664
172.2755762
211.5540629
145.7291171
144.9387258
147.2675733
146.4682293
32.15531019
32.16002095
31.35488817
34.65525588
33.23054221
33.23028819
33.22963727
33.23047661
34.65158687
39.06924679
39.07064489
36.55006394
46.94076056
42.43255305
42.41785797
42.455586
42.44510005
46.97867993
61.27269804
61.44534048
53.04790412
90.09470622
73.2170492
72.89458087
73.84567375
73.52622276
90.65330185
150.1404814
152.1810966
114.8744662
227.0645181
204.5992201
201.3142119
210.5121203
207.1926496
229.4272444
166.5786216
167.7908944
203.8501743
142.758118
141.9663739
144.227186
143.4394427
32.1339763
32.13977317
31.31690855
34.66153211
33.22660964
33.2242428
33.2296234
33.22837179
34.66131359
39.04801752
39.05570091
36.55531836
46.7690884
42.36450379
42.34223451
42.40179138
42.3834891
46.81330236
60.57765221
60.76418951
52.6902422
87.87393565
71.9755647
71.63652667
72.59220936
72.26501173
88.37459404
143.0454768
145.0277469
110.9160102
216.4599035
193.4441158
190.1618355
198.9109543
195.6406728
218.4876303
162.3022805
163.5535447
196.7324409
139.9091441
139.0765573
141.3198176
140.5138981
32.10687803
32.11653619
31.27907602
34.6566253
33.21549125
33.20962231
33.22173844
33.21828359
34.65852234
39.00353493
39.02110531
36.54513072
46.57930637
42.27584422
42.2364459
42.32172095
42.29465219
46.61726134
59.8270795
60.09560876
52.32359348
85.80555592
70.7920632
70.32102789
71.37206
71.0076433
86.17206149
136.264496
138.712153
107.3111624
206.5359847
183.1832495
179.1641249
188.1945925
184.8808813
208.1878074
157.8883679
159.5235353
190.0946434
137.166052
136.0446383
138.5248614
137.6471095
166.0416487
139.8278092
141.5776219
136.4343878
138.1085515
163.7408727
106.3930381
119.6672553
118.3444041
251.9249618
197.1486972
200.6985189
190.4234526
194.0390313
245.908426
135.9095436
159.7090964
156.8936684
1356.565941
1257.961671
73.42280782
74.40459316
88.89169784
57.0633391
64.2620677
63.58647017
65.6825961
64.95930408
57.53087077
82.10763583
83.21280316
101.0534753
61.37062562
70.37491825
69.59073743
75.28047871
74.1310098
63.95523634
59.11553399
67.19466527
66.42603753
68.79174512
67.97483916
59.65888103
96.61167083
79.7706569
80.88358152
187.4853889
155.37126
157.2300805
151.1542047
153.083077
184.1076464
115.2863501
131.1326263
129.6400602
1362.597186
1468.580152
3579.219135
186.4750168
403.9435725
349.124246
2750.827221
1326.269337
1454.505852
1048.438312
343.1321456
338.2114771
292.6194472
531.9015255
416.8041119
421.6087188
116.99656
115.6499186
103.6088231
157.3113384
133.235556
134.8093877
131.7179389
155.3147082
5624.685579
4934.91701
12895.45609
955.0671871
2715.489125
2361.596759
141.1369723
139.8045553
121.6534743
201.8283825
165.141299
166.7647465
159.9666515
161.3254449
195.8839649
7687.207959
7652.380739
5062.886284
10060.79881
7569.795416
8366.706474
336.28292
297.9205572
299.4713025
296.9829345
297.1164136
328.5471484
360.9804179
308.2078022
310.5520277
302.0764241
304.6781993
354.2501812
402.7644802
334.931863
334.9136754
315.9654123
318.3211531
376.4895053
2734.194335
66.12023726
77.32280866
76.23771207
119.5865716
94.93803028
96.4393553
402.9815739
853.9819625
735.9809109
1163.196124
932.86184
439.6329591
6804.254429
3391.619273
3144.808385
4063.259309
4525.833407
5061.116602
1541.775827
2565.657806
2597.183621
3067.022915
2906.783586
1623.998293
420.4233747
422.6641512
693.8898903
1806.481457
4576.150052
3390.319999
3162.546109
3315.319494
3641.548606
4823.440407
530.6897433
435.1676409
202.8924324
53.81107828
50.00456043
50.28434505
49.5294353
49.75695732
53.38837795
52.8036689
52.28200576
59.41754481
280.6203193
213.6118364
201.7544433
52.09916467
49.12525382
49.31250846
48.84436228
48.95479568
51.64504489
56.83809478
52.00372802
52.36037874
50.5320195
50.8005305
55.05987551
3141.918041
1591.312976
1431.604276
1008.03068
1262.641253
2346.219785
974.0613153
98.62185961
95.57916219
134.5862695
81.67524634
78.23471336
67.1467475
31.74260878
31.55409495
31.56117595
31.7835523
31.57744336
31.60233938
31.56735517
31.5718844
31.77575426
31.85032918
31.61998756
31.62474689
31.60903472
31.61371016
31.83999027
31.89755242
31.64061186
31.64299443
31.63125216
31.63519322
31.88724302
31.92958421
31.64411785
31.64056496
31.64550207
31.64546054
31.92544031
31.92302698
31.62546873
31.61703912
31.63721533
31.63107101
31.92776808
31.8945322
31.58875771
31.57607237
31.60925815
31.59863426
31.90398274
31.84862278
31.53612113
31.51992671
31.56424896
31.54972037
31.8619341
31.78863935
31.47042343
31.45147466
31.5047208
31.48706817
31.80503987
31.71759579
31.39444652
31.3734305
31.43355417
31.41350109
31.73641165
31.6381049
31.31061434
31.28813112
31.35337309
31.3315646
31.65875107
31.55267137
31.2210625
31.19767555
31.26641381
31.24342443
31.57452459
31.46406477
31.12795878
31.10416535
31.17481575
31.15118046
31.48642392
31.37501976
31.03335785
31.00957168
31.08072252
31.05690006
31.39723545
31.28786269
30.93898979
30.91555315
30.98604477
30.96241024
31.30940643
31.20437121
30.84622023
30.82340725
30.89232687
30.86918502
31.22485821
31.12572305
30.75610962
30.73413511
30.80076955
30.77836971
31.14491912
31.05245478
30.66941155
30.64839459
30.71229678
30.69081106
31.07029435
30.98441165
30.58646314
30.56641092
30.62745841
30.60694962
31.00099318
30.92089021
30.50721172
30.48804475
30.54638489
30.52682365
30.93642717
30.86090591
30.43131262
30.41289957
30.46886477
30.45015553
30.8756543
30.80348308
30.35828837
30.34046025
30.39446389
30.37650057
30.81767103
30.74779529
30.28764193
30.27017434
30.32268501
30.30539256
30.76161317
30.69324746
30.21897479
30.20139718
30.25305876
30.23646595
30.70676594
30.64097809
30.15321935
30.12924288
30.18543257
30.16917881
30.65209064
3579.385059
9138.196725
25805.23166
3614.272397
9290.273968
25810.53402
10166.67213
16483.04124
23592.67895
4287.729953
20132.48335
33362.08477
3537.286191
8957.530286
25745.84603
25611.52001
49066.83454
3612.36708
9491.311496
25862.83231
12234.57781
16988.54731
19499.99878
9923.344706
16139.51815
24785.69025
3716.74778
9471.992917
25996.20586
3521.002127
8871.393179
25607.85295
3512.553381
8838.367192
25590.36475
3550.570471
8997.271888
25608.73154
3550.287538
9002.52933
25611.23829
3597.947598
9206.67639
25792.95608
3614.551355
9295.350309
25817.28544
9878.634449
16078.54769
25254.76688
3577.110815
9066.199911
25691.35595
3565.061875
9034.064361
25690.50005
10218.74191
16525.5806
23793.03906
3570.437319
9045.671374
25693.7749
3572.249461
9049.890861
25706.1543
10535.91564
16808.04796
22862.52627
4952.55095
11280.41741
28396.76099
3502.029851
8833.303822
25582.03828
3492.924824
8818.814968
25560.15801
3524.473761
8922.729897
25632.06412
3527.781434
8934.03564
25616.02778
3585.863993
9165.875642
25784.41499
3596.246403
9189.759674
25833.14635
11717.45237
17138.56373
20308.03083
12232.62027
17126.55361
19839.90705
9954.906117
16153.92984
24947.1271
3535.264618
8929.774292
25655.01358
3540.26359
8941.893961
25678.89957
10169.79051
16449.96132
24126.84392
3597.959042
9168.438186
25709.66712
10542.6439
16891.39506
22561.67903
3513.858682
10604.2576
26544.77269
68234.63973
16054.20668
25687.40134
16098.95109
25462.37188
13307.40914
16405.80272
23681.62444
3486.417814
8849.171645
25459.94653
11520.21915
17281.28231
20760.41681
14687.2198
29695.55677
11527.48938
17234.07514
20501.54615
3488.427251
8821.412754
25485.32313
3490.696582
8815.032787
25543.18904
3484.562888
8826.211273
25470.63618
3490.525989
8858.810041
25455.55418
10061.95298
16271.85056
24473.22442
10945.71496
17103.65286
21816.02782
10687.48674
16977.39733
22186.05583
25912.81134
10314.92321
16620.80643
23275.66528
13359.26478
15808.93879
20753.45012
25454.48604
3459.884241
8747.41869
25460.58342
3569.209516
9078.933784
25725.24734
11198.56845
17277.22196
21105.09459
3488.022539
8812.288836
25507.09397
3494.882775
8815.10995
25521.84645
3484.085499
8834.684867
25457.03284
3485.915098
8850.074351
25454.15654
11003.23248
17204.16887
21519.49736
12670.8731
16671.82695
19479.15928
12718.26632
16198.99432
19443.977
25560.28223
)
;

boundaryField
{
    topAndBottom
    {
        type            slip;
    }
    inlet
    {
        type            fixedValue;
        value           nonuniform List<scalar> 0();
    }
    outlet
    {
        type            inletOutlet;
        inletValue      uniform 32;
        value           nonuniform List<scalar> 
30
(
28.10511827
28.14071123
28.20813189
28.32192925
31.26474851
34.65223616
36.53780046
46.49979762
52.17420831
84.98866737
105.8987225
202.5698024
187.4333764
28.46564198
28.60626669
28.80558023
29.10295869
29.56661549
30.62169694
32.10687803
33.20962231
39.00353493
42.2364459
59.8270795
70.32102789
136.264496
179.1641249
157.8883679
136.0446383
30.12924288
)
;
    }
    wing
    {
        blending        binomial2;
        n               2;
        beta1           0.075;
        type            omegaWallFunction;
        value           nonuniform List<scalar> 
70
(
8362.108661
25805.23166
25810.53402
23592.67895
33362.08477
25745.84603
49066.83454
25862.83231
19499.99878
24785.69025
25996.20586
25607.85295
25590.36475
25608.73154
25611.23829
25792.95608
25817.28544
25254.76688
25691.35595
25690.50005
23793.03906
25693.7749
25706.1543
22862.52627
28396.76099
25582.03828
25560.15801
25632.06412
25616.02778
25784.41499
25833.14635
20308.03083
19839.90705
24947.1271
25655.01358
25678.89957
24126.84392
25709.66712
22561.67903
26544.77269
68234.63973
25687.40134
25462.37188
23681.62444
25459.94653
20760.41681
29695.55677
20501.54615
25485.32313
25543.18904
25470.63618
25455.55418
24473.22442
21816.02782
22186.05583
25912.81134
23275.66528
20753.45012
25454.48604
25460.58342
25725.24734
21105.09459
25507.09397
25521.84645
25457.03284
25454.15654
21519.49736
19479.15928
19443.977
25560.28223
)
;
    }
    front
    {
        type            empty;
    }
    back
    {
        type            empty;
    }
    procBoundary1to0
    {
        type            processor;
        value           nonuniform List<scalar> 
49
(
30.55952979
30.58206437
30.61572568
30.67441247
30.67441247
30.77805771
30.95582773
31.31246897
102.2211515
102.2211515
185.4070244
1623.872389
44.49863792
50.65565968
86.18472458
56.2167771
153.3988093
710.7458628
1045.202976
233.1550557
30.84982006
31.10248524
31.95621469
32.21378242
33.30218449
33.81458135
36.1663177
37.40122252
411.8384237
525.2084132
112.7189648
32.87584779
32.51721506
35.20290808
34.43621198
41.24710439
39.02549345
72.45195137
62.93853903
290.6619188
332.9380978
130.288062
48.78422579
31.73534451
31.54809478
25445.46912
3451.492656
8717.055817
8717.055817
)
;
    }
    procBoundary1to3
    {
        type            processor;
        value           nonuniform List<scalar> 
136
(
3289.252572
4982.457149
1293.376366
2989.551376
1659.488689
1525.180966
1293.376366
1132.985348
6424.744276
5774.85386
6670.792859
1367.447582
4982.457149
2320.276086
6329.257882
5203.879847
482.4449521
552.4615393
349.7047131
451.5354422
243.3949234
318.0444045
191.2519739
225.820094
175.9797024
184.9290355
169.090952
174.1428195
163.2376366
167.5436578
158.1672314
161.9049815
153.7130763
157.0023497
149.7469852
152.6810926
146.1710115
148.8201896
142.9215139
145.330939
139.9460998
142.1546967
137.1957149
139.2403783
134.6120401
136.5374916
132.1565764
133.988384
129.8195831
131.564064
127.5899159
129.2575403
125.4485556
127.05672
123.3718412
124.9449775
121.3292279
122.9059063
119.1593308
120.9270318
1132.985348
1132.985348
848.7195257
811.6541368
807.2558853
706.7393249
2759.064852
2087.161326
774.3070824
807.2558853
1367.447582
1241.118651
1367.447582
2497.013059
1767.077652
1429.313784
508.9237715
529.7410709
383.4187067
417.9198953
264.5977043
289.4913196
200.1081464
211.3756914
177.9123546
180.2079835
170.7039189
172.385174
164.6203051
166.0537609
159.3718056
160.6161931
154.7767351
155.8719098
150.6991939
151.6760965
147.0327989
147.9148918
143.7066821
144.5088765
140.6673737
141.4025944
137.8660039
138.546275
135.2461373
135.8864526
132.7608187
133.3691835
130.3963393
130.9737471
128.1446421
128.6924793
125.9905194
126.509599
123.9170772
124.4038598
121.9091296
122.3486667
119.9599762
120.307799
927.7864046
884.8281739
735.4955496
714.680815
782.047597
1964.329563
1371.640136
673.9872895
684.5119309
765.6383749
9842.50734
9853.173428
16041.41408
9842.50734
16041.41408
26177.96121
)
;
    }
}


// ************************************************************************* //
