/*--------------------------------*- C++ -*----------------------------------*\
| =========                 |                                                 |
| \\      /  F ield         | OpenFOAM: The Open Source CFD Toolbox           |
|  \\    /   O peration     | Version:  v2012                                 |
|   \\  /    A nd           | Website:  www.openfoam.com                      |
|    \\/     M anipulation  |                                                 |
\*---------------------------------------------------------------------------*/
FoamFile
{
    version     2.0;
    format      ascii;
    class       surfaceScalarField;
    location    "3.08";
    object      phi;
}
// * * * * * * * * * * * * * * * * * * * * * * * * * * * * * * * * * * * * * //

dimensions      [0 3 -1 0 0 0 0];
oriented        oriented;


internalField   nonuniform List<scalar> 
5999
(
0.0004217195392
0.9162282805
0.0005102891471
0.9166114304
0.0005842488033
0.9165760403
0.0002847416896
0.916608434
0.0003410731312
0.4583389713
0.0002957703583
0.4583118186
0.0003612826271
-0.000373101207
-0.0004597084725
0.4582892453
0.0005204631675
-0.0005786855797
0.4582381699
0.0006755156626
-0.0007817763601
0.4582138329
0.0008979434749
-0.001033336812
0.4581869526
0.001181384181
-0.001333872906
0.4581791245
0.001489748455
-0.001646365524
0.4581997003
0.001778165233
0.00115774739
0.9150705331
0.001813191121
0.9159559867
0.002018245824
0.9163709856
0.000531763488
0.9171972557
0.0008976605827
0.4581014801
0.0006383997863
-0.4582081164
-0.4581959935
-0.0007876271335
0.4580070631
0.0009765575048
-0.4580552705
-0.001212749213
0.4577680049
0.0007066239473
0.0007933908954
-0.2289675888
-0.0008656440235
0.228890542
0.0009426908193
-0.001280000124
-0.2289036245
0.2288005237
0.001383100913
-0.001819259002
-0.2288429446
0.2287042671
0.001957936589
-0.002479369944
-0.2288147191
0.2286556227
0.00263846636
-0.003169664875
-0.2288484882
0.2287510214
0.003267120995
0.001456145478
0.9136143876
0.003934190621
0.9134779415
0.006663832518
0.9136413437
0.002677807188
0.9150755102
0.006107770873
-0.4580764555
0.4579331559
0.00282110678
-0.4578516558
-0.002770807275
0.4585367854
0.00208567762
-0.4573787072
-0.00212685908
0.45719401
0.00112063748
0.001190918715
-0.2285183137
-0.00140510853
0.2283573614
0.001566060913
-0.2282796401
-0.002151297612
0.2280492487
0.002381688971
-0.2281100639
-0.002316011763
0.2323008205
-0.001876541952
-0.2359621209
0.01633529624
0.2399364055
-0.02031797898
-0.2344671102
0.02906932231
0.2362472564
-0.03085580906
0.0004421030304
0.9131722846
0.0009733697339
0.9129466748
0.002088908729
0.9125258048
0.002986659754
0.9122435215
0.001934237702
-0.4572142084
0.4568298213
0.003371046856
-0.4601262305
-0.004530173063
0.4571345585
0.007521844995
-0.4587323474
-0.008716495039
0.460361847
0.001864354374
0.005222641035
-0.2277696591
-0.001807495239
0.2275908671
0.001986287251
-0.2296444233
-0.001050140511
0.2352982115
-0.004608248236
-0.2481815444
0.02095690547
0.2529252887
-0.02572129645
-0.2502841528
0.03681197684
0.2527763419
-0.039326463
-0.2401139527
0.04362896132
0.2406556756
-0.0441837016
4.807361193e-05
0.913124211
0.0001424045872
0.9128523439
0.0003780994314
0.9122901099
0.001050285935
0.9113312379
0.0002400970304
-0.4566054894
0.4558444675
0.001811307889
-0.4557701679
-0.002183432125
0.4552048566
0.002748743434
-0.4543561332
-0.003536203883
0.4536715116
0.002256599871
0.001964225599
-0.228314275
-0.004033107614
0.2270899364
0.005257093895
-0.2518925196
0.005473947637
0.2586585871
-0.01226494841
-0.263880203
0.02716763845
0.2662560755
-0.02958035117
-0.2559039689
0.03203739648
0.2552479589
-0.03141166811
-0.2389975793
0.02673000327
0.2370864535
-0.02483357214
-0.0002304278022
0.9133546388
-0.0003690879997
0.9129910041
-0.0002761366063
0.9121971585
2.517698615e-05
0.9110187641
1.116020901e-05
-0.4550131976
0.4547509468
0.0002874278094
-0.4547600539
-0.001196626269
0.4540566936
0.001899986573
-0.4529416524
-0.002374875893
0.4520162719
0.00161895648
0.001681299931
-0.237427466
0.001128670987
0.2408731025
-0.004587498251
-0.2651757578
0.01392223931
0.2675026882
-0.01629040342
-0.2686615959
0.01764524454
0.2665443686
-0.0155740394
-0.247262013
0.005072964212
0.2472442312
-0.005082568936
-0.226600064
-0.01119616848
0.2225431395
0.01524622193
-0.0006366637027
0.9139913025
-0.001146901041
0.9135012414
-0.001511143452
0.9125614009
-0.0002945590023
0.9108314342
-0.001029254525
-0.4546638911
0.4544009494
-3.161730116e-05
-0.4530659422
-0.0001568103818
0.4527489348
0.0004738178061
-0.4517140066
-0.001387396046
0.4515736308
0.0008098285603
0.0007177039527
-0.24788008
0.003167065319
0.2498320156
-0.005144083226
-0.2744451564
0.009630900811
0.2709891167
-0.006226540001
-0.2617027415
0.005690462121
0.259961016
-0.003993936308
-0.2287937694
-0.006537167539
0.2221523903
0.01316298312
-0.210386486
-0.03302381984
0.1069351757
0.1012328244
0.01548880295
0.01975350279
-0.001055963921
0.9150472664
-0.002059553103
0.9145048306
-0.002868694734
0.9133705426
-0.001529693163
0.911575396
-0.002082963367
-0.4544086444
0.4544469452
-0.001567993954
-0.4526292958
0.001656613161
0.4525692894
-0.001596606805
-0.4509679397
0.001471441113
0.4516473936
-0.00074036155
-0.00141367116
-0.2527226491
0.0007649871077
0.2527452732
-0.0008186988352
-0.2709903613
0.0004449690167
0.2707439392
-0.0002531562064
-0.2543984608
-0.001755456251
0.2532612153
0.002849144163
-0.2107564244
-0.00714548856
0.2090512344
0.008845488065
-0.09477387048
-0.005858746453
0.0947844161
0.005848200827
-0.001465201501
0.9165124679
-0.002857379187
0.9158970083
-0.004316534631
0.914829698
-0.002537679519
0.9128766256
-0.003080084677
-0.4546781075
0.4548996594
-0.002759231481
-0.4526786075
0.003010603737
0.4529128361
-0.003244832336
-0.4520469646
0.003456199172
0.4527626877
-0.002006253961
-0.002172254527
-0.2537854175
0.00279518991
0.2538324488
-0.002879234676
-0.2689910669
0.002289354559
0.2684828932
-0.001841506077
-0.2500954514
0.000147048666
0.2495051047
0.0003981530378
-0.2078031548
-0.001308649803
0.2080866815
0.001022688906
-0.09839383002
0.001099741876
0.09890827837
-0.001614190233
-0.001835971176
0.9183484391
-0.003779517351
0.9178405545
-0.005651809193
0.9167019899
-0.003538279525
0.9148533602
-0.004090264264
-0.45531914
0.4557336981
-0.003952837634
-0.4532232945
0.004423429821
0.4537570193
-0.004957154644
-0.4536043042
0.005458599035
0.4548840177
-0.003175419862
-0.003573429218
-0.2539344509
0.004098251153
0.2540614766
-0.00426726436
-0.2672812429
0.004102263483
0.266982803
-0.003869726834
-0.2484290672
0.00299941579
0.2481564595
-0.002774565932
-0.2094675057
0.00272996155
0.2099457542
-0.003209693136
-0.1012635807
0.002774953507
0.1014941403
-0.001489067765
-0.001516445264
-0.002291485077
0.9206399242
-0.004567536435
0.9201166058
-0.00697338751
0.919107841
-0.004508171318
0.9174343123
-0.00504616832
-0.4563339137
0.4569306821
-0.005104939781
-0.4543591742
0.005828696625
0.4550227544
-0.006492276837
-0.4565468122
0.007257047879
0.4585238973
-0.004523871748
-0.004726711619
-0.254584152
0.005354686485
0.2547988985
-0.005617056663
-0.2663052484
0.005803557776
0.2661406166
-0.005710639193
-0.2475791001
0.005323635895
0.2474498026
-0.005244360153
-0.2114663274
0.005465219109
0.2120053853
-0.006004880228
-0.102835882
0.003911312888
0.1029846637
-0.002016163371
-0.002043931266
-0.002706381859
-0.005424352741
-0.008256014585
-0.005389845676
-0.4576792339
-0.006126478249
-0.4558865919
0.006975792126
-0.007882034412
-0.4606077961
0.008862665034
-0.005553670491
-0.004910437302
-0.2555609016
0.006601206852
0.255876367
-0.006970532518
-0.2657963992
0.007442571944
0.2657239472
-0.007447718797
-0.2471976878
0.007286686751
0.2471291885
-0.007269971686
-0.2138180092
0.007620659573
0.2145161167
-0.008318829993
-0.1039526454
0.005143249604
0.1040995992
-0.002625966409
-0.00266423697
0.0007297220292
-0.00129781711
-0.09782573493
0.002618720534
-0.1010199551
-0.001419236442
-0.001443109748
0.003776405728
-0.102674951
-0.001957844099
-0.001979492548
0.00497337323
-0.1038106305
-0.002540163827
-0.002575224359
-0.007430966163
0.007782227443
-0.09512513177
0.0018564604
-0.002358101852
-0.2089675722
0.1016076173
-0.1013600081
0.002371111421
-0.09894856289
0.0006573276562
0.09939097712
0.004848195339
-0.005370812122
-0.2109445051
0.1031822419
-0.103013546
0.003607709826
0.002545914837
0.101836656
0.1021284763
0.003227131571
-0.1019318718
-0.001701567396
-0.00172216863
0.05075201117
-0.001106252447
-0.05052218103
0.002058144561
-0.001181722253
-0.05010094288
-0.0008995925785
0.001759907594
0.05012747398
-0.0008868461151
0.007126015133
-0.007769421145
-0.2131747841
0.1043877231
-0.1042338963
0.004819546467
0.003754068384
0.1033394864
0.1034076226
0.004336668236
-0.1032688992
-0.002222781749
-0.002252609833
0.02567315736
-0.001064255939
-0.02574338961
0.001134488189
-0.05064967759
-0.001045665345
0.0021746497
0.05064786115
-0.001127167918
0.004980970932
0.1045500018
0.05235924345
0.00285833344
-0.002908682722
-0.05230889417
0.02730812157
-0.002073935251
-0.02706389132
0.001829705
-0.02656701912
-0.001059968279
0.001225933142
0.02640105425
-0.04584108482
0.001606138288
0.04639602563
-0.001089010284
-0.001072068805
0.04897404058
0.001876735124
-0.04863675735
-0.001181703003
-0.001032315349
-0.003338612408
-0.04227137687
0.04236683276
0.00324315652
0.001393775941
-0.001966447753
-0.04526841301
-0.0008655655334
-0.05006870528
0.001723968429
-0.0008906404953
-0.001628355892
-0.04954090799
0.001570237032
0.04959902685
-0.1001337317
0.002081147237
0.1004612936
-0.002408709164
-0.04937520884
0.04938509223
-0.0007853939293
-0.0008528453502
0.02513531528
-0.0008674665505
-0.02513341426
0.001801914461
0.04914208109
-0.001069413929
-0.0009005410466
0.001608936451
-0.04936674348
-0.0007913429611
-0.0008260588572
-0.001052213137
-0.05069618887
0.002123695886
-0.001024971462
-0.001165527122
0.002040975997
0.05087441785
-0.0009978555545
0.003366930458
0.1023247904
-0.001770157382
-0.001793087261
-0.02572579656
0.02578482027
-0.001224550829
0.02513434638
-0.0009880327869
-0.02519852673
0.02511331622
-0.0008775935201
-0.001314846605
-0.0255172024
-0.001101161453
-0.02670321967
0.001237362008
-0.001073161204
0.001151929584
0.02559438898
0.004487789096
0.1035427054
-0.002294238862
-0.002328633028
-0.02586880745
0.02571891276
-0.0009232665105
0.02718038881
-0.0008581121417
-0.02742343812
0.02510526034
-0.001016579302
-0.0009157899891
-0.0260172734
-0.00150714349
0.001564943189
0.02725032188
-0.002954958271
-0.02782697474
0.02762795473
-0.001308123483
0.02690608238
-0.0007856618411
-0.002313703109
-0.02758720688
-0.002579447729
0.002557900299
-0.2077844312
-0.09847799974
0.00025915888
-0.09636021463
-0.005757971598
0.09625943977
0.09595219626
-0.001899184057
0.001312390131
-0.09536540232
0.04606646252
-0.0455842864
0.0009115998152
-0.04311529885
-0.00342568477
0.04320237123
0.001881426343
-0.002243676734
-0.09977148132
-0.04949393294
0.001561961406
-0.04876971755
0.001608955813
0.0489626762
-0.04851486732
0.001621884892
0.00115845702
0.0465141438
-0.0009510470682
0.09657542122
0.0003278221141
-0.02134547322
2.769483173e-05
0.02121266796
0.0001051104287
-0.002094963834
-0.01770147508
0.01761975866
0.002176680257
0.002020516203
0.02029459158
-0.002205799273
-0.02010930851
-0.02461414885
-0.09696313585
0.04754613121
0.04615098086
0.01395960398
0.01392056863
-0.004250010812
0.004906349998
-0.04292771605
-0.001180676803
-0.02516241577
0.001334866685
0.02500822589
-0.05158952665
0.002876279051
0.05161185522
-0.002898607623
0.05172359696
0.003025850716
-0.003061567941
-0.05168787974
0.005462814264
-0.02079912264
0.02936416479
-0.01402785641
-4.064450967e-05
-0.02145475215
0.000149923442
0.04758547881
0.001825586868
-0.04725373487
-0.001085653396
-0.001071677408
0.02357877713
-0.02393050037
0.0003110787275
-0.02278077163
0.003744944428
0.02449864147
0.02375276238
-0.02591826362
0.002201242843
-3.574160163e-05
0.0003839593348
0.02322251263
0.001853561942
0.04788857304
-0.001072453878
-0.001084202293
0.04343485673
-0.0005748300922
-1.039100688e-05
-0.04284963563
0.02074013792
-0.02031044584
0.00159082412
-0.01880020599
-0.001695668859
0.01840091101
-0.003845037669
-0.02201944054
0.003083706582
-0.002662348425
0.002005466515
0.02139701983
0.0001770736033
0.04406392762
-0.0008061444925
0.02087668493
-0.003244441778
-0.003753719112
-0.0208904412
0.02509171169
0.0008608965441
-0.000953301009
-0.02499930723
-0.02167929852
0.0001073678509
0.02160145653
-2.952585948e-05
0.0008944799936
0.02512826762
-0.0009310359244
0.04930888522
0.00166364894
-0.04927104875
-0.0008805656759
-0.0008209197331
0.02223543671
-0.02228403495
0.0001097480962
-6.114986085e-05
0.0007355543584
0.02299960149
1.760653808e-05
-0.02174928129
0.0001092158698
-3.923310247e-05
0.000114197357
0.022163877
-4.263764921e-05
0.001639894247
0.04933949402
-0.0008538950819
-0.0008166079581
0.025612009
0.0009595797208
-0.0009349738263
-0.0256366149
0.001029284631
0.02552832611
-0.0009456017351
0.02502770129
0.0009517566662
-0.0009394692904
-0.02503998867
0.0009567906309
0.0250214923
-0.0009505816424
0.02495527681
0.001383634571
-0.001441393413
-0.02489751797
0.001637141614
0.02526829138
-0.001950156182
0.02670997568
0.00130399268
-0.001517860933
-0.02649610742
0.001194480629
0.02675929793
-0.001243802879
0.003068582542
-0.003096013224
0.02488973193
0.0011265216
-0.0008407959764
-0.02517545756
0.02462384408
-0.0009147889539
-0.04452467036
-0.01482127379
0.04074182482
-0.003190445496
0.003263270367
-0.01777429994
-0.02606857056
0.001163331189
0.02609972
-0.05122403229
0.002205565799
0.05125216781
-0.002233701319
0.05131885898
0.002309676436
-0.002331380404
-0.05129715502
-0.05109802826
0.002086387955
0.05113147796
-0.002119837642
0.002180220672
-0.002209795016
-0.05119445795
-0.02595413436
0.001189556482
-0.0515309844
0.002680197255
0.05154725468
-0.002696467533
0.002820667984
-0.002833630789
-0.05157656385
-0.02533250937
0.001296615196
-0.05082150316
-0.0009803174393
0.002050571897
0.05078053333
-0.05095371179
0.001968884454
0.0509934458
-0.002008618457
0.002054043539
-0.002088757128
-0.05106331467
0.02427917284
-0.0003572670674
-0.02456215735
0.0006402515828
-0.0003461117286
-0.02537231319
0.000613345802
0.02510507912
-0.02537105322
0.001025388354
0.02530808998
-0.0009624251121
-0.02526702348
0.001441318497
0.02546284659
-0.05140739431
0.002531060406
0.05142629907
-0.00254996516
0.002637194717
-0.002657815318
-0.05151036379
0.002347310907
0.05134037685
-0.002368828769
0.002469186759
-0.002492307618
-0.05138427345
-0.02520990376
0.001326514855
0.02525944739
0.001096429644
-0.0009410909688
-0.02541478607
0.02469971802
-9.602319356e-05
-0.02497915861
0.0003754637829
-0.02571931176
-0.0001463983153
0.000394882355
0.02547082772
0.02300121992
-0.02315644228
0.0001740521513
-1.882978714e-05
-0.02656172987
0.002282073758
0.02426395412
1.570199185e-05
-0.02731711986
0.001675451977
0.02760546718
-0.001963799288
0.02533636503
0.001310765765
-0.001496322455
-0.02515080834
0.02348879823
-0.0022136826
-0.02344517393
0.002170058308
-0.0004158972668
0.0007074731659
0.02398759694
-0.0001387158275
-0.02596941598
0.0003888200522
-0.0001231167336
-0.0267252663
0.0003783846712
0.02646999836
-0.0264558414
0.001046519463
0.02631159602
-0.0009022740813
0.02604461294
0.001059099503
-0.0007702450766
-0.02633346736
0.02249327689
-0.02261444466
0.0001097690971
1.139867701e-05
0.0001073024005
0.02285554578
3.837173799e-05
-0.01956649838
0.004464468877
0.01505730952
4.471997728e-05
-0.02457958395
0.002616939117
0.02546749625
-0.003504851423
0.01918515551
0.001359663141
-0.02062533079
8.051213872e-05
0.004310363989
0.01479833389
7.645763072e-05
0.01838958659
0.0001789133466
-0.0005399830482
-0.01802851688
0.000787301995
0.01892080985
-0.001318525259
0.02192259154
0.0006182275962
-0.0226695949
0.0001287757614
0.0001633378853
0.02167209895
8.71547049e-05
-0.02509876561
0.0006070844874
0.02465501901
-0.02424004729
0.001211364787
0.02418817418
-0.001159491673
0.02382975703
0.001112879582
-0.000984867431
-0.02395776918
-0.02318460985
0.001531455487
0.02361561374
-0.001962459379
0.001299969775
-0.001350926952
-0.02418909011
-0.0255713329
0.001090794895
-0.02152559847
0.004313280876
0.02152268159
-0.02404651276
0.001712984935
0.02466060625
-0.002327078431
0.02641268471
0.001433980777
-0.001759778799
-0.02608688669
0.001122819323
0.02372162348
-0.001014685778
0.001498153842
-0.001808166115
-0.02373650048
-0.0222535761
0.002087640769
-0.0009606072037
-0.02299973789
0.001319389313
0.02264095579
-0.02221210943
0.001187429174
0.02234013845
-0.001315458187
0.0014473712
-0.001857166158
-0.02277481489
0.02312408462
0.001685644965
-0.001509419234
-0.02330031035
0.0224784265
-0.0003149490811
-0.02083086897
0.001476226157
0.01936590145
-1.125863966e-05
-0.02346220373
0.001614283676
0.02386058366
-0.002012663604
0.02730146499
0.002222608192
-0.003259276221
-0.02626479696
-0.02383747736
0.0006836683063
0.0236726407
-0.0005188316501
0.001120236052
-0.001162664921
-0.02341977486
-0.02131127558
0.0004499130152
3.049359755e-05
-0.02727258125
0.0005496827836
0.02705353607
-0.0003306376043
0.02638951124
0.0005223423289
-0.0002970582654
-0.02661479531
0.001653560914
0.02769786126
-0.002049957189
0.0006112107282
-0.0003962537661
-0.02748753821
-0.02252531218
9.8276703e-05
0.02246629445
-3.925897321e-05
-0.02598878887
0.0007385480863
0.02579786534
-0.0005476245583
0.02523537649
0.0007043800786
-0.0005231590295
-0.02541659754
0.001144414292
0.02645464326
-0.001186372844
0.0007657393157
-0.00057916367
-0.02617536451
-0.02260497826
0.0001019571356
-2.229105181e-05
-0.0219587015
5.993778422e-05
0.0218684433
3.032041769e-05
-0.02452791408
0.0006689741091
0.02434947902
-0.0004905390539
0.0006713842426
-0.0005033291598
-0.02400553244
0.0006990463169
0.02505798586
-0.0005216556845
0.000674280412
-0.000495766279
-0.02470642821
-0.02204268788
6.801871526e-05
1.596766819e-05
-0.02697147029
0.000365020041
0.02673208623
-0.0001256359872
0.02603206194
0.0003131673606
-7.846076948e-05
-0.02626676854
-0.02786743387
0.002121335363
0.02795804629
-0.002211947779
0.0004387790572
-0.0001634176057
-0.02724683174
-0.02510943877
0.02488297537
-0.0001196483352
0.0241635742
-0.0001008701676
-0.0244199711
0.0003137910675
0.02579680222
-7.853134757e-05
0.0003422218016
-0.0001168064121
-0.02533485416
-0.02539101466
0.0005265574739
0.02513481696
-0.0002703597774
0.02435513736
0.0005520032297
-0.0002890448218
-0.02461809577
0.0005130971693
0.02614508843
-0.0002686743533
0.000520227856
-0.0002665890802
-0.02564465343
-0.02329896227
0.002104532199
0.02335500425
-0.002160574174
0.0033670511
-0.004655016251
-0.02657946872
0.0005777436102
0.0240885215
-0.0003111277464
0.001253493268
-0.001019540697
-0.02353291484
-0.0005062499737
0.02305535583
-0.02366449791
0.001115392051
-9.312540236e-05
0.000385581827
0.0244072616
0.001112111464
0.02510882427
-0.0009614883434
-0.0221900761
0.02206825558
2.869512475e-05
0.02119276358
-0.02170235381
3.340257503e-06
-0.02260670883
0.02250131858
-4.100806898e-05
-0.0223192802
3.318090189e-05
0.001521862811
0.01968153223
-1.063146294e-05
0.001938522421
-0.002572433117
-0.02668320917
-0.03130735643
0.004766798214
-2.11716535e-05
0.002271801273
0.02230541737
-0.002259814004
0.02805387266
-0.02797544538
0.002181386724
-0.004548241495
0.0033836883
0.02465335143
0.001446427084
0.02563884771
-0.001748909761
-0.02220746547
0.02220876185
-0.004549537871
0.02435923043
-0.02661638077
-2.663662179e-06
0.02387322695
-0.00012555002
-0.001500847744
-0.02292030033
-0.02302431385
0.0229180102
-1.681308331e-05
-0.02271130497
-3.411968395e-05
0.0007923812308
0.02357437331
-7.524108595e-06
0.0001297205653
-0.02313884604
-1.51883744e-05
0.001048064275
-0.0009134231897
-0.02659048248
-0.02699337853
0.0003978327936
0.00117687341
0.02766938048
0.02198270753
-0.02211880824
0.0001603920466
-2.429133891e-05
0.0001209332021
0.02237393589
-1.592200148e-06
0.001070241601
0.02575440332
-0.0007800319892
0.002066750174
-0.002320533265
-0.02432580086
-0.02110099851
0.001465677752
6.882238764e-05
0.0001989050563
0.02182523082
-4.142834393e-05
-0.05022283107
-0.0009844009849
0.001899569898
0.05026445279
-0.05056099491
0.001739531348
0.05061419132
-0.001792727753
0.05078018147
0.001830595684
-0.001884417453
-0.05072635971
0.001597500483
-0.05033531837
0.05039415798
-0.001656340083
0.001702494921
-0.001760711477
-0.05050277835
-0.0009451116055
-0.05018991693
0.001863954128
0.001860033802
0.05083209554
-0.001911947868
0.001945762082
-0.00198289004
-0.05091658384
-0.001034558145
-0.05085661373
0.002029248432
0.02583411603
0.0009413406813
-0.0009591487931
-0.02581630792
0.02753080685
-0.02778915567
0.0006971278857
-0.02773922365
0.001768891643
0.02809166737
-0.02673204259
0.002359870043
-0.02402901878
0.001743410354
0.02439014062
-0.02507023853
0.001076857038
0.02517791782
-0.001184536318
0.0002011652787
0.02108979804
-7.829535004e-05
0.02484780611
0.004374313768
0.0001420449119
-0.01434414307
0.0003162866611
-4.430211441e-05
-0.02158000119
0.0001695511543
0.0003177276822
-0.02429253016
0.02411722016
-0.02451761474
0.0007181222688
0.0237250235
0.000703275383
0.004594211762
-0.03048416981
-2.830557897e-05
0.0269827526
-0.02571623791
0.003327697078
0.02708376467
0.002100230768
0.02335033616
0.0007586466814
-0.0005826642761
0.02300363347
0.0009293669684
0.02284101363
-0.02113511995
0.0007756808555
0.02140404132
-0.001044602226
0.00104217249
-0.001290368532
-0.02196391339
-0.02295611831
0.001642025391
-0.004606218146
0.02231958108
0.003163322001
-0.01928057132
0.02712720101
-0.01245284783
-0.003061700955
-0.01946331215
-0.018339122
0.0002412598176
0.001020974943
-0.01962535858
0.0002652616379
-0.02171624119
0.001846774935
0.01497411679
-0.0148959642
-7.815259501e-05
0.03078820562
-0.02170644897
0.005892360136
0.02622406916
0.004580855429
-1.671897003e-05
0.02335685806
-0.0235517795
0.0003022892945
-0.0001223857835
0.02312869467
0.0003505491738
0.0215113752
-3.230444971e-05
0.02269637523
-0.02276474128
0.0001249417798
-5.657572405e-05
0.02264736196
0.000114711141
-6.56978756e-05
0.02405431477
0.002193124302
-2.336990554e-05
0.02331644174
0.0007666943391
-2.882131005e-05
5.939778326e-05
-0.02238443494
4.100221518e-05
0.02522695379
-0.02544493615
0.000277380147
0.02504097927
0.0002957226142
0.0267188181
0.001100500937
-0.0002402635291
0.02636506076
0.0005940208689
0.02273408857
2.524938443e-05
0.0001132925409
-0.0218078531
-5.472073167e-05
0.02373284069
-0.02390738795
0.0002878397985
0.0002902770527
0.02485548325
0.0002996933777
-0.0001164262671
0.02467418323
0.0002977262854
0.02210056912
-5.311837867e-05
0.02645507097
-0.02672888862
0.0005869850103
0.0006286946001
0.02726713229
0.001047442289
0.02573876665
-0.0009520929134
0.00100404417
-0.0009557585952
-0.02541933879
-0.02563889629
0.0006088048978
0.000588138859
0.02618072318
0.0245543277
-0.0247627745
0.0007604500292
-0.0253843943
0.0007323849001
0.02517856688
-0.02508309993
0.0009319981975
0.02506417431
-0.0009130725792
0.02208777849
-0.02216523118
6.24448818e-05
1.500780388e-05
0.02200463435
6.484195337e-05
1.83021905e-05
0.02254098112
4.953831227e-05
5.684252959e-05
0.02246389248
4.956353622e-05
2.752510699e-05
-0.01512223823
0.01509670931
2.552893162e-05
0.02191654405
7.492692478e-05
1.316337879e-05
0.0001020908032
0.02180604044
8.412806399e-06
0.001037676478
-0.001080003307
-0.0250279117
-0.02402171068
0.001246185177
0.0007824391923
0.02434963212
0.0003941780082
-0.0001489113341
-0.02522442529
0.02524820036
0.0006917691262
-0.02554579148
0.02493431371
0.0006893504368
0.0003108901048
-0.02345620982
-1.112257085e-05
0.02718840862
-0.0276043454
0.0007268268845
0.026845193
0.0005172677684
0.02803697269
-0.02801270944
0.002257810508
-0.0008062972242
0.001238924513
1.447082078e-06
0.02317530242
-0.02400804255
0.0008311967885
1.54334706e-06
0.0003465856156
-2.133336871e-05
0.0001023326674
-0.02273338718
1.660984492e-05
0.02590661982
-0.0262113766
0.0004070894472
0.02560284006
0.0004135488499
0.02652094409
0.0004315513101
-9.908805845e-05
0.0004086555566
2.307055078e-05
0.02631858115
-0.03107905147
0.00475354311
6.927213934e-06
0.002302259408
8.279188758e-06
0.02208305735
-0.02215744478
0.00453885631
-0.01502843926
0.006032445139
2.887026573e-05
0.0004291874954
3.527975257e-05
0.0147907579
7.575991684e-06
0.01657758753
0.0002363340628
-0.01591895744
0.01686882297
0.0009451978609
0.01985946575
-0.0237119016
0.002789253857
0.0172669734
0.001822915241
0.0007695771162
0.01692707612
0.001847871436
-0.009843262466
0.003058436992
0.002030316935
0.0001478942776
4.518776519e-05
4.690999949e-05
0.02375273387
-0.02268918338
0.003249730384
-0.00582926968
0.003865765634
0.001016625029
0.02270509598
0.001315162517
0.002103553372
-0.02298239857
0.02086741964
0.0006055596931
0.003746444194
0.0003983582472
0.002765714929
0.01343942444
0.0007658479999
0.0009865766178
-0.0002237305784
0.0009859158937
-0.02011569433
0.0002666051705
0.0004367762375
0.02162396549
-0.02226766279
0.002119923456
-0.004525229297
0.004442745819
-5.52920372e-05
0.0001711612306
2.893838741e-05
0.02279173298
0.0005081229189
0.0009739832109
0.02284410316
-0.02293303488
0.0001253616741
-3.642995584e-05
0.0001218056384
-4.244376153e-05
0.02305885539
0.0002805584243
-2.297207181e-05
0.0001550148489
-2.919433639e-05
0.02565922527
-0.02586392714
0.0003029785722
-6.841935369e-05
0.0002827084686
1.344015292e-05
0.0001190107172
1.00995956e-05
0.02608979205
0.0003942794197
0.0003278220516
0.02408934729
-0.02429226384
0.0002628543381
-9.489267639e-05
0.00027685202
-3.43024764e-05
0.0001053222137
-4.744098098e-05
0.02449223577
0.0002872696734
0.0002679906481
-0.0001064853429
0.02650315952
0.0003354120585
-0.02305065472
0.02296543499
-2.126560591e-05
-0.02314907822
-2.721249304e-05
-0.02286752863
0.02277747377
1.159408744e-05
8.141412399e-05
1.649223563e-05
0.0003178051037
-0.0007628831193
0.0275907422
0.001130187208
-0.02432097898
0.02354573554
1.236032093e-05
-0.02656131312
2.838636628e-05
-0.02328590115
-2.659467628e-05
0.000293698525
-3.386414031e-05
0.0006376089866
-0.0001202996837
0.02465522666
0.0003480483932
-0.02232844657
0.02224141578
-3.326889489e-05
-0.02241944381
-2.865108824e-05
-0.02214935886
0.02203816855
1.032014227e-05
0.0001118990892
-1.984216831e-05
0.0003471546574
-8.375111007e-05
0.02556031474
0.0003202385962
-0.02268800746
0.02259009728
1.41590724e-05
1.093495787e-05
-0.02250822256
-2.802766578e-05
0.0001086053988
-2.673067551e-05
0.0003340659813
0.02223942693
5.538628183e-05
-0.02231623044
2.141723199e-05
6.124093552e-05
1.295481532e-05
-0.0002760698775
0.0248776868
0.0005332000401
-0.02488645749
0.02467162855
-0.02510143098
-0.02445306282
0.02422885995
0.0002810106097
0.0005406016418
0.02239447927
5.532259101e-05
1.4090618e-05
5.138139378e-05
2.686743124e-05
0.01964418652
0.001466542755
-0.02112563917
1.490990196e-05
0.004504782883
1.71653994e-05
-0.004483723892
0.02452678848
0.003311939666
-0.02210475014
0.02212580913
-0.02279878156
-0.03123600234
1.967296976e-05
0.005986516104
0.003933835862
-0.0003726620558
0.02381368759
0.000647495958
-0.02399265913
0.02372208788
-0.02335492557
-0.0004633966849
0.0005476562723
-0.0001804939653
0.0008284290257
0.02160605761
1.948886781e-05
1.702175291e-05
0.0006315409613
-0.02408246785
-0.0002135710155
0.02394070821
-0.02427706004
0.0009678928002
0.02365214393
0.001403956323
0.02460992289
0.0007099726401
-0.0004480841422
0.0007809469905
-0.0001232903979
0.02192844898
1.651619681e-05
1.252416193e-05
0.02240135544
0.0001518343998
-5.187125143e-05
-6.683609689e-05
0.01512033198
0.004570371051
-9.170803947e-06
0.01517039767
-5.006568146e-05
0.00612799542
-0.02226495418
0.02678121651
-0.02477255764
0.004119336549
0.003535305289
0.0236542631
0.002269682102
-0.004610834237
0.003492539701
-0.01516253264
0.03132455241
0.006046742085
-0.01515025279
-1.227985592e-05
-0.01970690541
7.114749495e-06
0.004712153251
-3.981607045e-06
-0.0002119591363
0.02349211111
0.0005930749784
-0.02191121224
0.02170091697
-1.663864604e-06
1.406285361e-06
-0.02120880049
1.047338324e-06
0.000496633623
-4.51713485e-06
0.001068444406
0.02281466594
0.0001256343229
-2.229005951e-05
0.0001332222785
-2.986130969e-05
0.02329030742
0.0002961861766
-1.212029202e-05
0.0001648744993
-1.341311944e-05
0.0001383717667
-0.02224948655
-7.693458617e-06
0.0246830197
-0.0249940351
0.0004493871682
0.02436361985
0.000479791896
0.02529964131
0.0004241319547
-0.0001285902767
0.0004341964874
-4.140932986e-06
0.0005543321114
-0.02159066656
-6.466406871e-05
0.02295423388
-0.02357624432
0.001176342558
0.002262466847
0.02401309123
0.0005494336775
-0.0002872466271
0.000724093535
-5.268235911e-05
-0.001277763038
0.001424982811
-0.2286655335
0.001951434326
0.2283559787
-0.2285492854
-0.001758127598
-0.2289945808
-0.00114604356
0.2288606242
0.002154166382
-0.2284823721
0.00286109446
0.2281113401
-0.2283713779
-0.00260105669
-0.2289365732
-0.001659287082
0.2287766012
0.003046211784
-0.2282952046
-0.007822682022
0.234829687
-0.230394372
0.003383718852
-0.2289042961
-0.002288926655
0.2287138528
-0.01186446705
-0.2319251194
-0.02092108939
0.2356532819
-0.2331833374
0.01844598178
-0.2289154755
-0.002986399574
0.2287322102
-0.02282720019
-0.2325654601
-0.001683069084
0.001892902026
-0.2279794921
0.002663555848
0.2273692845
-0.2276463253
-0.002386514993
-0.001940514933
0.228145196
0.0005379382581
-0.2275198597
-0.01639152022
0.2450634809
-0.2396137106
0.01092882328
-0.002893783787
0.2286888083
-0.02151870767
-0.2430702152
-0.0340458671
0.2512261893
-0.2476082781
0.0304084482
0.01188474262
0.2392726498
-0.03712192139
-0.2472272145
-0.04299806954
0.2433626058
-0.2419485689
0.04156984306
0.02671642236
0.2379986616
-0.04397600369
-0.2391476366
-0.008889157341
0.01008407988
-0.2295091976
-0.008643070183
0.2471753302
-0.2397816293
0.001235540864
-0.002493307074
0.2288116452
-0.01434466189
-0.2462108293
-0.02743248249
0.2628882179
-0.2592164127
0.0237288628
0.01577863602
0.2502237964
-0.03047529671
-0.2608708026
-0.03536558845
0.2593447828
-0.2584608469
0.03445006764
0.03369510209
0.2543199128
-0.03563169982
-0.2556670357
-0.03353013564
0.2432896325
-0.2443448754
0.03456645786
0.04268414893
0.244291419
-0.03236813681
-0.2401745954
-0.0001279589903
-0.00372257804
-0.233586329
-0.01436744764
0.2604295745
-0.257257283
0.01116257714
0.0006674878621
0.2519629659
-0.01699603782
-0.2625851647
-0.01611328487
0.2704381824
-0.2720134152
0.01764242088
0.02362032438
0.2663997693
-0.01242812193
-0.2723938642
-0.01359252641
0.2562369915
-0.2571961863
0.01451636195
0.03198538559
0.2593635313
-0.009275686758
-0.2516078975
9.841252907e-05
0.2314254226
-0.235086168
0.00354819264
0.02859614707
0.2414047136
0.004251456234
-0.2307629919
0.003203507167
-0.005635850089
-0.2454701102
-0.006105167008
0.2674396832
-0.2672540455
0.005876493097
0.01110084215
0.2632147566
-0.009968626183
-0.2706310091
-0.009236490553
0.2672789686
-0.2682022022
0.0101105561
0.01872906187
0.269307256
-0.007564458602
-0.2634203005
0.005685283418
0.23734614
-0.2441059611
0.001047287619
0.008353470862
0.2529229581
0.01168221626
-0.234809705
0.03052672779
0.2116880812
-0.2146441745
-0.02757094666
-0.007277404875
0.2274954975
0.03292198172
-0.2127817399
0.001462767181
-0.001980171744
-0.2522356449
-0.002555804384
0.2695315223
-0.269585062
0.002558075091
0.008459297712
0.2685643048
-0.002329367856
-0.2712710673
-0.0003799530639
0.2618150114
-0.262761356
0.001276444908
0.003744157002
0.2691750334
0.0009715216351
-0.2557941164
0.008086184533
0.2229090618
-0.2255861975
-0.005426879954
-0.001816644652
0.2326016569
0.01135384111
-0.2140313343
-0.096630996
-0.007160184797
-0.02585326558
0.204517527
0.09894721584
-0.01272540294
0.01337364269
-0.09959545559
0.09993649857
0.02276884802
-0.1011028269
-0.02160251968
0.02023080743
-0.1049580165
-0.01673712389
0.101464333
0.0027955187
-0.003026689959
-0.2535902038
-0.002530462774
0.2682711381
-0.2686714463
0.002873915131
0.0005735967486
0.2693511586
-0.002043440002
-0.2695374032
7.304980589e-05
0.2578304681
-0.2586547955
0.0006994189577
-0.0008372123508
0.2608472164
0.0008445857816
-0.250911795
0.2189176494
-0.2193472386
-0.002163987665
-0.00560971384
0.2213571284
0.006509252869
0.2080366997
-0.005498809396
-0.2022084491
0.2023013313
0.002974531898
0.003441838727
0.005081777461
-0.202759851
0.004315108771
0.004029780289
0.09494424665
-0.004189610823
-0.09315407524
0.09334912695
0.00163865376
0.002196074815
0.005769894608
-0.09307576902
0.003568029929
-0.00366037946
-0.2538826333
-0.003288892497
0.2669166715
-0.267192453
0.003502640716
0.002619751906
0.267882799
-0.003002192831
-0.2676322126
-0.002057957419
0.2559107007
-0.2562601138
0.002352393968
0.0007321309538
0.2571929741
-0.001825512662
-0.2487085096
0.2190630813
-0.2189155227
0.001695787414
-0.001181462715
0.2187767219
-0.0002751055447
0.2084987632
-0.0001391324909
-0.2042711301
0.2051129902
-0.0006669026875
-0.0004500629859
0.0002492690274
-0.2034707876
-2.692259551e-05
-0.001857964953
0.09936509889
0.001401144433
-0.09850969407
0.09901605236
-0.001188858327
-0.001175464911
-0.09792688619
-0.001091430703
-0.001105567412
0.005014538369
-0.005252057802
-0.2543927942
-0.005334848721
0.2662216812
-0.2663491391
0.005393992052
0.004263712458
0.2666914912
-0.005211769876
-0.2664985658
-0.004747559222
0.2548212246
-0.2550277881
0.004895529185
0.003284406177
0.2555696823
-0.004645998099
-0.247730138
0.2195696229
-0.2194112294
0.004678011527
0.002608306775
0.219171851
-0.003985192894
0.2104315177
0.003498193673
-0.2074909757
0.2082150261
-0.00242424378
-0.002284999539
-0.2067285816
-0.001907529526
-0.002064557679
0.101717391
0.002931884081
-0.001562188868
-0.00159294591
0.05064482284
-0.0505913418
0.001649013889
-0.050420384
0.001543280186
0.0504746043
0.005580822381
-0.005787184272
-0.2554062775
-0.006156447518
0.2659745944
-0.2659492491
0.006057089381
0.005826119116
0.2661292317
-0.006230742608
-0.2657976172
-0.006535960616
0.2542448032
-0.2541821286
0.006411883476
0.005443540847
0.2546418849
-0.006678930469
-0.2471058825
0.2202596527
-0.2201406983
0.006997202857
0.005303042226
0.2197204324
-0.006615049471
0.2125747064
0.006045297549
-0.2102688245
0.2109337268
-0.003700422597
-0.003579529217
-0.2096025942
-0.003276057657
-0.003395052895
0.1031317719
0.004043932852
-0.002081407177
-0.002109633887
0.05132634956
-0.05129538431
0.002149255424
-0.05119214569
0.002052519046
0.0512260146
0.007379172039
0.2659617192
0.007341693156
0.2541273319
0.00741891533
0.2204522734
0.008079904582
-0.004369941742
-0.004473018131
-0.004886409767
-0.1065398618
0.004700182641
-0.2123103694
-0.004471283928
-0.004590938377
0.1063932142
0.1066605475
0.1042529127
0.005316530824
-0.002716374562
-0.002753469715
0.05176095841
-0.05173707521
0.002796784789
-0.05166023115
0.002653749955
0.05168667845
-0.09725439737
-0.001005778924
-0.0009645270086
0.000890759986
-0.0007883029981
-0.09649188232
-0.000864972024
-0.09720910726
0.0002741323177
-0.001567402993
-0.05036493268
0.001511951685
-0.001469767699
-0.05017776525
0.001405822513
0.05024171044
-0.1007597812
0.002452796363
-0.001344993487
-0.001367976743
-0.05115647691
0.002018374756
-0.05104117774
0.001928953886
0.0510811083
-0.1025040089
0.003639677864
-0.001891725747
-0.001918894279
-0.05163395103
0.002610914601
-0.05154540303
0.002493048021
0.05158341541
-0.1036753297
0.004805069487
-0.002457623332
-0.002482746959
-0.04333501358
-0.004030296092
-0.01828110093
0.09360345066
-0.01148675659
0.09796041538
0.01247355705
-0.1060864251
0.1034109637
0.02290626883
0.02368200082
-0.09787628866
-0.2059311595
-0.001666367279
-0.001489156673
0.001390903008
-0.001006330556
-0.001202741736
0.0009201685809
-0.100504501
0.001776541884
0.1008091064
-0.1018567321
0.1020707463
-0.001220344705
0.1027658384
-0.00190228407
-0.1025299216
-0.1008319971
0.1010560236
2.524252913e-05
-0.0009492971279
-0.1015743377
-0.1001629357
0.001539860995
-0.2089208943
-0.003091591073
-0.002960920921
0.004702173015
-0.002639956259
-0.002768084963
0.004188183721
-0.1024706876
0.003177066666
0.1026605513
-0.1035593234
0.1037221332
-0.002802766059
0.1042581702
-0.003275399369
-0.1040743619
0.1029549852
-0.002096676261
-0.002632283014
-0.1033512842
-0.1022671178
0.003023561821
0.05085981131
-0.05080684419
0.001777628568
0.001683078975
0.05070127522
0.003077910757
-0.001631265179
-0.001661126416
0.002016304342
-0.05034049719
-0.001121131137
0.05056908601
-0.05047475545
0.001921973781
0.05067895545
0.001948275134
0.05021114527
0.001710456311
-0.05016169398
-0.001794129731
0.001747252331
0.05025802267
-0.0009075344712
0.05015789505
-0.0009170163274
-0.2116112412
-0.004291107287
-0.004177442084
0.007202903171
-0.00388556441
-0.003994853076
0.006602526835
-0.1037864333
0.004344604759
0.1039296176
-0.1049131592
0.1050597833
-0.004032188433
0.1055846975
-0.004481022676
-0.1053947821
0.1044072594
-0.003425146774
-0.003876945208
-0.1047366366
-0.1036375198
0.004187754736
0.05143709543
-0.05141333868
0.002285919684
0.00217598484
0.05135593052
0.004188649579
-0.002148263704
-0.002177513189
-0.02596572911
0.001120772955
0.02589147562
0.05109878192
-0.05111385654
0.002309555572
-0.001160243979
-0.001134236964
0.05108284511
0.002341479644
-0.001171069165
-0.001154473673
0.05087468981
-0.05085240379
0.002152363689
-0.002274802621
0.00219089926
0.05095859317
0.05085309407
-0.001169269774
0.1057495295
-0.004636115988
-0.00508171608
-0.1061483041
-0.1049006421
0.005486098811
-0.002812950671
0.05190153011
-0.05186481669
0.002989137295
0.002838900382
0.05179833708
0.005501733561
-0.002813601283
-0.002847813593
0.05215025851
0.05226233548
-0.02518914048
0.002059335985
0.02574674361
-0.05121917037
0.003069935209
-0.001792419588
-0.001740086575
0.02588173445
0.02580000688
0.02586186946
0.001536466643
-0.001580974808
-0.0258173613
0.05135711095
-0.05143080669
0.002679248645
-0.001350529372
-0.001255023528
0.002724547696
0.05127473656
-0.00134661236
-0.001295560945
0.02587312921
-0.02604643586
0.001232406158
0.04686384019
0.001719839136
-0.001110705146
-0.001076948556
0.02379476845
-0.02369821504
0.001203416369
-0.02300442214
0.001259316586
0.02327656104
0.02556698339
-0.0253382534
0.001205250786
-0.02416942056
0.001353741929
0.02452866357
-0.04822741044
0.001900326605
-0.001171346343
-0.001138327167
0.002121405116
0.04245750328
-0.00221207563
-0.04100109213
0.04130935451
0.001813142743
0.003396814694
-0.04115475031
-0.04505313349
-0.001393943388
0.02292357819
0.001699337762
-0.04436123621
-0.001203805871
-0.04468614633
0.001117071084
-0.0499145149
-0.0008373758182
0.001652536309
0.0499938344
-0.05009888832
0.05016043401
-0.001531313386
-0.001626639571
-0.05027608179
0.001361674125
-0.04982223612
0.0498938431
-0.001433281095
0.001428001364
-0.001482456647
-0.05004443303
-0.0008889409861
-0.04980805964
0.001643382272
0.002269187783
-0.001279780909
-0.001287894411
-0.05011649869
0.001366734805
-0.09983456419
-0.001371612556
0.05005402472
0.05010511699
0.04949867769
0.001678161274
-0.000831447321
-0.000960299411
0.02410572359
-0.02400195562
0.00101646808
-0.02418681278
0.0007730937881
0.0240973873
0.02618353892
-0.0263676726
0.0007064760014
-0.02688171327
0.0007142228621
0.02671717319
-0.02518363269
0.0008785732566
0.02515608306
-0.0008510236266
0.04922378833
0.001734291477
-0.0009693087481
-0.000846689969
0.02542667117
-0.02552096595
0.0008600341001
0.00108061534
0.02563078234
-0.02428729455
0.0007718660116
-0.02459067517
0.0007718660736
0.02448778321
-0.04935564638
0.001612562069
-0.0008060250689
-0.0008176340927
0.002094159301
-0.0507410018
-0.001023958022
0.05084242067
-0.05083965771
0.002091396348
0.002113712762
0.05075075693
0.001969174514
-0.002019815791
0.001977826702
0.05079274602
0.05088126465
-0.001085321911
0.003508052221
-0.00183228154
-0.00185498914
-0.05099937947
0.001903963818
0.001813205099
0.05090664001
-0.001092901398
0.02587986612
-0.02651366548
0.02658171976
-0.001160955675
-0.02630164381
-0.001436572491
-0.02501067463
0.02488138243
-0.000858740585
0.0009719620878
-0.0008404910837
-0.02514214564
-0.0252515361
-0.0009026679296
-0.02508796647
-0.0255889069
0.0007247404488
0.0007069269052
0.02598970919
-0.02592401048
-0.001692479933
0.001350517806
-0.001784984171
-0.02548954412
-0.02534840685
-0.02657489776
0.001490715506
0.02675963423
0.05147318852
-0.05139796688
0.002666175792
-0.001452558108
-0.001288839323
0.002663392617
-0.001379694204
-0.001241316583
0.05107149095
0.002378635691
-0.001187411272
-0.001179870261
0.002412295055
0.0510591138
-0.001194078141
-0.001205839759
0.02536418277
-0.02544507501
0.001177321877
0.004644791706
-0.002371203998
-0.00240621202
-0.05151631629
0.002440100022
0.002324236878
0.05146016946
-0.0009301245189
0.02556877214
0.001080265145
-0.02585086361
0.02561124278
-0.0006905036846
-0.02608830864
-0.0006858214878
-0.02780287992
0.02746203555
0.001029378795
-0.02810543183
-0.02759735063
0.0012032913
-0.00109736243
0.02507545485
-0.0247743821
0.02471775048
-0.001040730808
-0.000909578974
-0.02632450081
-0.0006795978193
0.0009090475344
-0.0006728512108
-0.02656069713
-0.02616501333
0.001056787465
0.001575286281
0.02584766862
-0.001561085434
0.003035895769
-0.0008081546821
0.001162219997
-0.02713715407
-0.02761408076
-0.000764556337
0.0266225982
0.001048040509
-0.02710792502
0.02675202424
-0.02762552446
0.003565142185
-0.02643712353
-0.02668802261
0.002665957919
-0.2027860001
0.0007616120298
0.001111500835
-0.00432760789
0.002117204922
0.001725734142
-0.004078623863
-0.09703758589
-0.001411073706
0.09749761254
-0.09993564981
0.1000592236
0.001993631167
0.0004584174004
-0.1005288025
-0.09974646695
0.09968967301
0.005138571395
0.002797974658
-0.09975909256
-0.09662825813
-0.002308511818
-0.09400426997
0.0001441047053
0.09481556395
0.0003569914557
-0.002521883059
0.001071822913
0.0007949171402
-0.002943038737
-0.04412355652
-0.0002941203126
0.04459475044
-0.04594774589
0.046120091
0.0008994778015
0.04696001011
-0.0001693029154
-0.04664660248
0.003324662124
0.002635721277
-0.09080124536
0.045096898
0.04551385857
0.001359612357
-0.04566870447
-0.04371869009
-0.0009796965108
-0.09945438253
-0.00131688127
-0.001306977121
0.002066175722
-0.001244321867
-0.001260184031
0.001659793294
-0.0492987061
0.001565948065
0.04937265228
-0.04941903992
0.04952800173
-0.001353283684
-0.001411304834
-0.04972781256
-0.0488303362
0.04898311607
-0.001244210576
-0.001328003091
-0.04927989515
-0.04921029014
0.001575232987
-0.04762626418
0.00155028891
0.04792953721
-0.04800082505
0.04822230519
-0.001009783147
-0.001204408147
-0.04863170697
0.0001923206884
0.04720729104
-0.000439601621
0.0006500385577
-0.0009087824978
-0.0477420811
-0.04729601265
0.00149533534
-0.0003591475578
-0.0002745384828
-0.09566050008
-0.0005404912395
-0.0003247933315
0.001008178682
0.01773461905
-0.001123039071
-0.01684640104
0.01692697004
0.0009276096925
0.002135562506
-0.01680528327
-0.01984619618
0.002198824981
-0.0192557673
-0.01961298879
0.001702505257
-0.013123743
-0.04674205014
0.04610805135
-0.0157787126
-0.04542170043
0.04412102833
-0.008001477096
0.009255881943
-0.04537543318
0.04506107978
-0.04791902513
-0.01292076724
-0.04749473543
-0.01368730141
0.04805829383
0.01862927493
0.00348180658
-0.03769506029
-0.006406672707
-0.01180455563
0.04204436162
-0.007386970069
0.04367030849
0.007837689912
0.0510634284
0.002900430436
-0.05110674476
-0.001392947194
-0.00146416688
0.003021273401
-0.001521763921
-0.001655251445
-0.02492735107
0.00180496076
-0.002959402064
0.05164931507
0.002921942216
-0.05138392466
0.051445796
-0.05138210185
-0.05151455211
0.05156535766
-0.001575906849
0.003001179102
0.00296261444
0.02381593624
-0.02382983896
0.001126782299
0.001172152227
0.02383398101
0.001785687984
-0.001098479396
-0.001077103265
0.02446517189
-0.02337563136
0.002655403895
-0.003267625159
0.002444731304
0.02528806575
0.02560533008
0.001886423492
-0.001098283807
-0.001126977089
-0.02394382907
0.001272562353
0.001124456257
0.02381429931
-0.04191702415
-0.0005050292531
0.04272473109
-0.0003130687009
-0.0009027451273
0.0002950754887
-0.001294877474
-0.01894981537
0.0004076224668
0.0193294949
-0.03999115032
-0.0001945007773
-0.0004700204482
0.02042573726
0.02052500977
-0.0008351913467
-0.02080495786
0.03940173217
0.001827514972
0.001465571036
-0.03929800349
0.0008320485143
0.0003916760911
-0.01869855083
-7.235119549e-05
0.002036107692
-0.02220877329
0.02267085456
-0.02251339063
0.001878643765
0.002378929791
0.02148553927
0.001460927376
-0.02094100013
-0.002264381814
0.001663139159
0.02208678193
0.02229596002
-0.00133290687
0.0007106881549
-0.04359058129
-0.001061389293
-0.0008963138371
0.02665270709
-0.02596533274
0.001535233842
0.00125327741
0.02446672986
0.024965639
0.02494829807
0.00174729055
-0.001037883633
-0.001124666304
0.0008293662856
-0.0008481258147
-0.02516487316
-0.02702174551
0.000751242977
0.001291067053
0.02701520095
0.02500116943
-0.02510287084
0.0008060814931
0.000848924999
0.02531629425
0.001697777917
-0.0009169045013
-0.000828133834
0.001627266949
-0.0008288583144
-0.0008145609977
-0.0246942209
0.0007778261369
0.0008028197645
0.02489739598
-0.02606953475
0.02594048898
-0.0008059280542
0.000942117256
-0.0008070818367
-0.02620457017
-0.02572905579
-0.0009439696957
0.02549197837
-0.02580399106
0.02567320375
-0.0008131823906
-0.0008091038131
-0.02497382748
0.02491927574
-0.0008849175514
0.0009305057527
-0.0008741050147
-0.02503022822
-0.02505459452
-0.0009716139015
0.02500870522
-0.02486919903
0.02483256188
-0.0009349767513
-0.0009005049259
-0.02444275494
0.02440531785
0.00115329379
-0.02462815593
-0.02497684887
0.001232624685
-0.002523725659
0.02589528633
0.001896730711
-0.02472484377
0.02569365781
-0.02723075196
0.02755378221
-0.001840891182
0.001772310972
-0.00243482387
-0.02656823906
-0.02611325714
0.00138946069
-0.001053840391
0.02670271553
0.001110422792
-0.02758307796
0.02745156524
-0.0009223276784
-0.001273098629
-0.001533836466
-0.02496699209
0.02460598801
0.0008078466321
-0.02532545156
-0.02546495124
0.001097340316
-0.001093706885
0.02440418819
0.001313362782
-0.02424063274
0.02387101939
0.01978921817
-0.01212339284
0.006796403554
0.00652745977
0.01975213617
-0.004955331979
0.0189138306
0.005830719552
0.05111873411
0.002255842973
-0.05109385353
-0.00116973445
-0.001110989106
0.002279617221
-0.001155121484
-0.001119618172
-0.02602706176
0.001109396924
-0.002268023918
0.05127984079
0.002240350946
-0.05116558265
0.05117717596
-0.051143441
-0.05119236099
0.05120246023
0.002294370541
0.00227705631
-0.002150748035
0.05116368029
0.002118545703
-0.05101859672
0.05105874795
-0.05098607068
-0.05110631298
-0.002246923039
0.002173076519
-0.002220641545
0.00214229886
0.002298394053
-0.001385680282
0.02575877834
0.02562802904
0.05103634568
-0.001174205125
-0.001130225765
-0.002736536737
0.0515596686
0.002724122813
-0.05142333448
0.05141134544
-0.05144055337
-0.05139458008
-0.002821152556
0.00278509274
-0.002768327387
0.002768197494
0.001251648628
0.02569172218
0.0511909656
-0.001349642874
-0.00133491356
-0.001357308379
-0.001379623339
0.05083053955
0.002038929239
-0.05081889689
-0.00207043896
0.002061320792
-0.00102686326
-0.002037458932
0.0510270063
0.002003898434
-0.05091077046
0.05093463232
-0.05088045968
-0.05096111504
0.002064913628
0.002028605256
0.0006217779671
-0.02483678066
0.02478218305
-0.02500089616
0.02456369404
0.02521875594
0.000829565488
-0.02543497562
-0.000616346851
0.0008342066276
-0.0009674041481
-0.02527534316
-0.02540820278
0.05120664917
0.002612589623
-0.05107375251
-0.001353103434
-0.001392382843
0.002661042743
-0.00145894543
-0.001393415019
-0.02622438751
0.00158801218
-0.002588986335
0.0514818633
0.002533422107
-0.05132212331
0.05139417972
-0.05125949885
-0.05143497607
0.00262537945
0.002596878955
-0.002406523468
0.05136222424
0.002384676072
-0.05121226715
0.05121803874
-0.05123386709
-0.002517939379
0.002446836433
-0.002462664786
0.002424787227
0.001185034602
0.02529125964
0.05104053251
-0.001210582627
-0.001233500867
-0.001251087722
-0.001300071662
-0.02536783405
0.02511609352
0.0009351778562
0.001089163925
0.02583805833
-0.02612899746
-0.0003982368353
-0.001385448635
0.001393565185
-0.02825195595
-0.02795794473
-0.02479396162
-0.001821393547
0.02511903271
0.00124462327
-0.001320834406
0.001315893424
-0.02369262295
0.02420396541
-0.0242089064
0.02455263018
0.02436158824
-0.0008880489675
0.0003822457349
-0.02621843944
0.02641977523
-0.0267103807
0.02700142301
0.0006693221276
-0.02729236046
-0.0003771932455
0.0006682355501
-0.0009030883062
0.001049670989
-0.02679554989
-0.02702850184
-0.02639583123
0.026039135
0.0007632824541
0.001052413295
-0.00411434588
0.002893819521
-0.02451902428
-0.02348501939
-0.0173310054
0.01773622021
-0.0001677012973
-0.0004615991273
0.01571009175
-0.01600206254
-0.002068236083
0.001376057146
-0.01826556639
0.02490610012
0.0009674698533
-0.02526648549
-0.0004076766086
0.0007961619885
-0.001053320941
0.02408410394
0.001157391177
-0.02462988965
0.0243727307
-0.02482191147
-0.02409107024
0.02380947819
0.0009997827295
0.001126117494
-0.001882208434
0.02398051821
0.001517303964
-0.02405930298
0.02462182585
-0.02336635847
-0.02486230939
-0.001310529036
0.001625676693
-0.001866160228
0.001417104787
0.002064314107
0.02548621963
-0.00259842915
0.0254410455
0.001817989902
-0.02453111892
0.02579845541
-0.02360846697
-0.02677142976
0.02711188173
0.002354722724
0.001708881538
-0.001121842983
0.02366706684
0.001176399624
-0.0235534391
0.02336096308
-0.02331307971
0.001363045888
0.001293612251
0.02261822748
0.001406499543
-0.0227053377
-0.001418098388
0.001522935239
-0.001415426548
0.02255175913
-0.02247544151
0.02258295021
-0.02238440016
-0.02284459483
0.001616999143
-0.003207244878
0.02490708975
0.00216073878
-0.02280116741
0.02403666836
-0.02269390756
-0.02611910127
0.02744068048
0.003809927221
0.002452220021
-0.0005773912698
0.02352151898
0.0007285129879
-0.02334692122
0.02312007912
-0.02356346357
-0.02288258927
0.000745612765
0.0008473568913
-0.0003130499409
0.02683473462
0.0005318513891
-0.02651463694
0.02632339263
-0.02671991287
-0.02614076065
0.02595841352
0.0003075737692
0.0005275130843
-0.001080649346
0.02766913896
0.001109371651
-0.02758384759
0.02726989259
-0.02696115178
0.0005892992273
0.0007708999744
-0.0005289432891
0.02560632357
0.0007204850598
-0.02603839741
0.02579216259
-0.0262830434
-0.02554860851
0.02532117209
0.0005209342351
0.0007106602657
-0.0008270491353
0.02634556187
0.0009361305262
-0.02702600982
0.02679298156
-0.02653438502
0.0006528759563
0.0008230733183
-0.0004945555578
0.02417568703
0.00066834755
-0.0242052542
0.02398755066
-0.02443293891
-0.02377651568
0.0004988747817
0.0006690293722
-0.0005162392544
0.02488247329
0.0006917518213
-0.02509920978
0.02488069682
-0.02466071454
0.0005072519442
0.0006832970248
-0.0002626986804
0.02589565795
0.0005121291598
-0.02573927748
0.02552614234
-0.02531663867
0.0002648262582
0.0005158307721
-0.001017368879
0.001149344282
-0.02486457782
-0.02699507256
0.002817921796
0.002029998961
0.003434031866
-0.02669732399
0.02788009017
-0.02688088218
0.02822058571
0.02555232648
0.002383991995
-0.004002769517
0.002674213825
-0.00186008971
-0.02575411494
-0.02725234279
-0.0006895822364
0.0009542079882
-0.0007549855375
0.001066441032
0.000467684703
-0.02729618873
0.02758410991
-0.02787141074
0.02812436049
-0.0006693779253
-0.0007919798973
0.001081431981
-0.02568323497
-0.02354308581
0.001504276142
0.001582663474
0.05041032956
0.001847350866
-0.05035811053
-0.001950157407
0.001885731519
-0.0009885253226
-0.001823073082
0.05066652978
0.001770734615
-0.05051821133
0.05058086977
-0.05046358821
-0.0506420382
0.05070589588
0.001860805347
0.001800975425
-0.001692354982
0.05044848519
0.001638027773
-0.05029839019
0.05035328754
-0.05024427396
-0.05040844028
-0.001815859411
0.001723197331
-0.001778350071
0.001668904169
0.00183034321
-0.0009303668896
0.05031001581
-0.001936313024
0.0508778141
0.00189059447
-0.05076312253
0.05080463621
-0.05084372223
-0.002019627494
0.001958691799
-0.001997777823
0.001919922054
0.002014307761
-0.0009422145503
0.05080927595
-0.02653375389
-0.0008724056673
0.02644701077
0.001021763712
-0.0009737978501
0.000863228081
-0.02801477477
0.02733247115
-0.02744304092
0.02715719337
0.02739691679
-0.02706459764
-0.001207079809
0.002599088299
-0.02539729503
0.02639720753
-0.0255831034
0.02493072369
0.001401692116
-0.02458900545
-0.002304785262
0.001652405554
-0.001291620167
-0.02512875873
-0.02491160293
-0.001225802662
0.02173353014
-0.02140017845
0.02183751495
-0.02098385331
-0.02218011652
-0.001494652165
0.001291772535
-0.001634374095
0.002105556641
0.02255796448
0.0005898132684
-0.02700089678
0.02652811096
-0.02674537953
0.02630916792
0.02695563434
0.0008302536331
-0.0006016475628
0.0008119023691
-0.0009325036881
-0.02632517149
-0.02553876225
-0.0008251991281
0.000954223688
-0.0008197821839
0.0006024784052
-0.02590730871
0.02565136986
-0.02586867363
0.02608820297
-0.0005936530593
0.0007491570498
-0.02497132991
0.02488326003
-0.02500820799
0.0247587925
0.02513309375
0.0008567096611
-0.02525741852
-0.0007404370087
0.0008653227724
-0.0009207870975
-0.02508569254
-0.02514205546
-0.02483386797
-0.001157738268
0.001007731806
-0.001009037898
0.00096687332
-0.02416015498
0.02450055854
-0.02454272312
0.02464072677
-0.0008369731006
0.0006804110507
-0.0005645859606
-0.4582515742
0.0008259285679
0.4581060566
0.001059903354
-0.4582567776
0.001253633185
0.2290414872
0.2290215606
0.001502143581
0.2290220707
-0.4582287393
0.001800533157
0.2289357689
0.00214834451
0.228962397
-0.4581996067
0.002534511293
0.2288768667
0.002954251604
0.2289242677
-0.4581775113
0.003406908719
0.2288205581
0.003871583277
0.2288997308
-0.4581783829
0.004313960022
0.2288205306
0.004718340213
0.2289468319
-0.4582235841
0.2289023169
0.0009226851299
-0.4580307839
0.001127288793
0.4578261803
-0.4581800113
0.001282696122
-0.4578698649
0.001549641453
0.4576029196
0.0009284562262
0.001010482945
0.2285891857
-0.2287232759
-0.00114367283
-0.0007792210336
0.2289550642
0.001117615684
0.2287837291
-0.001010802766
-0.22890593
0.2287895604
0.00123398527
0.00105883156
0.001654941596
-0.001507039728
0.2286526218
-0.2288150724
0.2286527278
0.001817286162
0.001530425546
0.002354674782
-0.002169525992
0.2285191183
-0.2287392922
0.2285386718
0.00255529517
0.002142912058
0.003163926225
-0.002981084974
0.2284727725
-0.2287121563
0.2294191153
0.002456741119
0.002826040817
-0.002933456727
0.001062992025
0.2306206197
-0.2290268582
0.230383159
-0.004290568412
0.003187048563
0.006826718378
-0.4578764798
0.006806654783
0.4578965434
0.005217209749
-0.4575617381
0.004319316099
0.4584596318
0.001272894933
0.001508083858
0.2279189048
-0.2280900662
-0.001511907686
-0.001251273335
0.2284353505
0.001688733197
0.2281741214
-0.001505493199
-0.228297359
0.2280961248
0.00188996735
-0.2284802009
0.001748902775
0.002593398205
-0.002341488403
0.2277973389
-0.227986217
0.2277073856
0.002872229613
-0.2282373753
0.002632847193
-0.009449689654
0.004012771248
0.2377316162
-0.2354597381
0.2405983852
-0.01459700169
-0.2303016358
-0.007038736593
-0.02748858629
0.02367430809
0.2437386248
-0.239936957
0.2431972172
-0.03076071595
-0.2364777034
-0.02378585158
-0.0372026546
0.03561107309
0.2378306336
-0.2342249003
0.2352732097
-0.03825718844
-0.2330233871
-0.03206216932
0.00215856959
-0.4567374172
0.002724075446
0.4561719113
0.004088466059
-0.4572649817
0.006118352975
0.4552350948
0.008128531823
0.003995534978
0.2279607974
-0.231673499
-0.005176455654
-0.00187776622
0.2279891758
0.00243728763
0.2279321597
-0.002778580266
-0.2274149363
0.2274923967
0.002359827151
-0.2276463075
0.002217658453
-0.008940893247
0.003369128447
0.2408602351
-0.2413232654
0.2467434683
-0.01437612376
-0.2356510162
-0.01029033176
-0.02861204389
0.02431869506
0.257193402
-0.254497144
0.2581906618
-0.03233216277
-0.2502470425
-0.02999379043
-0.03975361193
0.03790336437
0.2546014881
-0.2505184543
0.2517790423
-0.04103727059
-0.2486003825
-0.04126528321
-0.04224534246
0.04219532523
0.2406915889
-0.236925155
0.2367368997
-0.04206762296
-0.2366940361
-0.04442458462
0.001071366913
-0.4557997871
0.00185903773
0.4550121163
0.00230384043
-0.4544476344
0.002873766545
0.4538777082
0.001839394485
0.001764231221
0.2282792866
-0.2264519105
-0.001957016293
-0.002687056926
0.2266147467
0.0002039132358
0.2294918705
-0.002608005929
-0.2350546858
0.2384549336
-0.003205842906
-0.233535047
0.003732518977
-0.01117937361
0.00879188771
0.2610139303
-0.2636957719
0.2658116022
-0.01332967393
-0.2568987809
-0.01909179347
-0.02699575712
0.02441378053
0.268798212
-0.2651010019
0.2662778818
-0.02821168267
-0.263545405
-0.03117266283
-0.02594126661
0.02744793222
0.2537106063
-0.250717287
0.2487120102
-0.02396260725
-0.2519352149
-0.03022047858
-0.01597633682
0.01868565994
0.2343633657
-0.233218727
0.2308013267
-0.01356877046
-0.2349483238
-0.0231146739
9.821586233e-05
-0.4541029178
0.0003484420693
0.4538526916
0.001339193525
-0.4534028189
0.002044108804
0.4526979037
0.001279299731
0.001067074371
0.2386838694
-0.2361675263
0.0006746068378
-0.001827377741
0.2312313036
-0.004893649377
0.2451634606
0.000586490139
-0.2496417168
0.2525050626
-0.007782465487
-0.2463004034
-0.007950765377
-0.01460850933
0.01276606413
0.2693009684
-0.2699758167
0.2711889029
-0.01586873875
-0.2683768479
-0.01793407343
-0.01455553878
0.01604784823
0.2650062695
-0.2671810917
0.2601750858
-0.007592924152
-0.2706179954
-0.01218312135
0.004124953148
0.001553275179
0.2415406215
-0.2381833936
0.2331095262
0.009179984125
-0.2442315115
0.00094319732
0.02658329083
-0.02089200939
0.2168488302
-0.2189215428
0.2156800812
0.02982370425
-0.2235361281
0.01985705069
-0.001036949494
-0.4536642639
-0.0009432367
0.4535705511
-0.0008235977363
-0.4517843254
-0.0004689245105
0.4514296522
0.0003357781923
-0.0002005068701
0.244006475
-0.2433822383
0.0008180828434
0.001096729909
0.2407389913
-0.00413519852
0.2512863117
0.002653503127
-0.2577389784
0.2590166916
-0.005449087335
-0.2559755361
-0.006941406892
-0.007632004484
0.007287050212
0.271281652
-0.2711970121
0.2710674135
-0.007556207099
-0.272248068
-0.00522655527
0.0006560555384
0.001818312572
0.2574424209
-0.2521098735
0.2512775588
0.001449694741
-0.2545453871
-0.001597695136
0.01288449845
-0.00801716262
0.2172730885
-0.2116771968
0.2065532943
0.01800536469
-0.2183903661
0.01986965269
-0.002314125637
-0.4536591704
-0.002416310506
0.4537613552
-0.002525628586
-0.4513044865
-0.002590334398
0.4513691923
-0.001262616057
-0.001732090341
0.2452261022
-0.2447004524
0.00224447741
0.000701492523
0.2440488199
-0.004145948999
0.2534270916
0.00342956038
-0.2600410689
0.2607841765
-0.004932694591
-0.2601334993
-0.0007659916827
-0.004557470463
0.00516427174
0.2700787651
-0.2697441081
0.2687412643
-0.003613136604
-0.2701696491
0.0001171837152
0.0006998252117
0.0009211884486
0.2515953806
-0.243921807
0.2421939493
0.002391400675
-0.2453093052
0.004200834098
-0.003499565201
-0.4540127275
-0.003866137926
0.4543793002
-0.004176596287
-0.4515805592
-0.004534396068
0.451938359
-0.002584443751
-0.002799854464
0.246438228
-0.2462541893
0.003354567412
0.002318732048
0.2456761879
-0.002997330461
0.2538490355
0.002942637191
-0.2603461019
0.2602199601
-0.002918420686
-0.2604469415
-0.002824437645
-0.00202242922
0.00241830074
0.2680255116
-0.2668614517
0.2663534974
-0.00157573021
-0.267453075
-0.001310054629
-0.000250344961
0.0006513878707
0.2490583924
-0.2402853857
0.2399592778
3.947834961e-05
-0.2407860941
0.0008628545337
-0.004690479857
-0.4548498924
-0.005215819321
0.4553752319
-0.005817974213
-0.4524398034
-0.006455830655
0.4530776598
-0.00395658645
-0.004175296972
0.2476101099
-0.2472972898
0.004667383488
0.003802826967
0.246702989
-0.004677472411
0.2542241289
0.004471402378
-0.2600522207
0.2600897399
-0.004768066501
-0.2600452558
-0.0043257508
-0.004437417103
0.004635057014
0.2667177458
-0.2651668114
0.2648649633
-0.004202241773
-0.2655193862
-0.003582454553
-0.003505687101
0.003700085432
0.2479136741
-0.2393712517
0.2392146931
-0.00338694965
-0.2395444995
-0.002638824318
-0.005794720146
-0.4560989887
-0.006503730738
0.4568079993
-0.007367568208
-0.4538424308
-0.008196288701
0.4546711513
-0.00531320167
-0.004987821709
0.2490802115
-0.2488576396
0.005318823106
0.004985069538
0.2479440976
-0.00588835225
0.2550176358
0.005620563269
-0.2603008383
0.2604086427
-0.006055265484
-0.2602005687
-0.005774916784
-0.006066098712
0.006125889602
0.266007712
-0.2641715845
0.2640032215
-0.005969494383
-0.2643749181
-0.005577825794
-0.005733503476
0.005775256835
0.2473575553
-0.2390021576
0.2389827364
-0.005752774999
-0.2390556975
-0.005229352671
0.006126056712
0.2495140916
-0.004596353786
0.004758918856
-0.2609048624
-0.007563478555
-0.2607128451
-0.007226706596
-0.00783601227
0.007820448303
-0.2636053091
-0.007807728418
-0.2637286347
-0.007400050618
-0.007700202248
0.007714527469
-0.2389589527
-0.007745323887
-0.2389599349
-0.007307943401
-0.09336545183
0.008071910247
-0.009427066874
0.01071149897
-0.09464988394
-0.0962121899
-0.008340008759
0.1041021438
-0.02267194813
-0.1046279665
-0.02398569141
0.1029939285
0.002187948635
-0.1010951604
0.1017247533
-0.1014675014
0.001930696687
0.1019634163
0.002132448454
0.09991587417
-0.09954449095
0.0002859444418
-0.0009979095939
0.10027159
0.0006421938098
0.09979421195
0.003467348217
-0.1028412164
0.1033622558
-0.1031901383
0.003295230704
0.1035274385
0.003442527079
0.1021941118
0.002315219332
-0.002709521146
0.002489270623
0.1024143623
0.1020590189
0.004654154277
-0.1040829811
0.1046226877
-0.1044632384
0.004494704965
0.1047901115
0.004652122627
0.1036906903
0.003590816615
-0.003892712102
0.003738369455
0.1038450329
0.1034907072
0.00113555866
-0.0258221608
0.02558381359
-0.02561932409
0.0255638281
0.1049609902
0.00481009224
-0.00514838498
0.004972232881
0.1051371423
0.1047181476
0.002081920046
-0.02647985345
0.02646919507
-0.02614045231
0.001753177285
0.0266281788
0.001670721272
0.02591527141
-0.02603986764
-0.001219600348
0.02587984823
0.02622949441
0.001692592923
-0.05003727674
-0.0008454482042
0.05011367691
-0.05006621489
0.001645130906
0.001675951352
0.04972456713
-0.04965765075
0.001503320645
-0.001593986306
0.001522699344
0.0497958541
0.04968320181
-0.02540765781
0.02535866461
-0.0008184733483
0.0008622392217
-0.0008120953569
-0.02545780168
-0.02516181554
-0.0008834133878
0.02510988349
-0.02530440946
0.02525223611
-0.0008312400338
-0.0008233383667
0.001291387768
-0.02679131614
0.02604382222
-0.02613212865
0.02552834641
-0.001155555632
0.02550403178
0.02551909849
0.02663210869
0.001561013294
-0.001376186801
0.001490991947
-0.002993429239
-0.05222400807
-0.0002112518201
-0.09799261559
0.09915424027
-0.09876424988
-0.0006012422022
-0.0001310917999
0.09755984762
-0.09769369847
-0.005624120758
0.004277093266
0.09760154881
-0.004318794451
0.0963469222
0.0006273066805
-0.04509452199
0.04592981135
-0.04552848869
0.0002259840237
0.04632546563
0.0005159455459
0.04397729684
-0.04407831949
0.002370810709
0.04424220741
0.0433611063
0.001558234633
-0.0494396055
0.04958869472
-0.04950785883
0.00147739875
0.001493005377
0.04890597173
-0.04871465891
0.001417642992
-0.001599200559
0.001436053562
0.04906911873
0.04909776712
0.00160908944
-0.04822363015
0.04849840904
-0.04825902343
0.001369703831
0.001405635024
0.04670915293
0.0007747697225
-0.001304517965
0.0009418171398
0.04707185376
0.04692946497
-0.04210848907
0.005860088769
-0.006642973305
0.006909307099
-0.04237482286
-0.04376924013
-0.005801449235
0.02531223321
-0.02537031372
-0.001417223357
0.02526528968
0.02490436532
0.001229601426
-0.01983754201
0.0205132472
-0.02010689877
0.0008232529915
0.001163071192
0.01876112105
0.001211486064
0.01901520602
0.01848935801
-0.02519650301
0.0253897723
-0.001146570297
0.0009399501407
-0.001170814147
-0.000888622517
0.02517951432
-0.02551324425
0.02557011014
-0.0009454884099
-0.001054507878
-0.01705270376
0.00351069087
-0.003870893689
0.004840635859
-0.01802244592
-0.01816338704
0.02570085604
-0.0257072593
-0.001128392996
0.02571825993
0.0260817498
0.001194104668
0.02564792859
0.001276648784
-0.02551181783
0.02545332186
-0.02553398145
0.02551246966
-0.0254242546
-0.001555185895
0.02567527271
0.02580439141
0.00125302593
-0.025230305
0.0253978114
-0.0253958732
-0.2286396709
0.001584452847
-0.001272880681
0.001422770166
-0.001154685098
-0.001563576925
-0.2287191772
0.001733468669
0.2285761428
-0.2287169495
0.228402468
0.2288485569
0.001365592688
-0.2284564974
0.002373288516
-0.001903718388
0.002099948845
-0.002300226993
-0.2285889144
0.002517763495
0.2283831741
-0.2285834522
0.2281554059
0.2287480052
0.001981839135
-0.228292216
0.001036055895
-0.002741677195
0.00298813301
-0.002955072297
-0.2285004487
0.00106049958
0.2284951404
-0.2284621578
0.2329128478
0.2286745435
0.0027676809
-0.2329342347
-0.01541332073
0.002393283249
-0.005910653628
0.008957367432
-0.2306911228
-0.01145243912
0.2332636514
-0.2302196912
0.2362908196
0.2286601719
0.0008966890611
-0.231726376
-0.02412767159
0.01339989827
-0.01474521963
0.2305155151
-0.2297536638
0.2312314217
0.2290016144
-0.2278821773
0.002128771903
-0.001801671667
0.002015619174
-0.001607042373
-0.00225417004
-0.2279068055
0.002514650205
0.2277591745
-0.2279977253
0.2275014314
0.2282108559
0.002103097858
-0.2298845666
-0.005233153579
-0.002792129436
0.000613941368
0.005084251298
-0.234002616
-0.01070321579
0.235156094
-0.2294619504
0.2408426027
0.2278944693
0.001304042944
-0.2455785384
-0.0262051375
0.01605279445
-0.02104626037
0.02558724685
-0.2435683267
-0.02964282416
0.247038342
-0.2425122104
0.2512225227
0.2377526936
-0.01936701371
-0.246123484
-0.03961685711
0.03314708015
-0.03608838916
0.03846797952
-0.2401275864
-0.04030107567
0.2442793067
-0.2419135446
0.2462159314
0.2392130862
-0.0334722858
-0.236116954
-0.04456182963
0.04162806615
-0.04247935301
0.2328339226
-0.2324256277
0.2330449754
0.2318780231
-0.22926267
0.005810579466
-0.005178824833
0.003408532293
-0.006755862679
0.001230562042
-0.2340255316
-0.00699542406
0.2323730858
-0.2277366044
0.2394124048
0.2272257828
0.001848638079
-0.2518320775
-0.01943638676
0.01236089114
-0.01746961376
0.02220084095
-0.2549754126
-0.02646933566
0.2561721428
-0.2514652625
0.2604356139
0.2463165776
-0.01954423444
-0.2612315336
-0.03282301365
0.03017625853
-0.03324757976
0.03565532143
-0.2567611519
-0.03738430405
0.2603545699
-0.2579771645
0.2619484317
0.2549006257
-0.03543567951
-0.2522766957
-0.03531637021
0.03847727781
-0.03899983391
0.03905721931
-0.2446513556
-0.03876919248
0.2484118973
-0.2483763748
0.2476393085
0.2476161855
-0.04181793774
-0.2360778967
-0.0312496298
0.03826699552
-0.03761898391
0.232127327
-0.2327423715
0.2311234257
0.2330203481
-0.2425134055
-0.007527652726
0.002263428367
-0.006335791576
-0.001836413314
0.01016554225
-0.254695503
-0.01275613436
0.2504187197
-0.2466107146
0.2540277673
0.2437993202
-0.00603473624
-0.2674162628
-0.0179988678
0.01436218088
-0.01600613405
0.01560516913
-0.2717773139
-0.01588432035
0.2701148177
-0.2705599908
0.2697133244
0.26493076
-0.01899667286
-0.2687863085
-0.01430467676
0.0195227897
-0.02207232538
0.02199901293
-0.2585318765
-0.02069798642
0.2626106202
-0.2627221884
0.2627820744
0.2627256852
-0.02824531302
-0.2465261321
-0.007005458258
0.01862569648
-0.01646562562
0.01327091483
-0.238630447
-0.009743041452
0.240233502
-0.2434492165
0.2367572178
0.245992138
-0.02144197538
-0.2276020059
0.008310920078
0.006154841582
-0.00296394299
0.2254884349
-0.2279222542
0.2222995304
0.22976964
-0.253738371
-0.007904236453
0.003131174936
-0.004391465354
0.002804957151
0.009284582792
-0.2654830178
-0.01109789496
0.2646473555
-0.2597908443
0.262580168
0.2571481288
-0.01045834027
-0.2719192153
-0.01034833215
0.01247459333
-0.01325409962
0.01337924907
-0.2688721018
-0.01275798334
0.2710551698
-0.2709798558
0.2707664147
0.2704617489
-0.01643517188
-0.2572265384
-0.004923674806
0.01121774346
-0.00831067668
0.001761454427
-0.2490565601
0.003159196247
0.2500829647
-0.2566688751
0.2461725602
0.2589122222
-0.005387965423
-0.225789746
0.01907086518
-0.009867957944
0.01717234059
-0.02226328236
-0.2202512192
0.02786759432
0.2208206552
-0.2259198434
0.2123170227
0.2304070492
0.01365498743
-0.2146905049
0.02193049898
0.1027679215
0.01795604964
-0.03193430352
0.03292387984
-0.215190781
0.1057920969
0.106322305
0.02142899646
-0.1055849226
0.2182326816
-0.2598011745
-0.002351581313
0.00274052515
-0.003563099329
0.001761881924
0.004186858608
-0.2692774474
-0.004545078787
0.2656677223
-0.265089245
0.2658280815
0.2640567882
-0.0065249844
-0.2707050349
-0.001849014257
0.004588335358
-0.004280839015
0.003566212991
-0.2639962073
-0.00238172134
0.267801931
-0.2685702463
0.2671758225
0.2692336479
-0.006945843704
-0.2474046861
0.003030078979
0.0007784220528
0.003055982485
-0.005914390352
-0.2288137829
0.009122767102
0.2370076519
-0.2398948952
0.2345829544
0.2427261803
0.004250678283
-0.2040586623
0.01265243151
-0.01235518513
0.01484881644
-0.1006931205
-0.009615336382
0.09882170024
0.2003643191
-0.2023386898
0.008825951592
0.007997235506
0.007037030699
0.006963630815
0.09926962214
0.2063327093
0.02199938371
0.01329268271
0.09980570457
-0.02040266042
0.01971130398
-0.1004114705
0.1033262192
-0.02018264889
-0.1035462307
0.09889772465
-0.01717402516
-0.2604794265
-0.003039141036
0.001491226261
-0.0012292118
0.001294128264
0.0009247410032
-0.2691231508
-0.0005275333994
0.2655879048
-0.2659420314
0.2653706814
0.2655889947
-0.005336510486
-0.2681338275
-0.001421963525
4.322155814e-05
0.0005070015064
-0.001105365601
-0.2593305169
0.001730642401
0.2644659389
-0.2651192829
0.2636866417
0.2664022948
-0.002386324296
-0.241540494
0.001563080424
-0.002370425692
0.002988545478
-0.003563523663
-0.2198767679
0.230878434
-0.2314788147
0.2302519965
0.2331475308
0.00403380399
-0.2601177267
-0.003637821984
0.003329989758
-0.003276322765
0.003257078459
0.003119932515
-0.2675195315
-0.002853454413
0.264650342
-0.2648624944
0.2644579785
0.2651128799
-0.002722388257
-0.2659024473
-0.0026829351
0.002523040693
-0.002134515848
0.001739493173
-0.2566835598
-0.001370111972
0.2620701449
-0.2625247084
0.2616789432
0.2630512243
-0.001107643929
-0.2397151869
-0.001691892504
0.001066562146
-0.0008591484645
0.0008030178885
-0.2188116801
0.2296528499
-0.2297344904
0.2296311343
0.2299080009
0.0001875843033
-0.26013495
-0.005373700735
0.004929449522
-0.005029185058
0.004716016939
0.005029569311
-0.2665105979
-0.004934908097
0.2641975623
-0.2642591501
0.2641543413
0.2643370692
-0.004750625598
-0.2645997929
-0.005056100514
0.004784534771
-0.004587285255
0.004378512619
-0.2552693808
-0.004194679242
0.2607240458
-0.2609970012
0.260498208
0.2613189329
-0.003943440617
-0.2391190592
-0.004620942784
0.004060069511
-0.004002497079
0.004040451401
-0.2192756715
0.2295563919
-0.2295440718
0.2295878983
0.2295749026
-0.003381822247
0.001615499866
-0.0505379375
0.05067707019
-0.05062375918
0.05073313817
0.05056550987
-0.05051129745
-0.001574694573
-0.2606196572
-0.005942243244
0.007102909604
-0.007375324395
0.00666301119
0.007493930761
-0.2660525949
-0.007464101214
0.2641993232
-0.2641496374
0.2642447676
0.2641404282
-0.006131133881
-0.2637170913
-0.006316127399
0.007329013232
-0.007116223784
0.006859170731
-0.2544949515
-0.006607366966
0.2597970003
-0.2601226605
0.2598236863
0.260297555
-0.005861991711
-0.2388420395
-0.006835619339
0.006406612101
-0.006304661707
0.00635053621
-0.2198991161
0.2297345988
-0.2297137663
0.2298713584
0.2296361274
-0.005855716518
0.002110649029
-0.05126373447
0.05138728895
-0.0513580471
0.05142691048
0.05132115253
-0.05128479685
-0.002080825834
0.264325501
-0.007738127256
0.2596947907
-0.007760532565
0.2299578021
-0.007864551047
0.002745141871
-0.05171401959
0.05188207624
-0.05185330893
0.05192539131
0.05182076422
-0.05179298067
-0.002696781679
0.001991837724
-0.05111970937
0.05124591464
-0.05121192102
0.05116551793
-0.05112828979
-0.001965297362
0.002566986498
-0.05160405857
0.05175729043
-0.05173046776
0.05170043577
-0.05166501108
-0.002512778946
-0.044929111
-0.006995622845
0.04453776378
0.09118132353
-0.09349289445
0.006779101228
0.006243968653
0.004453935518
0.003998052907
0.09494099833
-0.01432437463
0.01458885266
-0.01314074878
0.009479371957
0.04578234326
0.01175925448
-0.010011029
-0.09603137824
-0.09788219582
0.02172004328
0.1004706555
-0.01877973515
-0.1060668637
0.1038012155
-0.105832543
-0.09921867554
0.02727999999
0.04812594093
-0.02230567084
0.02688821084
0.1012415378
0.1012032013
-0.1009075401
0.001480880743
-0.001983133751
0.001718833674
-0.1021247059
0.1023548703
0.001691023695
-0.1018850329
-0.1023280546
0.001291069576
0.1006047468
0.0009579127323
0.00123706766
0.1030053809
0.002988749147
-0.1028170634
-0.00332738718
0.003142629831
-0.002962814113
0.1039168624
-0.1033612005
0.1035410162
-0.1031752174
-0.1037178264
0.1038849541
0.003118420486
-0.002283043004
0.1031734705
-0.1025734134
0.102779641
-0.1029808031
-0.002826697305
0.002462813222
-0.002663975319
0.002869811846
0.1026201989
0.001751252827
-0.0507571216
0.05088839921
-0.05083871378
0.05094385915
0.05078495196
-0.001714888237
0.1043098818
0.004188024353
-0.1041533014
-0.004491428203
0.004338071659
-0.004176067966
0.1052409982
-0.104685248
0.1048472517
-0.1045294121
-0.1050107307
0.1051818306
0.004331225973
-0.003575799569
0.104588006
-0.104050624
0.1042131938
-0.1043718129
-0.004034544379
0.003728159815
-0.003886778862
0.004041836999
0.1040000911
0.002244360818
-0.05138064319
0.05151433578
-0.05149275671
0.05154764563
0.05145463162
-0.002215638275
0.02563457524
-0.02567404627
-0.001118985811
-0.00478694234
0.1059455335
-0.1053558069
0.1055410974
-0.1057339256
-0.005283077717
0.004939231885
-0.005132060056
0.004736461264
0.00531923908
0.1053243214
0.002926399036
-0.05182860128
0.05203175843
-0.05199455483
0.002889195431
0.05206814953
0.002952746205
0.05195069041
-0.002891678011
0.0257198292
-0.0254529128
-0.002160709685
-0.02604165046
0.02613139693
0.00159326127
0.001235471848
0.02576870772
0.02570555293
0.001242608003
-0.02352371826
0.02342386529
-0.02329196243
0.0235503331
0.02309388449
-0.001270146745
0.001337435844
-0.0249668077
0.02473923558
-0.02458350274
0.02491217101
0.02434198414
-0.02415958855
-0.001379845766
0.05001446311
0.001591151825
-0.04995307863
-0.001666658427
0.001614906653
-0.0008807344775
-0.00155611213
0.05022104997
0.001495496166
-0.05008238307
0.0501411776
-0.05002254463
-0.05019496217
0.001591346329
0.001536314511
-0.001447078798
0.04996930934
-0.04981446268
0.04989008323
-0.04974442313
-0.04993835706
-0.001566644216
0.001493672415
-0.001541946249
0.001418548721
0.001622432724
0.04987634057
0.0008656050458
-0.02402020378
0.0244491314
-0.02441497368
0.02450530007
0.02446212251
-0.02447442265
-0.0008056965144
0.0007046136757
-0.02654477319
0.02585115127
-0.02595863295
0.02573915392
0.02606133598
0.0008083272829
-0.0261554404
-0.0007042513902
0.0008069544151
-0.0008511806769
-0.02550202794
-0.02554472428
0.0009081317614
-0.02560602439
0.02492254287
-0.02498371985
0.024935887
0.02492337242
-0.0009608884753
0.00076645985
-0.02438472503
0.0245286155
-0.02455349861
0.02459972697
-0.02463388597
-0.0007714057281
0.001872198826
-0.05095165625
0.05107931512
-0.05103939783
0.05098690687
-0.001845578231
-0.02519661553
-0.0008481078625
0.000895099302
-0.0008394787238
0.0007175978384
-0.02579067396
0.02538078593
-0.02550266681
0.02562274246
-0.0007111643863
0.0260590847
-0.0260209273
-0.001361883278
0.001163187412
0.02547314106
0.02544462317
0.002396510349
-0.05148803942
0.05163112308
-0.05160581673
0.05157764364
-0.002356806117
-0.001536295551
-0.02613132479
0.09838253793
-0.09804628336
-0.001747328271
0.0007695415407
-0.001151253478
-0.003224374656
0.09776734614
-0.003390171989
-0.002587449028
0.04513576383
-0.0006196004087
-0.04481028373
-0.0002109166035
-0.0001818082525
0.0005090819161
0.04640592623
-0.0455773826
0.04590465626
-0.04529750519
-0.0462469555
0.04659359813
-0.000116315209
-0.04514872721
0.001210834383
-0.002041228914
0.001989399703
-0.001652461263
0.04457914586
0.04942182037
0.001470642454
-0.04932651476
-0.001560313727
0.001474275268
-0.001375254074
0.04964307178
-0.04947802055
0.04957704174
-0.04936066177
-0.04966272259
0.001391717902
-0.001273614992
0.04915116365
-0.04892733086
0.04908976943
-0.04875389844
-0.04923207339
-0.001456591473
0.001304196411
-0.001446500374
0.001585254892
0.04920787325
0.04799909274
0.001266872401
-0.04771567623
-0.00159233055
0.001332399862
-0.001090527637
0.04844786081
-0.04808946868
0.04833134091
-0.04783237943
-0.04855267156
0.001148373173
-0.0006192372962
0.04750173501
-0.04692876623
0.04725134608
-0.04755163409
-0.001189527828
0.0007808373321
-0.001081125343
0.001419140303
0.04740986872
0.04597840414
-0.01384010334
-0.01393887599
-0.01283017378
-0.04902772735
0.04629166644
-0.01161256495
-0.04750927526
0.04457305317
-0.01120215397
-0.007556781386
-0.03935801802
0.004264407149
0.03984458742
-0.0404920617
0.04219186404
-0.009423366496
0.009437049233
-0.007737246887
0.007455532446
-0.00755446409
-0.0426565373
-0.04424221388
0.001559677725
0.02530320349
0.001135422632
-0.02383914409
0.0237489
-0.02369913076
0.02380400489
0.02362400593
-0.001152228095
0.001192708288
-0.02384292511
0.02401400329
-0.0239195788
0.02385600727
-0.001147773824
0.01970890919
-0.01949578749
-0.0008680100386
-0.02065597346
0.0005930167892
-0.000670791942
0.0191764626
0.001623030835
-0.02513614355
0.02553956932
-0.02508735263
0.02592823287
0.02472069385
-0.001491325089
-0.02556980112
-0.0008230489759
0.0008660933175
-0.0008657842957
0.0008458033921
-0.02709664893
0.02622724639
-0.0262472273
0.02616479204
-0.001027923666
0.0008202834196
-0.025212494
0.02480377673
-0.02486405898
0.02478893849
0.0248679075
-0.000824285319
0.0007861650909
-0.02479708896
0.02467062083
-0.02471331405
0.02473786317
-0.0007920588406
0.01925784091
0.01821594298
0.01672375636
-0.01776538097
0.01802657733
-0.006354525521
-0.006220734977
0.005014850704
-0.0192283302
0.001121129065
0.02568426752
0.02560755869
-0.001261336326
0.001610002855
0.02582633014
0.02541907515
-0.001210298914
0.0004719281057
-0.4582726692
-0.05217994459
0.002859509355
0.1055284698
-0.01929132117
-0.0207906613
-0.007614644988
-0.09735635978
0.09789025245
-0.09846786674
-0.1016825783
-0.01493005149
0.1015196006
0.01772687268
0.004589813669
0.1068804194
0.001471415354
-0.05030003352
0.05044245551
-0.0503902766
0.05032108026
-0.05026025123
-0.001437173081
-0.005116326172
-0.04402013664
0.04411056267
-0.04477295333
-0.001460050045
-0.1016262493
-0.1013657132
-0.0003294196566
0.1013585207
-0.1004731358
0.10078591
-0.1001619489
-0.1010779427
0.0006658800116
0.001356074751
0.05018141083
0.001453591246
0.1003313665
-0.09921946281
0.09952180059
-0.09897315991
-0.09983462325
-0.0009140648543
0.004214289911
0.09979049187
-0.09878407278
0.09867956824
-0.09876263428
-0.003473238032
-0.04618848591
-0.01025491964
0.0483982435
0.01480953686
-0.001032152233
-0.2288458088
0.228737111
-0.228840807
0.2286039211
0.2289489635
0.0009015473359
-0.001424292459
-0.2282728161
0.2281698477
-0.2283212452
0.2281660239
0.2284732853
0.001342958797
-0.008919579948
-0.2295097818
0.2282850186
-0.2290760668
0.227104098
0.228152612
0.004299186281
-0.002074431489
-0.2262142004
0.2261953698
-0.2264304068
0.2260025848
0.2266736409
0.002207459672
-0.0001386215291
-0.2332334526
0.2271926872
-0.2260532909
0.228931507
0.2257941531
0.001421882321
0.0006925316596
-0.2423321899
0.2336068801
-0.2325870392
0.2342148247
0.2308332845
-0.001042833941
0.001323240689
-0.2447533726
0.2354885103
-0.235440602
0.2359870771
0.2341656345
-0.002701007102
0.003069324084
-0.2460948206
0.2370625614
-0.2365938963
0.2376002368
0.2362849069
-0.002496656728
0.004393028845
-0.2470074062
0.2391686654
-0.238752244
0.2396397155
0.2382096306
-0.004135073556
0.006058510467
-0.2482920481
0.2412850512
-0.2405646101
0.2415905978
0.240078804
-0.00523570411
0.2421360714
-0.004865143736
-0.1051942078
-0.01869343206
0.09901631978
0.008545688536
0.04556582164
0.007036836959
4.78735644e-05
-0.01581086934
0.0158681062
1.086020351e-05
-0.0120683527
0.01210536606
-0.008721911195
0.008732771399
8.251991827e-05
-0.01574346581
3.448609945e-05
-0.01202031888
-0.008687425096
-1.887212216e-05
0.0162870926
-0.01628705027
-1.273715061e-05
0.01193047523
-0.0119366102
0.007687358323
-0.007700095473
1.200671395e-05
-0.01628094715
0.01628464243
9.754300607e-06
-0.01194042583
0.01194267824
-0.007696356463
0.007706110764
2.964204624e-05
0.0162958223
1.960655458e-05
0.01194051073
0.007706964877
7.263020809e-06
0.01631548382
-0.01631134817
6.348971777e-06
0.01194948305
-0.011948569
0.007729410104
-0.007723061132
2.409183773e-05
-0.01629554535
0.01631617349
1.255235491e-05
-0.01192335454
0.01193489402
-0.007647806806
0.007660359161
3.700075814e-05
-0.01594819279
0.01598764966
1.385584958e-05
-0.01215415035
0.01217729526
-0.008641397074
0.008655252924
4.198495246e-05
-0.0159096656
1.495268855e-05
-0.01212711808
-0.008626444385
5.990017636e-05
0.01556913076
-0.01550025517
1.448314554e-05
0.01189480392
-0.01184938688
0.008683659244
-0.008669176098
2.829151398e-05
0.01562799395
-1.016361535e-05
0.01193325905
0.008673495629
-3.938774695e-06
0.0163185429
-0.01631726779
-2.61687343e-06
0.01202309411
-0.012024416
0.007883920812
-0.007886537684
-2.630600355e-05
0.01629031944
-0.01629813312
-1.901917691e-05
0.01198542404
-0.01199271086
0.007798484322
-0.007817503498
-1.341968217e-05
-0.0163126755
0.0163092821
-9.143447308e-06
-0.01200912578
0.01200484955
-0.007855510641
0.007846367194
-8.024205966e-06
0.016319043
-4.679744852e-06
0.01201974965
0.007879241066
-1.254673469e-05
-0.01631531714
-8.81387226e-06
-0.01201285865
-0.007864324513
-1.982376595e-05
-0.01628229503
-1.332328287e-05
-0.01194692631
-0.007709679746
-1.135001709e-05
-0.01629400755
0.0162947261
-5.447840026e-06
-0.011968455
0.01196255282
-0.007746306485
0.007740858646
-3.148545249e-05
0.01628079682
-2.346634777e-05
0.01197740493
0.007775017974
2.721372495e-05
0.01626735639
-0.01626138921
1.801511362e-05
0.01196215655
-0.01195295794
0.007718180348
-0.007700165234
2.615855414e-07
-0.01629092887
2.027990972e-06
-0.0119702214
-0.007744278494
1.8310228e-05
0.01627774129
1.169455215e-05
0.01196877222
0.0077298749
-1.862568295e-05
0.01630968054
-0.0163153462
-1.249287536e-05
0.01193322556
-0.01193935836
0.007713752967
-0.007726245842
-3.537766518e-06
0.01631742939
-8.315172705e-08
0.01194602844
0.007729326953
-3.187425156e-05
0.01630012645
-2.325678509e-05
0.01192460809
0.007690496182
5.527921545e-05
-0.01628200217
3.509479023e-05
-0.01190317011
-0.007612712015
-9.353069499e-05
0.01588334155
-0.0001015371914
0.01211337256
0.008631234208
0.0001264265554
-0.01508020463
0.0151950379
4.51013146e-05
-0.01155782313
0.01163914837
-0.008533304717
0.008578406032
0.0001391851038
-0.0149541281
5.139594607e-05
-0.01147003397
-0.00848190877
0.0001553165367
0.01535600802
5.07185037e-05
0.0117437464
0.008629124536
7.156825243e-05
0.01542648468
1.721779898e-05
0.01179809686
0.008646342335
0.0001039129832
-0.01567782764
4.846650822e-05
-0.01196487241
-0.008638958587
-1.091708299e-05
-0.01628725575
-6.531701946e-06
-0.01194099558
-0.007706627175
-1.166246617e-06
5.16411027e-07
1.415535867e-05
0.01630473749
8.633287746e-06
0.0119460328
0.007715598165
9.999170509e-06
7.462967026e-06
2.435526129e-05
0.01632068849
1.84881594e-05
0.01194076113
0.007678847321
8.955699298e-06
-4.789822889e-06
0.0002303281437
0.01480147153
-0.01459502343
8.630603736e-05
0.0113710579
-0.01122703579
0.00846693623
0.0001139486064
1.497253956e-05
0.01417439243
-0.01372370097
0.0003845033535
-0.01437396709
-0.01104085912
0.0001987835897
7.412378772e-05
2.283376269e-05
-2.923687084e-06
-3.453704155e-05
-5.77732053e-06
-0.01631547207
-3.292443554e-06
-0.01202690088
-0.007889830127
-2.369393864e-05
-0.01630430048
-1.674317608e-05
-0.01199966162
-0.007834246674
-1.730844647e-05
-1.212051996e-05
-1.046260135e-05
0.01631738531
-6.955765017e-06
0.01201624281
0.007872285301
-1.134494926e-05
-7.96078773e-06
-1.152233765e-05
0.01629707764
-7.426064142e-06
0.01195845655
0.007733432582
-4.183901371e-05
0.01627076458
-3.256983462e-05
0.01196813576
0.007742448139
-5.746072569e-05
-4.228290541e-05
6.710344396e-06
-0.01628511505
7.165154949e-06
-0.01197067621
-0.007737113339
9.142428563e-06
7.238439152e-06
-5.689955462e-06
-0.0163173497
-2.545131879e-06
-0.01194250318
-0.007728790974
-4.06123889e-06
-5.359792409e-07
-4.240194236e-05
0.01628984603
-3.419604981e-05
0.0119164022
0.007656300133
-5.682020748e-05
-4.358811734e-05
-4.163627796e-05
0.01603165632
-0.01602576165
-4.05454466e-05
0.01219172796
-0.01219281879
0.008540342378
-0.008580887824
1.596381058e-06
0.01604766648
-4.007334629e-06
0.01219733168
0.008536335043
-6.254412321e-05
0.016127429
-0.01612603473
-5.531894969e-05
0.01220887507
-0.01221610024
0.008412120617
-0.008467439566
-3.606339569e-05
0.01613931863
-0.01614248834
-2.508983828e-05
0.01215643651
-0.01216741007
0.008227504321
-0.008252594159
-4.021753048e-05
0.01612500888
-3.219435512e-05
0.01220085189
0.008379926262
-6.04192994e-05
0.01611118421
-0.01611646278
-4.446517583e-05
0.0120196831
-0.01203563723
0.007923066666
-0.007967531842
-2.267384284e-05
-0.01614688887
0.01614619281
-1.4426429e-05
-0.01210348973
0.01209524232
-0.008109060309
0.00809463388
-2.974884351e-05
0.01613954162
-2.152649302e-05
0.01214821416
0.008205977828
-1.419293673e-05
-0.0161494149
-9.177080315e-06
-0.01210850559
-0.008118237389
4.430178611e-05
0.01612372495
2.98302479e-05
0.01203415464
0.007952896915
8.223573312e-06
0.01620465404
-0.01619457542
6.023955588e-06
0.01204468604
-0.01204248642
0.007997601648
-0.007991577692
4.063099143e-06
0.01621375432
3.248894702e-06
0.01204550024
0.008000850543
4.187071731e-06
0.01633007331
-0.01632598119
4.640042734e-06
0.01193935531
-0.01193980828
0.007686074728
-0.007681434684
1.260952496e-07
0.01633149056
1.550068567e-06
0.01193793134
0.01340841325
-3.217507171e-05
0.01609254476
-0.01608266074
-3.151744507e-05
0.01220744168
-0.01220809931
0.008494404696
-0.00852592214
-4.39184763e-05
0.01609720426
-3.827765788e-05
0.01220180087
0.008456127038
1.817206778e-05
-0.01613184794
0.01614399629
1.220970439e-05
-0.01218277413
0.0121887365
-0.008306573274
0.008318782978
6.333187366e-06
-0.01612221346
4.643907903e-06
-0.01218108485
-0.008301929366
-3.076100812e-05
-0.01613640644
0.0161307375
-2.051960865e-05
-0.01206744506
0.01205720366
-0.008051229789
0.00803071018
-2.523267744e-05
-0.0161403681
-1.603587761e-05
-0.01207664186
-0.008067265666
1.880770198e-05
0.01616379519
-0.0161521093
1.438283892e-05
0.01214686094
-0.01214243607
0.008210205017
-0.008195822178
-1.539989361e-05
0.01616793645
-1.008343949e-05
0.01214154448
0.008200121578
1.475102333e-05
0.01616313503
-0.01615101862
1.161189051e-05
0.01204034479
-0.01203720566
0.007975779852
-0.007964167961
9.159717988e-06
0.01617539254
7.623393255e-06
0.01204188112
0.007983403245
5.219650715e-06
-0.01624126005
0.0162509503
3.225531119e-06
-0.01205095663
0.01205295075
-0.008012811857
0.008016037389
7.221514575e-06
-0.01623145981
4.298590364e-06
-0.0120480337
-0.008008513266
-3.52830785e-05
-2.375283619e-05
-3.361338347e-05
-0.01602045384
-3.7623902e-05
-0.01218880827
-0.008618511726
-2.522818806e-05
-3.674119792e-05
6.358174035e-06
0.0160665577
-2.245186825e-07
0.01220391437
0.008536110525
2.412724837e-05
-0.01610915977
1.189154782e-05
-0.01220386454
-0.008455548018
-5.00594568e-05
-0.01614714961
-3.697566261e-05
-0.01218049386
-0.008289569821
-5.017483619e-05
0.01612206534
-4.214059037e-05
0.01219281765
0.008337785672
-4.925437403e-05
-0.01612378413
-3.802918367e-05
-0.01204686242
-0.008005561025
-2.553898078e-05
0.01614291048
-1.553426689e-05
0.0120852376
0.008079099614
-3.437149047e-05
0.01614160866
-2.44243011e-05
0.01213826697
0.008181553527
-6.425260552e-05
-0.01616331489
-4.401467873e-05
-0.01212874351
-0.008162252068
1.175559254e-05
0.01613949447
7.642556997e-06
0.01203826768
0.007960539472
5.586645548e-06
-0.01618515426
4.855876052e-06
-0.01204175565
-0.007986721816
1.576457845e-05
0.01627228443
-0.01626252007
9.164040533e-06
0.01206275579
-0.01205615525
0.008027592572
-0.00801842853
1.027689694e-05
0.01628168051
5.356370113e-06
0.01206767633
0.008032948942
5.040296662e-07
0.01622166309
8.35710431e-07
0.01204516856
0.008001686253
6.363985701e-06
-0.01629637089
0.01630032705
4.75973078e-06
-0.01204034855
0.01204195281
-0.007894055953
0.007898815684
-1.881045484e-05
-0.01629740261
-1.309784731e-05
-0.01204606116
-0.0079071538
5.131086878e-06
0.01630727988
-0.01630147601
3.948694245e-06
0.01206662912
-0.01206544672
0.007979227817
-0.007975279122
9.606079254e-06
0.01631183287
5.762066027e-06
0.01207047313
0.007984989883
1.790979989e-05
0.01629215707
1.07833534e-05
0.01207480277
0.008043732295
6.329279909e-06
0.01629818811
2.08878163e-06
0.01207904327
0.008045821076
4.353519991e-06
-0.01629423544
1.865755991e-06
-0.01206295896
-0.007973413366
1.047546611e-05
-0.01628821867
6.83960502e-06
-0.0120593231
-0.007966573761
-2.258404177e-06
0.01630399174
-2.481406726e-07
0.01203994255
0.007898567544
-4.572860576e-06
0.01630690074
-1.780295687e-06
0.01203714998
0.007896787248
1.634519059e-06
2.58736345e-06
-1.754176566e-05
-6.00344748e-06
-1.018838444e-05
1.484650694e-06
-5.790198725e-07
-3.745579615e-05
-2.921315713e-05
-4.758910017e-05
-3.585630582e-05
-3.549039789e-05
-2.514915485e-05
-2.042969474e-05
-1.18339473e-05
1.843774755e-05
1.426865059e-05
-5.067048025e-05
-3.786950967e-05
2.56646848e-06
3.628489895e-06
3.193099163e-06
3.318570321e-06
5.595633328e-06
2.391140884e-06
9.692151182e-06
6.827012946e-06
-2.433224048e-05
0.01630193255
-0.0163062514
-1.854266898e-05
0.01205290332
-0.0120586929
0.007929050579
-0.007947593248
-2.873894721e-05
-2.189677903e-05
-2.387103388e-05
-0.01631040803
-1.81939755e-05
-0.01206436995
-0.007965787223
-2.530583486e-05
-1.920265924e-05
-2.24504998e-05
-0.01629572578
0.0162915816
-1.798443557e-05
-0.01207217792
0.01206771185
-0.008021284603
0.008003300166
-3.140181205e-05
-2.4536473e-05
-2.425598495e-05
0.01628862509
-2.011814274e-05
0.01206357401
0.007983182024
-2.085917963e-05
-1.660826258e-05
-2.867485141e-06
-0.01630880518
0.01631272
-4.650663636e-07
-0.01203399095
0.01203158853
-0.00789352471
0.007893059644
-6.421572643e-06
-3.2625385e-06
4.575458514e-07
0.01631937721
4.361529874e-07
0.01203160993
0.007893495797
-8.374719712e-06
-3.665669856e-06
)
;

boundaryField
{
    topAndBottom
    {
        type            calculated;
        value           uniform 0;
    }
    inlet
    {
        type            calculated;
        value           nonuniform List<scalar> 
20
(
-0.91665
-0.9167
-0.91665
-0.91665
-0.45835
-0.4583
-0.45835
-0.458335
-0.45833
-0.458335
-0.458335
-0.4583315
-0.45835
-0.458315
-0.458335
-0.458335
-0.45833
-0.458335
-0.4583335
-0.45835
)
;
    }
    outlet
    {
        type            calculated;
        value           nonuniform List<scalar> 0();
    }
    wing
    {
        type            calculated;
        value           nonuniform List<scalar> 
133
(
0
-2.710505431e-20
0
1.355252716e-20
0
1.355252716e-20
0
0
2.710505431e-20
1.355252716e-20
0
0
1.355252716e-20
1.355252716e-20
1.355252716e-20
-1.355252716e-20
-1.355252716e-20
-1.355252716e-20
-2.710505431e-20
-1.355252716e-20
0
0
0
0
0
-1.355252716e-20
0
0
0
2.710505431e-20
-1.355252716e-20
1.355252716e-20
0
0
-1.355252716e-20
-1.355252716e-20
2.710505431e-20
0
0
0
-1.355252716e-20
0
0
-1.355252716e-20
0
0
0
1.355252716e-20
2.710505431e-20
0
2.710505431e-20
0
0
-1.355252716e-20
-1.355252716e-20
1.355252716e-20
0
-1.355252716e-20
1.355252716e-20
0
-1.355252716e-20
0
-1.355252716e-20
1.355252716e-20
1.355252716e-20
1.355252716e-20
-1.355252716e-20
1.355252716e-20
0
0
-1.355252716e-20
1.355252716e-20
1.355252716e-20
0
0
0
1.355252716e-20
2.710505431e-20
0
2.710505431e-20
0
2.710505431e-20
-2.710505431e-20
0
1.355252716e-20
0
0
0
-1.355252716e-20
0
0
0
0
1.355252716e-20
0
0
0
1.355252716e-20
-1.355252716e-20
0
0
0
0
0
-1.355252716e-20
0
-1.355252716e-20
1.355252716e-20
0
-2.710505431e-20
0
-1.355252716e-20
0
1.355252716e-20
0
0
-1.355252716e-20
0
0
0
-1.355252716e-20
1.355252716e-20
0
0
-1.355252716e-20
0
0
0
1.355252716e-20
0
0
0
0
)
;
    }
    front
    {
        type            empty;
        value           nonuniform List<scalar> 0();
    }
    back
    {
        type            empty;
        value           nonuniform List<scalar> 0();
    }
    procBoundary0to1
    {
        type            processor;
        value           nonuniform List<scalar> 
49
(
0.9233463061
0.9228345767
0.9219395028
0.9202795484
-0.005711404929
0.4584158665
0.4567928342
0.4621854894
0.002911165501
0.05240303622
0.05175102765
0.02285005017
0.2152791597
0.1067260889
0.1050858274
0.1063436104
0.05193421689
0.02727388942
0.026675585
0.05157846718
0.4576573132
0.4556517819
0.2556605623
0.2638045641
0.2656604566
0.2635001431
0.2470628031
0.2389652018
0.02651730355
0.02703635507
0.05226247904
0.2659661424
0.2644266952
0.2540182398
0.259576112
0.2206592703
0.2300529352
0.1055273425
0.1059352872
0.0258501277
0.02608602119
0.05211061606
0.1071075839
0.2493670271
0.2420640632
0.007687624797
0.01632769896
-1.149520581e-05
0.01193188479
)
;
    }
    procBoundary0to2
    {
        type            processor;
        value           nonuniform List<scalar> 
58
(
0.001888081179
0.02319777085
0.01860411934
-0.001236433294
0.002427533322
-0.001906124582
-0.01218048747
-0.0008949641481
0.001063181992
0.002337224999
-0.02484581927
0.228990888
0.003087700877
-0.04477853671
-0.03271189452
-0.0302528481
-0.04440628034
0.01149613451
-0.02176771091
0.02169116461
0.02392212737
0.03245521916
0.01375774178
0.01667574268
0.007569357695
-0.01995420108
0.004232384701
0.00654389118
0.0007187440067
0.005048719346
0.02509390672
-0.01550845797
-0.005043196651
-0.04289251582
-0.03880880354
-0.03701104481
-0.04179647003
-0.0005352667269
-0.01172756
0.03600025889
-0.1067129666
0.03286532868
0.02864060155
0.04932426845
0.01396975053
0.01449557969
0.007492763723
0.005882260478
0.006481931337
0.02047581791
-0.008380630192
0.0005358851543
-0.01088416114
0.000198326689
4.208561024e-05
0.0003914496
-0.01303028573
0.0004505602754
)
;
    }
}


// ************************************************************************* //
