/*--------------------------------*- C++ -*----------------------------------*\
| =========                 |                                                 |
| \\      /  F ield         | OpenFOAM: The Open Source CFD Toolbox           |
|  \\    /   O peration     | Version:  v2012                                 |
|   \\  /    A nd           | Website:  www.openfoam.com                      |
|    \\/     M anipulation  |                                                 |
\*---------------------------------------------------------------------------*/
FoamFile
{
    version     2.0;
    format      ascii;
    class       volScalarField;
    location    "2.56";
    object      omega;
}
// * * * * * * * * * * * * * * * * * * * * * * * * * * * * * * * * * * * * * //

dimensions      [0 0 -1 0 0 0 0];


internalField   nonuniform List<scalar> 
3259
(
30.44054609
30.46320729
30.49375244
30.53948086
30.61984747
30.75013628
31.00442052
31.44839921
32.59320029
35.23502237
43.14444671
102.3399003
30.33984633
30.36475218
30.39955425
30.45203076
30.54339888
30.69908955
30.99159987
31.49654994
32.78565802
35.75538279
45.46773328
151.7778613
30.24415005
30.27136403
30.31018968
30.36864044
30.46714199
30.64165565
30.9633099
31.51950527
32.89787576
36.099236
47.91611224
478.9649665
30.14930446
30.17871604
30.22145365
30.28632
30.3928535
30.58382688
30.9339794
31.53958887
32.99729816
36.42014244
50.71340852
704.278982
30.05780653
30.08946719
30.13570236
30.20577846
30.31892232
30.52417063
30.90141004
31.55706649
33.11023749
36.83653193
54.10248631
740.7743589
29.96445768
29.99816246
30.04781147
30.12360711
30.24420848
30.46170839
30.86404209
31.56746791
33.2353138
37.41653641
59.88840862
749.0567514
29.87332612
29.90899411
29.9616406
30.04177815
30.16781182
30.39598335
30.82160353
31.56990187
33.3545402
38.13752965
69.62712259
705.293179
29.77817835
29.81544857
29.87106531
29.95643834
30.08929524
30.3269997
30.77459949
31.56608365
33.4731623
38.94235326
80.63799354
631.8495973
29.68538513
29.72400997
29.78204485
29.87103502
30.00827577
30.25496411
30.72381155
31.55791538
33.59787712
39.91684784
90.92079768
568.1590966
29.58698818
29.62654394
29.68698926
29.78082532
29.9247298
30.18016441
30.67007728
31.54732167
33.73484277
41.21082185
100.0713668
512.1023396
29.49241157
29.53262019
29.59477811
29.69133809
29.83859341
30.1029138
30.61418356
31.53616417
33.89429089
42.93882509
108.3402437
462.6005189
29.39067487
29.43121678
29.49524739
29.59630324
29.75029216
30.02366358
30.55708875
31.52694537
34.09749334
44.91388143
115.7253934
418.7677673
29.29538572
29.33606119
29.40121918
29.50410622
29.66009946
29.94306291
30.50002767
31.52338176
34.37245762
46.90120781
122.1735104
379.9373027
29.19065287
29.2312987
29.29801641
29.40541055
29.56879099
29.86181876
30.4442967
31.52897417
34.73405312
48.8110316
127.7061169
344.9538776
29.09626104
29.13676151
29.2042596
29.31277828
29.47659965
29.78059758
30.39106626
31.54872663
35.1733451
50.62519935
132.2981858
313.6390463
28.98864887
29.02896811
29.09793615
29.21139489
29.38437636
29.69998173
30.3414615
31.5864441
35.66855531
52.34273934
136.1833419
285.9308345
28.89701651
28.93709407
29.00669902
29.12073825
29.29204446
29.6205022
30.29660755
31.64493962
36.19839597
53.9661287
139.4562128
261.6605892
28.78601049
28.82589697
28.89702074
29.01672789
29.20058196
29.54263933
30.257678
31.72541981
36.7472042
55.49723234
142.0919106
240.5937231
28.69933305
28.73900049
28.81077828
28.93072251
29.10949443
29.46683813
30.22576151
31.82743234
37.30542543
56.94588645
144.1862819
222.4553454
28.58356419
28.62311555
28.69652564
28.82287731
29.02009964
29.39354943
30.20188551
31.94941063
37.86688303
58.31704313
145.785113
206.8987082
28.5046579
28.5440874
28.61830618
28.74507622
28.93136684
29.32323334
30.18698754
32.08925262
38.42727244
59.61262615
146.9400747
193.5260077
28.38167388
28.42109994
28.4970999
28.63034033
28.84547002
29.25644309
30.18152607
32.24468691
38.9836465
60.83487272
147.6630616
181.9893475
28.31409859
28.35356815
28.43060343
28.56602191
28.76093027
29.19402689
30.18467262
32.41355197
39.53380553
61.98372507
147.9917877
171.9940037
28.15787525
28.19758194
28.27727837
28.42092708
28.68216627
29.13731009
30.19670682
32.5927281
40.07205026
63.05437837
147.9932004
163.2883795
101.2376963
130.8334224
42.84046171
85.39240364
45.07085408
106.9218506
86.98665472
111.1006158
1126.353735
733.3154476
156.6584558
721.9698832
1085.165934
8527.94668
1136.973826
112.56484
1778.211925
7575.748267
1094.567264
1746.141108
4227.893029
795.0838258
220.0722449
234.3842615
203.0733451
214.718713
791.6860887
571.0602497
188.6972483
199.1088399
185.4744356
561.8344923
754.943705
768.436874
240.6133466
253.1088859
1411.535689
2852.974311
1448.232378
2455.314782
1134.918006
6368.993987
2734.226973
5444.396088
1131.054349
3833.152838
1849.572187
47.26915422
116.2887724
110.1175418
169.9292346
4194.667055
7786.50198
1036.216194
407.26301
427.5033777
6392.370327
3197.868929
730.9874985
913.4694021
8792.285984
322.7690244
373.8805767
435.1535825
453.651427
1148.026682
1683.756931
1799.478652
7979.420879
1544.775878
1363.066711
16023.56655
1106.56602
1660.131486
378.4703651
400.2638518
940.8875547
761.8978785
357.37855
373.0036025
738.3662207
824.765013
1192.064676
466.6884292
513.4676786
5890.978321
6694.786
1880.539072
7276.037294
5213.426753
1938.178935
1108.523564
6335.724417
3594.27245
7045.604409
4051.505948
1599.51493
338.657325
352.7267848
756.3842765
639.7252695
319.604139
334.0295963
1692.195641
1669.349823
1061.387818
1781.258255
1100.345596
1727.899263
1714.355939
1746.249527
302.8277824
315.0834314
610.9659202
543.3310117
289.5168238
299.387404
1089.179971
1088.997533
751.5631819
771.0700502
1097.487622
1101.832375
1489.864788
972.6055125
959.59312
12540.12371
2341.833855
1749.465956
4658.800904
3800.598175
1799.837241
1777.513749
1119.543182
6139.078172
6691.134395
6392.426696
5005.983588
1191.128513
1846.809017
1788.699064
2769.483478
1688.577027
1702.703896
2145.857418
1006.182543
1623.228631
1559.682332
854.329234
1206.973105
12909.87604
1149.539737
789.390476
793.0480991
1802.584819
7605.070682
7860.799699
9241.306331
5916.798853
5496.223328
1744.047977
1732.230617
1101.385542
1708.973265
1734.587252
1735.643077
1717.609764
1720.966805
1143.61535
1155.48379
800.5460258
1797.03666
1699.492806
1753.54992
1744.204587
821.5564617
827.1093671
1195.702171
5724.106186
8659.114795
9017.862948
8463.483552
8487.539387
6347.445868
1829.507878
6303.430529
4476.843468
4866.656044
1117.122051
1768.50024
1752.167771
6300.851522
6934.129644
6679.062643
5439.679629
5933.576306
7345.942418
6978.849456
4443.873256
6609.391058
5675.560396
2188.48746
1759.725443
1179.916761
31.44088697
32.18704036
32.55847099
34.27249483
35.14839955
39.77257454
31.49011091
32.33581722
32.21493431
32.75086277
34.66807426
34.33923092
35.65649003
41.14155668
39.98456123
43.65338619
51.71961013
50.28194344
105.9350035
171.6251223
163.403414
31.51422175
32.42629807
32.36160303
32.87215664
34.93866268
34.74323299
36.01861287
42.37349599
41.44368859
46.04043233
54.25011122
55.63629202
154.6750967
301.6624041
268.1467801
31.53486603
32.50046239
32.44555774
32.97167999
35.16846455
34.99765914
36.33649512
43.76083767
42.69362366
50.02174819
184.4680225
127.9372066
678.25681
31.55322265
32.58100524
32.52010587
33.08079735
35.43417784
35.22786225
36.72032967
45.45739759
44.16599999
53.11284202
242.9930871
200.4776039
733.0090314
31.56575197
32.66605827
32.60196648
33.2036833
35.78870179
35.51312144
37.25387498
47.96532882
45.97669189
58.10406433
299.2867051
255.8327861
751.385077
31.57004
32.74400127
32.68657995
33.32512533
36.22476967
35.89318899
37.95412233
51.92550294
48.81045183
66.86860511
382.504388
317.4066079
721.7877232
31.5675824
32.81641007
32.76242752
33.4431731
36.6922997
36.33644157
38.72843317
57.30621724
53.16507254
77.8960286
441.4999623
401.8681416
649.1680109
31.56028214
32.88826008
32.83427733
33.56581333
37.22960515
36.81918171
39.65121359
63.89147109
58.8771078
88.4668027
462.0658609
449.5525214
583.307934
31.55011687
32.96383479
32.90666664
33.69904544
37.87873255
37.37865666
40.84664577
70.44066888
65.57896972
97.87401489
458.2631395
462.7198314
525.4615752
31.53889423
33.04811646
32.98386477
33.85138353
38.7423564
38.06957247
42.47218543
76.37361966
71.98053977
106.3527078
440.148938
454.5962989
474.3965186
31.52891126
33.15020441
33.07150166
34.04101906
39.89400047
39.00425638
44.41241554
81.76842001
77.7709159
113.9689463
416.5858777
434.5553449
429.2398663
31.52338638
33.28546719
33.18023486
34.29577018
41.24137123
40.21874176
46.41020882
86.66900009
83.03985057
120.6493975
391.5031987
410.4128283
389.2551956
31.52639448
33.4709889
33.32660866
34.63567578
42.64700852
41.59148156
48.34228333
91.09418957
87.81974173
126.4045271
368.3352198
385.480037
353.3487608
31.54226358
33.71585642
33.52661442
35.05738
44.03748284
42.99782994
50.1809486
95.04657169
92.12959437
131.232174
347.1353571
362.8980388
321.118564
31.57518285
34.01677259
33.78623105
35.54074923
45.38533694
44.37911077
51.9221653
98.53731071
95.95959952
135.2661392
327.2832038
342.0849914
292.5208009
31.62828266
34.36276489
34.09960711
36.06367387
46.6820296
45.71477611
53.56922804
101.6443306
99.35139584
138.6975855
308.4516869
322.5207203
267.4075693
31.70324994
34.74139422
34.45486778
36.60884254
47.92334631
46.99777229
55.12264188
104.3670327
102.3623854
141.4839747
290.4983882
303.9329951
245.5575983
31.80000742
35.14260417
34.83997004
37.16537971
49.11229276
48.22550566
56.5911301
106.7511387
104.995286
143.7060854
273.3927637
286.2159243
226.7057068
31.9171786
35.55891091
35.2455833
37.7264937
50.2521914
49.40205444
57.9815278
108.8253182
107.3012987
145.41939
257.1920894
269.3642274
210.5224089
32.05276959
35.98470832
35.66472626
38.28747928
51.34379242
50.52981719
59.29589305
110.6080454
109.3003092
146.6799355
241.963722
253.4563276
196.6063265
32.20451981
36.41592581
36.09220846
38.84510176
52.38811477
51.60941779
60.53694276
112.1207449
111.0131685
147.5082005
227.5209649
238.5221345
184.5810924
32.3702799
36.84983073
36.52428026
39.39743194
53.38681254
52.64167905
61.70784539
113.3770997
112.4576533
147.9280979
213.9444621
224.4008323
174.1205366
32.54859364
37.28611615
36.95815112
39.94558285
54.34759019
53.62620844
62.81968277
114.4160241
113.6439286
148.0100828
201.3219857
211.2331476
164.9177226
32.75088479
37.7532055
37.38860635
40.52585481
55.33561031
54.55669439
63.94791662
115.3417691
114.6011334
147.9514765
188.9500921
199.1187809
156.2447161
160.7122977
153.3966097
98.01852317
258.3663969
237.9626646
127.990705
965.3918391
49.80065341
48.32830657
42.42572835
81.1626924
53.3525404
54.98530675
55.14444682
52.21352913
43.90609664
94.37371413
58.11167542
62.2024577
55.57075105
57.4655004
92.04100075
184.1692369
174.9064177
107.1721596
1120.327184
747.8648844
758.2689938
532.8058924
540.9524138
742.2158736
3009.142397
3710.784417
183.0172225
2722.665062
2146.751709
905.7012688
817.4602941
703.648206
512.8733521
524.0968906
286.7311994
536.3503099
97.06334308
151.1230601
12041.6757
1294.72996
2332.55598
770.59203
775.9241699
1138.503818
116.8734728
199.33144
188.6409688
5446.755989
5547.77887
9298.734757
596.0028023
611.3019517
826.0680735
223.5800726
295.9638283
290.944163
340.6129086
316.4460058
229.9996529
206.6429691
269.2469817
263.8104073
281.7232175
276.404161
211.1316856
776.3837682
577.2337285
587.4890643
445.1670695
451.9060747
578.2137824
192.0283692
246.453357
241.4684735
257.6154982
252.0901178
195.597536
179.3339204
228.1154577
236.7586705
232.3507632
182.3664621
556.422491
433.0828337
438.6547447
243.658421
364.9604328
347.8039565
405.8691126
374.5834246
253.9130522
1527.98234
2150.908391
2072.975425
3491.017686
3188.461203
2294.454995
2960.077867
4222.530581
3806.037367
3415.544252
2487.815759
56.5819048
55.38860694
46.64313222
123.133813
72.48440371
74.99725859
62.99915918
63.97327314
119.8742224
337.8438787
278.2865252
160.9068099
4575.744017
1067.37889
1323.754042
399.7716966
344.0513306
6524.949295
697.9946009
726.6405306
1091.984842
414.0684385
530.8739343
517.1678365
552.1713995
543.9481716
421.6432552
4793.674434
1015.313503
1413.477388
1272.422943
1403.059696
3657.254445
1076.155596
1072.921122
724.7285771
3474.853744
4980.973655
13096.50725
340.3924522
607.561272
552.70299
698.9312101
629.5999027
358.0372052
440.3210443
568.5845497
562.814091
585.1386432
580.2431944
449.1712205
1373.549839
1716.391007
3257.246828
2906.646726
3886.266712
4378.921281
1881.924114
15597.45843
13644.88685
385.1188509
475.4445921
466.4291499
500.9323049
487.6741115
391.9435173
851.5456107
631.248417
660.1133645
562.0295393
570.6061238
771.9228063
362.6347792
445.1804544
438.6339318
458.7409906
451.5936713
367.474599
743.0982553
1082.469306
1081.698371
470.7906202
609.2334864
604.1955039
680.7500796
686.1848871
515.7067046
3786.081897
4023.50535
5652.834518
2054.29764
2942.039349
2708.942176
5176.517768
4644.982796
3305.110596
343.3932945
420.5759109
414.3616282
432.6241067
426.4277517
347.8754733
748.4130472
547.7180591
555.4748778
484.4538482
499.3583001
675.4100021
324.4711147
393.4265143
385.6411416
407.9818568
400.9953899
329.2870801
306.7491956
365.8539174
360.527689
378.3670785
371.6564495
310.6235602
592.9700939
460.4970473
471.4539546
421.9364678
427.201855
548.8890975
292.6863386
345.6603232
340.7688336
355.4744346
350.5701067
295.8319784
2513.544774
2323.321158
1612.266307
4406.100827
3282.365034
3411.161638
2897.400999
2998.769276
4119.072017
3080.708273
1113.777039
2226.370072
1573.890275
2384.6442
2268.265788
1173.82532
13332.76583
5119.407298
5289.232605
10126.52711
12320.58582
8333.274185
6543.614099
8916.360802
8449.106631
8478.171395
9708.858792
6545.153103
30.66265026
30.71474197
30.7884049
30.89140188
31.02793959
31.28551608
30.58136417
30.64292398
30.67134852
30.72850371
30.84637505
30.85763714
31.00518303
31.30958567
31.28735713
31.45593394
31.66671615
31.6527706
32.63569908
33.11257829
33.05681859
35.35016973
36.52982326
36.3823529
103.5320646
118.0364378
116.531259
30.50396021
30.57442654
30.6062156
30.67064116
30.80217554
30.82428434
30.97748602
31.31739613
31.31109071
31.50292893
31.73956968
31.72860212
32.81634236
33.34503055
33.30442176
35.84685217
37.19837998
37.07142382
30.42906044
30.50743936
30.53861247
30.61321094
30.75718608
30.77992351
30.94889445
31.32299192
31.31847043
31.52484251
31.77730921
31.76830127
32.92276409
33.48455827
33.45183557
36.17787803
37.67403848
37.55924773
48.58995773
59.21275591
57.87773215
571.0258805
1950.905229
2166.119569
30.35521732
30.44034306
30.47188205
30.55457951
30.70954357
30.7337638
30.91822836
31.32572136
31.32353007
31.54440275
31.81386398
31.80471554
33.02480806
33.6190679
33.58263331
36.51433291
38.18831145
38.04178108
51.44439456
65.03506524
63.4230116
717.7402968
1398.843341
1505.12874
30.28110248
30.37184182
30.40442567
30.49357471
30.65832648
30.68441996
30.8833643
31.32243375
31.32537365
31.5605441
31.84874171
31.8403765
33.14071251
33.77762048
33.73507697
36.96369861
38.886198
38.68634304
55.24633616
73.83161675
71.0569788
743.1637379
1081.231596
1149.384863
30.20563384
30.30113017
30.33514402
30.42946425
30.60314604
30.63123391
30.84343376
31.31161906
31.31998115
31.56887704
31.87615419
31.87015791
33.26587381
33.96177426
33.91487477
37.58945195
39.90086231
39.61510377
61.94320679
89.78512583
85.08157458
744.4216605
858.2235415
908.1489059
30.12828398
30.22783323
30.2634253
30.36205429
30.54412963
30.574095
30.79862459
31.29420735
31.30747126
31.56950794
31.89532741
31.89117037
33.38397237
34.1440404
34.09798672
38.32678844
41.16506852
40.83883145
72.38814632
110.5658504
105.4903789
685.9674222
688.1622639
726.0005483
30.04853182
30.15183649
30.18903889
30.29147778
30.48174304
30.51332529
30.74962328
31.27181663
31.28876008
31.56441313
31.90886813
31.90586615
33.503561
34.33599972
34.28657724
39.16645388
42.65817117
42.25044532
83.3235489
128.0509405
123.9096858
615.1113279
565.6969647
593.2691769
29.96633013
30.07314633
30.11192022
30.21799226
30.4164877
30.44944843
30.69726178
31.24601158
31.26544183
31.55545472
31.91934298
31.91688108
33.63072353
34.54678899
34.49182333
40.20243582
44.64860674
44.08737238
93.30351086
143.308387
139.6948704
553.4690786
472.2182036
493.2814609
29.88144083
29.9918719
30.03212866
30.14190101
30.34877193
30.38291627
30.64234875
31.21831283
31.23906552
31.54452346
31.92912257
31.92661573
33.772014
34.78800047
34.72375896
41.60445834
47.28832206
46.58196666
102.2184239
156.8082108
153.5765026
499.1551028
400.7274932
416.8567827
29.79427874
29.90823474
29.9497985
30.06356042
30.2790247
30.31411822
30.58571272
31.19048738
31.2111776
31.53357664
31.94088917
31.93757234
33.93991648
35.08709501
35.00449727
43.42101557
50.20194809
49.4740444
110.2714546
168.5516646
165.8135734
451.120079
345.8846211
358.2832285
29.70489067
29.82267216
29.86527242
29.98353141
30.20792672
30.24359254
30.52846815
31.16482859
31.18366935
31.52539104
31.95873693
31.95340531
34.15856291
35.48901842
35.37672485
45.41544221
53.02147998
52.33293887
117.4308816
178.2313128
176.0073846
408.6078802
303.5601602
313.1473426
29.61422969
29.73575373
29.77905024
29.90250974
30.13637748
30.17215433
30.47191736
31.14408167
31.15902751
31.52371574
31.98848298
31.97956022
34.45473222
36.018901
35.87490584
47.38726198
55.6601135
55.01736108
123.647507
185.7861086
184.0680648
370.8415846
270.7175858
278.1996318
29.52226482
29.64808385
29.69176735
29.8211931
30.0652708
30.10071894
30.41730703
31.13094816
31.13988785
31.53246423
32.03685741
32.02263174
34.83739393
36.65619107
36.48905809
49.27398008
58.12513164
57.52453451
128.9462227
191.3050892
190.115724
336.7760096
244.8211334
250.7426336
29.43025611
29.56020367
29.60396872
29.74019556
29.99538496
30.03012865
30.36575439
31.1283917
31.12911158
31.55633146
32.11028214
32.08931184
35.29284337
37.35934121
37.17949893
51.06361733
60.42412465
59.86455233
133.3232959
195.2527916
194.3080559
306.3709461
224.238073
228.9609981
29.33764323
29.47260095
29.5162369
29.66007084
29.9274291
29.96112476
30.31836737
31.13879089
31.12946406
31.5990643
32.21271437
32.18430088
35.7985393
38.09400577
37.90876824
52.75766472
62.56778408
62.04580161
137.064125
198.5294168
197.8104583
279.5390667
207.6619919
211.4948189
29.2461122
29.38569537
29.42894787
29.58131661
29.86209253
29.8944132
30.27628007
31.16464515
31.14367976
31.66302308
32.34476055
32.30904781
36.33433211
38.838262
38.6521059
54.35744592
64.56189296
64.07733322
140.1700445
200.6736366
200.2584357
256.0898973
194.0351045
197.214005
29.15425119
29.29984642
29.34262472
29.50439171
29.80006936
29.83065902
30.24078612
31.20714613
31.17368254
31.7489898
32.5044375
32.4620926
36.88622171
39.58013082
39.39523228
55.86703952
66.41425662
65.96329748
142.6598403
201.7355373
201.5755141
235.7745319
182.5854698
185.2820743
29.0645666
29.21534783
29.2574667
29.42968484
29.74199742
29.7705382
30.21282774
31.26638083
31.22027463
31.85617363
32.68838954
32.64033064
37.44573883
40.31407876
40.13153717
57.29611535
68.14148447
67.72098994
144.6238627
201.9258167
201.9521879
218.3042588
172.7593213
175.0975453
28.97427398
29.13242045
29.17402846
29.35754487
29.68843207
29.7147267
30.19325114
31.34187626
31.28365074
31.98283043
32.89281058
32.83998991
38.00727559
41.03664097
40.85721915
58.64820261
69.74885517
69.35800067
146.1027791
201.3510605
201.6036309
203.3054067
164.1346008
166.2148977
28.88731335
29.05119698
29.09239053
29.28824876
29.63991789
29.66393372
30.18239551
31.43253653
31.36304758
32.12678802
33.11406963
33.05735692
38.5669072
41.74541839
41.56959651
59.9255441
71.24098169
70.87803166
147.1472055
199.97431
200.5146056
190.3776079
156.4216265
158.311537
28.79846433
28.97159151
29.01342815
29.22192284
29.59705623
29.6186645
30.1822678
31.53713231
31.45728719
32.28579029
33.34900441
33.28912678
39.12204184
42.43901135
42.26695203
61.13107835
72.623553
72.28570817
147.7675688
197.7517542
198.5210341
179.1747913
149.4443586
151.2019402
28.71354678
28.8930285
28.93745607
29.15819041
29.55938303
29.5798181
30.19007726
31.65451116
31.56509518
32.45789137
33.59518471
33.53248213
39.67163558
43.11754501
42.94778405
62.26983318
73.90434175
73.5817613
148.0150748
194.9597091
195.906046
169.3794132
143.0647096
144.7641407
28.61611595
28.80972881
28.86647088
29.09338269
29.52642638
29.54821263
30.21222891
31.79255686
31.6841902
32.64379583
33.85421144
33.78346892
40.22406099
43.79252559
43.60600185
63.36428517
75.11037217
74.76602759
147.9805527
191.8069497
192.9070052
160.7022761
137.1678176
138.9258871
115.052805
113.6023006
100.1081508
164.4585964
157.4307607
132.9549351
83.91677262
70.85858894
71.91967804
104.9457926
84.48206437
86.24656745
73.04423576
74.17271279
88.58907152
127.8234917
126.2055268
109.7820639
95.30848858
106.4971261
113.9149172
131.2740386
129.8627944
2037.050453
87.94001019
89.70973575
113.2492491
2923.379605
3219.790225
7408.134039
5759.509786
4489.039563
4989.795376
1559.298145
1797.470843
2333.356805
1328.820088
31.63856399
31.62731667
31.43473322
32.16033226
31.86690562
31.88425147
33.01322853
32.96142855
32.51943879
34.1863075
33.50728317
33.57458414
36.26767728
36.13116758
35.0404909
39.50667368
37.55738565
37.73981618
31.71676115
31.67825858
31.46287807
32.26904125
31.94411484
31.9955615
31.90550712
31.92738163
32.24626253
33.25930439
33.15102291
32.66559133
34.49293029
33.74922973
33.88652367
33.62850041
33.70033625
34.43090668
36.93623684
36.63363951
35.42957037
40.49110433
38.23351367
38.65902532
37.8918774
38.09187696
40.28305815
121.1571304
119.5857915
104.6896629
168.9308357
140.0656604
142.1079276
136.0353381
137.9860709
165.9938213
31.75913808
31.74967446
31.50868191
32.40612052
32.04578691
32.06017771
32.01380424
32.0303152
32.38457656
33.41819756
33.38275803
32.84511907
34.87711656
34.04700982
34.09333132
33.94473241
33.99713541
34.81188643
37.44221329
37.3223619
35.93464518
42.05654808
39.23058773
39.41557365
38.8545511
39.0428291
41.745908
203.7496263
207.7522769
276.229355
31.79567158
31.78659475
31.5298625
32.48204013
32.10019457
32.113873
32.07378159
32.08699918
32.46413092
33.54952986
33.51683853
32.94732983
35.11102162
34.22258673
34.26561478
34.1374564
34.18036104
35.05471532
37.91078647
37.79095578
36.25595843
43.3733129
39.97551088
40.17383532
39.59968257
39.78366325
43.02796552
61.98343354
60.60877753
49.296336
166.7230598
85.02518081
89.20269397
77.67808428
81.16844393
147.411765
1628.365215
1774.508765
637.0946511
1047.120046
958.4937935
1299.473262
1159.098226
31.83177153
31.82299081
31.54896472
32.56055881
32.15624797
32.17034342
32.12777976
32.1419721
32.54025873
33.69457202
33.65599619
33.05241741
35.36084633
34.40680566
34.45937862
34.31001095
34.3569959
35.29182067
38.50521313
38.34042411
36.61365655
44.99046736
40.89113955
41.16109702
40.40670394
40.64308138
44.56481582
68.78370834
66.76227221
52.22891285
228.726394
103.8869243
109.7378039
93.73361449
98.81461225
215.5742534
1223.33193
1306.178608
728.8210277
771.0445629
722.504569
886.2412332
824.9644878
31.86362093
31.85650472
31.56331769
32.64476309
32.21259147
32.22586237
32.18454155
32.19867565
32.62329543
33.86805864
33.82207037
33.17200365
35.69026213
34.63799564
34.70460898
34.51525568
34.57476328
35.59831345
39.35005066
39.10716975
37.10270591
47.22070187
42.16057644
42.57100533
41.45945396
41.79047806
46.55939978
80.84055385
77.08631639
56.57207788
284.4642514
130.4663791
138.783763
115.7727333
122.7977089
270.2294419
961.4504081
1019.441303
749.1285841
594.1624951
555.6282752
677.103897
634.7404963
31.88661846
31.88162372
31.5696193
32.72528388
32.26157842
32.27248668
32.23831734
32.25020392
32.70615919
34.05243275
34.00723844
33.29560661
36.11380087
34.91566545
34.98518847
34.77389204
34.84474039
36.00190617
40.51986678
40.20320339
37.76953543
50.79489171
44.06148573
44.63109785
43.02679733
43.52294442
49.74640012
100.1797909
94.86536605
64.30024725
359.8661866
166.9854222
177.1954726
147.7204509
157.2070952
338.0806149
766.967687
811.5850767
735.6171674
453.8619859
426.187696
519.4902999
484.7856473
31.9026364
31.89913827
31.56867816
32.79854261
32.30293146
32.31252
32.28297772
32.29309865
32.78056405
34.23819901
34.19073716
33.41347212
36.56981362
35.20150164
35.27712276
35.05575169
35.12776763
36.45127007
41.86821967
41.50744966
38.52350012
55.82565627
46.47865132
47.17511453
45.22712293
45.83269512
54.44856236
119.6139691
115.166127
75.131022
432.4390564
204.5016331
212.1582297
186.926718
196.4539332
419.9172976
622.7483431
654.2506995
667.2266614
364.3252541
349.0812475
402.3658078
381.5103251
31.91433568
31.91168283
31.56241914
32.87011992
32.34030472
32.34942341
32.32190984
32.33114545
32.85213806
34.43848193
34.38659537
33.53440166
37.08725902
35.51718321
35.60236171
35.35480482
35.43473358
36.95062329
43.57106782
43.09647371
39.40199375
62.19580035
49.64929713
50.60931249
47.93157599
48.75537108
60.51512092
135.960915
132.078991
85.9337207
458.6421921
232.5364287
238.2910907
219.4062508
226.0649903
455.0332107
515.8076015
539.9095004
598.9313362
311.5878978
301.2635035
335.3386878
322.8987071
31.92417242
31.92176863
31.55281675
32.94436613
32.37697336
32.38639827
32.35854196
32.36769993
32.92532539
34.66243639
34.60357362
33.66438845
37.70144385
35.87763287
35.97781899
35.69054047
35.78210232
37.53535805
45.90114068
45.25446794
40.51122324
68.86053506
53.76928322
54.86447767
51.62577028
52.6843953
67.23819813
150.2534837
146.8334752
95.61934687
460.9885508
254.7780783
260.1785254
243.6777485
249.1813903
462.2674422
434.097289
452.5235991
539.2582026
275.0493593
267.5933891
291.7997527
283.092659
31.934544
31.93175502
31.5416819
33.0258489
32.41611883
32.42676757
32.39602072
32.40589298
33.00447082
34.92764378
34.85574112
33.81074303
38.49974255
36.31647534
36.44632043
36.08356662
36.19598974
38.27585414
48.74205181
48.01118725
42.025895
74.94398788
58.10101008
59.14417777
55.9570011
57.03750897
73.48006825
162.9255021
159.9195588
104.3096933
445.4167482
274.6226175
278.7267361
265.3072438
270.167603
450.253011
371.5131929
385.6334988
486.5857014
248.134165
242.4463288
260.6596774
254.1897619
31.94872471
31.94458802
31.53112664
33.12227719
32.46223679
32.47567456
32.43792537
32.44969425
33.09611693
35.27258082
35.17623547
33.98865291
39.58182274
36.90316825
37.08007358
36.58675492
36.73877244
39.2844597
51.63307228
50.92244887
43.91361148
80.46716651
62.14187294
63.09881556
60.16529246
61.16401285
79.13382975
173.6778642
171.1842021
112.1489558
422.7694757
288.7711271
291.4296897
282.4969172
285.7810929
428.7543714
323.3627269
334.2650531
440.0045297
227.2400662
222.6976618
237.0904963
232.0328425
31.97167542
31.96479054
31.52412856
33.24755664
32.52289543
32.54153432
32.49014823
32.50582203
33.21256211
35.73831024
35.60958932
34.22453817
40.89467819
37.68113488
37.90170607
37.26921355
37.46987126
40.55301595
54.36357346
53.69843497
45.91462556
85.4908849
65.85165492
66.73179336
64.03555431
64.9528324
84.2801649
182.237483
180.3217454
119.0730325
397.7568488
297.1417984
298.2266957
293.5695155
295.5015021
404.1459822
286.1390738
294.5678255
398.8126647
210.3290733
206.568427
218.3702817
214.2574621
32.00989585
31.99855156
31.5246021
33.41918866
32.6085638
32.63518248
32.56190988
32.58418753
33.37109529
36.32666765
36.16971453
34.54249242
42.29522495
38.60575805
38.85056232
38.13019105
38.36524634
41.94303667
56.91354422
56.29214058
47.86758677
90.03228498
69.26700106
70.07857292
67.59401894
68.43876513
88.94030217
188.7495645
187.331046
125.0541314
373.9194557
299.6391709
299.5354951
299.1225825
299.622347
379.6126478
257.0159144
263.6654159
361.9866337
196.329414
193.210076
202.9935702
199.5854327
32.07012227
32.05266282
31.53684506
33.64908136
32.72957322
32.76618759
32.66415004
32.69557402
33.585961
37.00201261
36.82740016
34.9452749
43.69333611
39.60060797
39.85347275
39.09851113
39.34872762
43.34662207
59.29502291
58.71534317
49.73053315
94.10568463
72.41164518
73.15516087
70.87337385
71.65086187
93.13258485
193.3138274
192.3267067
130.1171851
352.3093632
297.9297035
296.8801233
299.2456287
298.6432293
357.5352993
233.9514189
239.2312723
328.8389902
184.5598596
181.8827823
190.2148666
187.3345444
32.15776137
32.1330955
31.56514819
33.93683673
32.89173476
32.93878064
32.80541801
32.84726041
33.85991517
37.72434558
37.54110697
35.41541084
45.05299671
40.61288701
40.8652914
40.10671659
40.35991534
44.71750575
61.51449983
60.97409593
51.49579868
97.70252275
75.28594983
75.96567609
73.8816144
74.59122662
96.84245229
197.0151625
196.1716074
134.3128918
332.1694346
292.4217654
290.5519467
295.6172495
294.0708666
337.0651695
215.5231234
219.7657271
299.3428005
174.3772873
172.0324657
179.2971947
176.7972009
32.27511513
32.24299649
31.61298011
34.27276055
33.09449
33.15098653
32.98830846
33.04022566
34.18496405
38.4658987
38.27981505
35.93031519
46.36304485
41.61630855
41.86408683
41.1168049
41.36714311
46.04054078
63.58352779
63.08046939
53.16638768
100.9052474
77.91670366
78.53727132
76.63089391
77.2808792
100.1392294
199.7412105
199.1844984
137.9029477
313.116164
284.4731621
282.2102217
288.6488376
286.5524836
317.7517105
200.5340702
204.0146872
273.380313
165.411941
163.3301288
169.7592475
167.5535534
32.42133538
32.38221009
31.68243749
34.64429548
33.33265007
33.39696034
33.20957426
33.27014819
34.54872512
39.2099216
39.02425554
36.47117915
47.6182061
42.59756878
42.83880088
42.11024259
42.35469198
47.30964711
65.5044585
65.03757658
54.74275431
103.7219024
80.31031835
80.87337576
79.14306835
79.73339439
103.0522564
201.3320697
201.0296632
140.8452637
294.9701744
275.3568111
272.8959332
280.018403
277.6323031
299.3688348
188.0775971
190.996752
250.7435516
157.4267149
155.5633057
161.3074881
159.3397565
32.59361754
32.5483007
31.7738274
35.04064782
33.59956128
33.6700498
33.462936
33.53048966
34.93972442
39.94833461
39.76453235
37.02561954
48.8197812
43.55213873
43.78663157
43.07826977
43.3160056
48.52414261
67.29295683
66.85754149
56.2314919
106.186765
82.48717363
83.00064709
81.42386829
81.96110156
105.5986267
201.9526619
201.8851499
143.2037635
277.6828493
265.7180784
263.1492856
270.5888418
268.0496928
281.8396918
177.4981986
180.001092
231.1780264
150.2701284
148.5947497
153.7519653
151.9861838
32.78828132
32.73772958
31.88606179
35.45377214
33.88892448
33.96413866
33.74181889
33.81478634
35.34928856
40.67696795
40.49592633
37.58609516
49.97183199
44.47951857
44.70707446
44.01934351
44.25024998
49.6883838
68.95994574
68.55455879
57.64116006
108.3378373
84.47012265
84.93614292
83.50265037
83.99173023
107.8263026
201.7225651
201.8656749
145.0451157
261.2945557
255.8725635
253.2489585
260.8228756
258.1885391
265.1777779
168.3187965
170.5173299
214.3798397
143.8300898
142.3125894
146.9674943
145.3756138
33.00155267
32.94668993
32.01725652
35.87763694
34.19529642
34.27403301
34.04030332
34.11735507
35.77093523
41.39287322
41.21523278
38.14747303
51.07541948
45.37872022
45.59911886
44.93275941
45.15657564
50.80403643
70.50899284
70.13244029
58.9742396
110.1904875
86.26571315
86.68703014
85.39090622
85.83338505
109.7508785
200.7784652
201.1686421
146.417168
245.8936584
246.0333528
243.3961509
250.9771955
248.2774316
249.465447
160.1766062
162.1543342
199.9629309
137.9910213
136.6007907
140.8419788
139.3918741
33.23000587
33.17163546
32.16517691
36.30779523
34.5142595
34.59559105
34.35345891
34.43353237
36.19987048
42.09416983
41.92026001
38.70614543
52.13124362
46.24908634
46.46238602
45.8175886
46.03423791
51.87184245
71.94565549
71.59577361
60.23290335
111.7670008
87.88400114
88.26458564
87.09675665
87.49624029
111.3964925
198.942389
199.6196402
147.3533328
231.3516739
236.7797423
234.2313356
241.3130804
238.7412898
234.6423173
152.8502213
154.6659
187.5470559
132.6611264
131.3701744
135.2667502
133.9303461
33.47080092
33.40952985
32.32758882
36.74109228
34.8424078
34.92572558
34.67739464
34.75969579
36.63269256
42.78000299
42.60958458
39.25969133
53.13982507
47.09026141
47.29728292
46.67345692
46.88318822
52.8930674
73.2753324
72.94765099
61.418629
113.0788259
89.33132155
89.67765881
88.62970469
88.99087323
112.7802509
196.4209243
197.2879294
147.8661766
217.6912325
228.0635838
225.4959792
232.3726578
229.8267449
220.6172775
146.1873073
147.9047618
176.8162582
127.773749
126.5427951
130.1656137
128.9112178
33.72236694
33.6575406
32.50224673
37.17455091
35.17665139
35.26321447
35.00904908
35.09337458
37.06744258
43.45327222
43.28087164
39.80544816
54.0992402
47.90017218
48.10887464
47.49955466
47.70497675
53.87082129
74.51399004
74.18865558
62.52997043
114.1499587
90.61468226
90.95028886
89.99291667
90.32963384
113.9240799
193.4518444
194.4435027
148.018776
205.0406383
219.6361443
216.9947432
223.8190787
221.2172205
207.5105095
140.0623079
141.7722701
167.4930688
123.2806452
122.0405301
125.4793893
124.2561133
34.00072602
33.905438
32.68141481
37.59219336
35.50403994
35.62972794
35.34377592
35.43770266
37.50954848
44.15913733
43.91341382
40.32447121
54.98871748
48.65724241
48.95199696
48.28945727
48.51447839
54.82365672
75.74638493
75.3101476
63.55002709
115.0146614
91.74023882
92.17422639
91.19671887
91.54508864
114.869765
189.6715136
191.1973341
147.9732485
193.4741187
211.4063278
207.9971121
215.5079301
212.8052073
195.3809614
134.0587548
136.22607
159.3607266
119.1758681
117.5623172
121.1774908
119.8859551
158.2272311
132.2171193
134.0831059
128.6095979
130.3895119
155.7704648
99.07211445
112.183362
110.7731359
251.8494805
194.4328109
198.4351583
186.3657161
190.4715219
244.2175989
130.6370562
155.168926
151.8763159
1099.86881
1026.902553
68.81062988
69.81523836
82.50350513
53.86998589
60.61046028
59.88353396
62.13927194
61.36148459
54.40803341
77.91100511
79.08240025
95.36895884
58.7264477
67.24760767
66.40335603
72.1721428
70.92457097
61.31770356
56.18986394
63.7718853
62.94313595
65.50924434
64.62602966
56.80792975
90.43039863
75.40050253
76.58640035
181.3479587
148.9419048
150.9988332
144.3596706
146.4552298
177.671733
108.4826797
124.4240353
122.8051751
1533.247843
1650.404281
3499.576072
194.355911
457.502172
384.4821884
2524.218276
1075.984203
1174.049267
869.2755502
335.7225969
330.5225056
284.1222914
530.2750002
411.2593767
416.3942088
109.3749343
107.9550789
96.12031913
148.919436
125.2146518
126.8868643
123.6050824
146.7929344
5924.655474
5421.162023
12379.30025
1004.16551
2893.78304
2476.155416
135.5037913
133.9574136
115.5050213
197.181899
159.719233
161.6258373
153.9862901
155.5827144
190.6705573
7533.570966
7494.704738
4686.383786
9368.36215
8062.425783
8979.927943
333.823075
294.2928993
296.148994
293.0634124
293.3032764
325.5502834
360.7583828
305.9483972
308.6208896
299.0737813
301.9906709
353.3041677
406.7265058
335.3171375
335.6417989
314.6448208
317.3627027
378.1142519
2261.512015
63.75260913
74.47174444
73.24007694
116.2017241
91.6550679
93.40135187
422.0502656
937.9457516
789.0948387
1330.588539
1036.299057
471.5887232
6577.725829
3665.495518
3544.494041
3730.013592
4239.846041
4939.028458
1230.182258
2079.849438
2062.127055
2569.512407
2370.514212
1295.963485
426.2739405
428.1324955
713.3654179
1409.23619
4154.712807
2911.036379
2672.8827
2828.508217
3172.456762
4434.322179
624.9743575
498.3616052
218.1287477
51.2359766
47.50237244
47.84618416
46.89921471
47.19188412
50.7525816
50.71506696
50.27429191
57.26806848
288.9131734
214.880777
201.5160105
49.32631468
46.37342383
46.62600277
45.97747655
46.15075336
48.83277032
54.4756279
49.7444627
50.16857565
48.1644213
48.4846247
52.65937687
3065.729868
1781.584411
1688.941349
791.1118211
1022.172044
2121.031757
813.0345049
96.264822
93.28793967
134.8460441
79.12126929
75.51350311
64.95081024
31.28393579
31.16790303
31.16436087
31.29230387
31.15887521
31.16778811
31.16290059
31.15881954
31.28946317
31.31512299
31.16285319
31.15995564
31.16681013
31.16431596
31.3136262
31.3212912
31.15404244
31.1512776
31.15843896
31.15560511
31.32043613
31.32515774
31.14368236
31.1400234
31.149206
31.14610241
31.32485394
31.32360568
31.12855861
31.1232589
31.13695677
31.13248535
31.32490928
31.3145815
31.10672233
31.09973949
31.11847501
31.11231685
31.31795333
31.29878012
31.07848898
31.07005816
31.09335912
31.08560016
31.30363318
31.27757241
31.04494493
31.03544871
31.06229795
31.05328295
31.28353776
31.2525334
31.00742953
30.99724981
31.02660358
31.0167075
31.25924586
31.22519479
30.96726857
30.95678554
30.98760231
30.9772137
31.23230143
31.1972281
30.92585212
30.91546429
30.94662557
30.93612791
31.20428542
31.17080365
30.88486109
30.87500783
30.90518694
30.89500517
31.1772375
31.14859033
30.84622599
30.83736276
30.86512957
30.85571477
31.1537184
31.13325769
30.81181721
30.80439678
30.82838106
30.82016958
31.13638099
31.12798287
30.78355685
30.77805721
30.79679864
30.79022338
31.12805594
31.13469129
30.76328981
30.76017194
30.77230643
30.76790318
31.13170355
31.15658468
30.75304186
30.75267448
30.7568073
30.755045
31.14971518
31.19485581
30.75454415
30.75725789
30.75266696
30.7533824
31.1838226
31.24988144
30.76844402
30.77477944
30.75974126
30.76437115
31.23467945
31.32139024
30.79571951
30.80542484
30.78044608
30.7884362
31.30215965
31.40837944
30.83607792
30.84899427
30.81431773
30.82566145
31.38540524
31.50957152
30.88921496
30.90535631
30.86105189
30.87565539
31.48317269
31.62344464
30.95401546
30.97331073
30.92026038
30.93777049
31.59423379
31.74458654
31.02782295
31.05843165
30.99027234
31.01175073
31.71875178
3733.521652
9430.422612
25539.85793
3773.517543
9587.708659
25527.29949
9979.907803
16621.01507
24287.18603
4535.562718
20290.99858
32743.00772
3686.557032
9246.519423
25521.1531
25618.23691
47929.01253
3778.861338
9820.777181
25533.48557
12177.94752
18114.1512
20008.20127
9751.876072
16260.50159
25399.28443
3896.298889
9817.818629
25649.28396
3664.950555
9156.113891
25484.24785
3656.13291
9122.73193
25480.44032
3695.842152
9281.777962
25477.89758
3695.364189
9285.687301
25476.9917
3751.250833
9495.676065
25539.60795
3775.000328
9596.391872
25522.25164
9712.780958
16205.28872
25830.47611
3724.188527
9352.074871
25506.19248
3710.882654
9315.934737
25513.16542
10036.40032
16665.1355
24480.59395
3717.087204
9327.442377
25501.54928
3719.696633
9334.063134
25500.98772
10336.18784
16987.5598
23604.82289
5181.923882
11638.07726
27950.52778
3645.295938
9116.382634
25472.67619
3635.434403
9103.545061
25463.50222
3667.777549
9199.042031
25486.11836
3671.859507
9213.549216
25479.0439
3737.89807
9454.432077
25539.55893
3758.629596
9498.327078
25525.25944
11537.427
17918.95797
20890.76466
12119.34169
18132.72261
20379.03121
9785.695172
16280.11045
25546.84415
3679.260551
9208.135354
25501.57481
3684.815144
9222.405932
25514.76096
9997.718268
16583.63396
24792.74942
3747.925899
9456.353233
25495.12905
10338.89415
17082.25242
23314.65788
3693.644647
10929.76118
26168.72673
66927.22755
16190.12571
26225.22142
16227.16153
26019.51669
14383.2278
18797.51888
24655.57112
3630.92597
9165.022108
25404.31478
11293.03396
17836.78884
21452.43431
17339.22709
31476.94713
11338.16106
17903.27333
21149.62628
3630.905727
9120.969716
25408.58745
3632.849969
9101.25884
25448.223
3627.562077
9128.545132
25396.78207
3635.001299
9173.864049
25394.22827
9887.877362
16400.02915
25114.47497
10723.54281
17391.33762
22566.31924
10475.86151
17213.81442
22942.40973
26431.49476
10125.26101
16773.47946
23991.41521
13768.02928
17720.65875
21159.61488
25410.6224
3603.477013
9066.077049
25409.66214
3718.810033
9367.124205
25507.1488
10985.64902
17698.93721
21833.08744
3630.324097
9107.155285
25423.18244
3637.000332
9105.624044
25435.5264
3627.363913
9142.433647
25389.37905
3629.92478
9160.504249
25389.2157
10783.86465
17541.93628
22264.17478
12754.25398
18015.09686
19865.29987
12971.69951
17911.99674
19810.45012
27691.28074
)
;

boundaryField
{
    topAndBottom
    {
        type            slip;
    }
    inlet
    {
        type            fixedValue;
        value           nonuniform List<scalar> 0();
    }
    outlet
    {
        type            inletOutlet;
        inletValue      uniform 32;
        value           nonuniform List<scalar> 
30
(
28.15787525
28.19758194
28.27727837
28.42092708
32.75088479
37.7532055
40.52585481
55.33561031
63.94791662
115.3417691
147.9514765
188.9500921
156.2447161
28.61611595
28.80972881
29.09338269
29.52642638
30.21222891
31.79255686
34.00072602
35.62972794
44.15913733
48.95199696
75.74638493
92.17422639
189.6715136
207.9971121
134.0587548
117.5623172
31.05843165
)
;
    }
    wing
    {
        blending        binomial2;
        n               2;
        beta1           0.075;
        type            omegaWallFunction;
        value           nonuniform List<scalar> 
70
(
8333.274185
25539.85793
25527.29949
24287.18603
32743.00772
25521.1531
47929.01253
25533.48557
20008.20127
25399.28443
25649.28396
25484.24785
25480.44032
25477.89758
25476.9917
25539.60795
25522.25164
25830.47611
25506.19248
25513.16542
24480.59395
25501.54928
25500.98772
23604.82289
27950.52778
25472.67619
25463.50222
25486.11836
25479.0439
25539.55893
25525.25944
20890.76466
20379.03121
25546.84415
25501.57481
25514.76096
24792.74942
25495.12905
23314.65788
26168.72673
66927.22755
26225.22142
26019.51669
24655.57112
25404.31478
21452.43431
31476.94713
21149.62628
25408.58745
25448.223
25396.78207
25394.22827
25114.47497
22566.31924
22942.40973
26431.49476
23991.41521
21159.61488
25410.6224
25409.66214
25507.1488
21833.08744
25423.18244
25435.5264
25389.37905
25389.2157
22264.17478
19865.29987
19810.45012
27691.28074
)
;
    }
    front
    {
        type            empty;
    }
    back
    {
        type            empty;
    }
    procBoundary1to0
    {
        type            processor;
        value           nonuniform List<scalar> 
49
(
30.54438056
30.5645361
30.59057422
30.62861316
30.62861316
30.70468225
30.81519192
31.03880816
94.59220202
94.59220202
176.3626199
1674.406376
42.09549085
47.77651541
79.82797367
52.88678528
144.7441202
716.3774937
1067.185603
223.9686301
30.74789042
30.90962041
31.42600626
31.61118269
32.479459
32.91104662
34.94538235
36.01152168
405.9329043
523.0509052
104.9267614
32.12858254
31.84314864
34.10987689
33.4449875
39.29895096
37.40487191
67.81918569
59.18133566
281.9854269
324.9583244
122.0729966
45.86624032
31.28168948
31.16912825
25405.35287
3594.794338
9036.751139
9036.751139
)
;
    }
    procBoundary1to3
    {
        type            processor;
        value           nonuniform List<scalar> 
136
(
2862.552879
4659.302248
1045.038117
2554.815511
1310.433352
1218.629158
1045.038117
931.9532036
6074.705221
5469.073763
6331.151492
1097.425616
4659.302248
1850.090258
5995.508844
4869.397197
422.8764569
478.4802836
371.3240862
408.6957748
322.2586894
359.2479634
275.7771221
310.0235077
242.7333822
266.0395126
219.9793791
236.4054675
202.4365103
215.192959
188.3147245
198.6322119
176.6080773
185.1894681
166.6925989
173.9791132
158.1401491
164.4393515
150.6442354
156.1762399
143.9848827
148.9072742
138.001605
142.4303251
132.5727676
136.5958887
127.6124697
131.2912836
123.0579213
126.4386441
118.8516228
121.9778534
114.9472345
117.8553285
111.3008302
114.0316942
107.8629604
110.4771177
104.4082212
107.1846837
931.9532036
931.9532036
724.7177138
696.8188813
687.4073401
615.9086787
2297.857711
1646.161077
660.3286911
687.4073401
1097.425616
1022.406191
1097.425616
2038.401573
1381.605414
1149.277296
438.9538214
457.6373566
383.3923167
395.7116788
334.6933123
347.0264307
286.5900434
297.9876983
249.5837433
257.1274761
225.0806563
230.5421008
206.4487928
210.6940467
191.5872025
195.0226729
179.3459249
182.204811
169.0289833
171.4563324
160.1685055
162.2673149
152.4320846
154.2756069
145.5804561
147.2209636
139.4411029
140.9171009
133.883218
135.2239768
128.8125325
130.0380825
124.1631899
125.2882052
119.8772117
120.9144014
115.9084941
116.8643215
112.2223004
113.0947027
108.7971268
109.5593613
105.648656
106.2018757
786.2535714
753.7546941
627.9649887
611.0651665
673.5008234
1520.117813
1110.232578
577.0339828
585.7367841
660.7737495
9674.530722
9685.072071
16181.81443
9674.530722
16181.81443
26671.24671
)
;
    }
}


// ************************************************************************* //
