/*--------------------------------*- C++ -*----------------------------------*\
| =========                 |                                                 |
| \\      /  F ield         | OpenFOAM: The Open Source CFD Toolbox           |
|  \\    /   O peration     | Version:  v2012                                 |
|   \\  /    A nd           | Website:  www.openfoam.com                      |
|    \\/     M anipulation  |                                                 |
\*---------------------------------------------------------------------------*/
FoamFile
{
    version     2.0;
    format      ascii;
    class       surfaceScalarField;
    location    "0.43";
    object      meshPhi;
}
// * * * * * * * * * * * * * * * * * * * * * * * * * * * * * * * * * * * * * //

dimensions      [0 3 -1 0 0 0 0];
oriented        oriented;


internalField   nonuniform List<scalar> 
5999
(
0
0
0
0
0
0
0
0
0
0
0
0
0
0
0
0
0
0
0
0
0
0
0
0
0
0
0
0
0
0
0
0
0
0
0
0
0
0
0
0
0
0
0
0
0
0
0
0
0
0
0
0
0
0
0
0
0
0
0
0
0
0
0
0
0
0
0
0
0
0
0
1.716801708e-09
-6.064920657e-08
0
0
0
0
0
0
0
0
0
0
0
0
0
0
0
0
0
0
0
0
0
0
0
0
0
0
0
0
0
-8.207112686e-09
9.499384159e-07
7.35179293e-07
-6.035414414e-06
-2.821976119e-06
5.407241466e-05
6.47023263e-06
-7.655843487e-05
-3.750743663e-06
0.0001415132192
6.580075721e-06
-0.0001580866776
0
0
0
0
0
0
0
0
0
0
0
0
0
0
0
0
0
0
0
0
0
0
0
0
0
-3.938981337e-07
1.931360984e-06
1.962068658e-06
-1.393044825e-05
-1.328756747e-05
0.0001236678451
2.037442082e-05
-0.0001772568266
-2.470772109e-05
0.0003545964113
3.252438958e-05
-0.0004116026439
-1.882231847e-05
0.0005512313004
2.37644328e-05
-0.0005832315364
0
0
0
0
0
0
0
0
0
0
0
0
0
0
0
0
0
0
0
0
0
0
0
1.297478341e-07
-6.886690907e-07
-1.496909211e-05
8.556543431e-05
2.052523853e-05
-0.0001476201813
-4.657605004e-05
0.0003954363792
5.599999107e-05
-0.0004873672081
-5.771183276e-05
0.0007484971627
6.577600968e-05
-0.0008226749734
-3.874455832e-05
0.0009874774168
4.316452386e-05
-0.001021844241
0
0
0
0
0
0
0
0
0
0
0
0
0
0
0
0
0
0
0
0
0
-3.898948414e-06
9.401242264e-06
6.254511703e-06
-4.081626396e-05
-4.469957265e-05
0.000249804637
5.223142354e-05
-0.0003476471918
-7.616384145e-05
0.0006829343956
8.886493513e-05
-0.0007948481895
-8.426495378e-05
0.001056186484
8.27677269e-05
-0.001113136169
-5.193021222e-05
0.001221843302
5.181929079e-05
-0.001235992607
0
0
0
0
0
0
0
0
0
0
0
0
0
0
0
0
0
0
1.138739458e-07
-6.520017205e-09
-2.439267476e-07
-1.394276423e-05
4.47035418e-05
1.672160709e-05
-0.0001009052712
-6.975511717e-05
0.000374285887
7.529768787e-05
-0.0004929407694
-0.0001134696131
0.0008449558725
0.0001173473913
-0.0009476546843
-9.087719687e-05
0.001171951479
0.0001011423625
-0.001216088466
-3.624959998e-05
0.001254708097
-1.006210163e-05
2.017656226e-05
-0.0006087403683
-0.0006198325896
0
0
0
0
0
0
0
0
0
0
0
0
0
0
0
0
-4.798127615e-07
0
1.038264145e-06
-2.157181279e-06
-3.243076406e-06
-2.242974415e-05
7.037699467e-05
2.311748163e-05
-0.000137756213
-8.661613523e-05
0.0004371792835
8.809089803e-05
-0.0005556338832
-0.0001267507208
0.0008984885705
0.0001287862846
-0.0009935525918
-0.0001080142867
0.001167969505
0.0001095859331
-0.001180584537
-2.852932916e-05
0.0005999488321
2.762099782e-05
-0.0005990405007
0
0
0
0
0
0
0
0
0
0
0
0
0
0
0
0
-1.358984655e-06
0
1.718130901e-06
-5.560218872e-06
-6.171233899e-06
-2.664647338e-05
8.308328558e-05
2.738201205e-05
-0.0001531285349
-9.310413494e-05
0.0004510854722
9.411865999e-05
-0.0005657383659
-0.0001322987026
0.0008896188403
0.0001329511982
-0.0009757942313
-0.0001110336938
0.00111957781
0.0001111213707
-0.001124262354
-3.091750532e-05
0.0005639548639
3.09126836e-05
-0.0005639500422
0
0
0
0
0
0
0
0
0
0
0
0
0
0
0
0
-2.06160163e-06
0
2.532336416e-06
-7.937173525e-06
-8.705862672e-06
-2.920855615e-05
8.872853686e-05
2.994264019e-05
-0.0001585067983
-9.652408997e-05
0.0004484256827
9.74827753e-05
-0.0005583471554
-0.0001344090982
0.0008645724471
0.0001349831696
-0.0009445160917
-0.0001111935324
0.001072075011
0.0001111600579
-0.0010744799
-3.091301576e-05
0.0005383582715
3.073000148e-05
-0.000269340148
-0.0002688351093
0
0
0
0
0
0
0
0
0
0
0
0
0
0
0
0
-3.046411066e-06
0
3.63405803e-06
-1.114487594e-05
-1.202415562e-05
-3.222802967e-05
9.558779608e-05
3.302897917e-05
-0.0001653238666
-0.0001004192014
0.0004478610826
0.0001014250169
-0.000553243573
-0.0001367116959
0.0008422806501
0.0001372998966
-0.0009160576127
-0.0001112233699
0.001027406681
0.0001112331744
-0.0010282722
-3.07394653e-05
0.0005154459628
3.067955927e-05
-0.0002580344562
-0.0002573516006
0
0
0
0
0
0
0
0
0
-4.335288088e-06
0
-1.512842994e-05
-1.537473971e-05
-3.563213113e-05
0.0001030548999
3.66448365e-05
-0.0001726091956
-0.0001046411731
0.0004471616317
0.0001058623324
-0.0005477811884
-0.000139150824
0.0008189152441
0.0001398430629
-0.0008863614606
-0.0001112864374
0.0009811865845
0.0001112296494
-0.0009811984891
-3.047772859e-05
0.0004920008348
3.046512824e-05
-0.0002462680664
-0.000245720168
0.0005677626006
-0.0005677848267
-3.089527917e-05
0.0005413067726
-3.104745958e-05
-0.0002711024523
-0.0002700698765
0.0005183234965
-3.082248497e-05
-0.0002595463588
-0.000258694118
0.0004947877763
-3.058228907e-05
-0.0002477296352
-0.0002469535806
0.0006029098899
-0.0006027067156
-2.873250348e-05
0.001083371201
-0.001086280608
-0.0001112059446
3.417475068e-05
-3.420767683e-05
0.0005413396988
-3.420188548e-05
0.0005639068554
3.424989396e-05
0.001038871523
-0.001040053298
-0.0001112145562
3.405232655e-05
-3.408545945e-05
0.0005183566294
0.0005383925087
3.414051351e-05
3.075390633e-05
0.0005302513601
-3.078919291e-05
-0.0002654257263
-0.0002647903473
1.008845903e-05
-0.0001323270996
-1.005691886e-05
0.0002647965324
-0.0001325009729
-1.01149349e-05
-0.0001345539523
0.000269228896
1.00079914e-05
-0.0001345680002
0.0009926021768
-0.0009927759362
-0.0001113273162
3.387246042e-05
-3.39066703e-05
0.0004948219862
0.0005154568143
3.404147504e-05
3.078561831e-05
0.0005066920048
-3.070359595e-05
-0.00025378793
-0.0002529860972
4.978771127e-06
-0.0001263546642
-5.016338921e-06
0.000126392232
-9.901808775e-06
-0.0001290666221
0.0002580204419
9.918274176e-06
-0.0001289702852
0.0004920334772
3.383981808e-05
1.56282586e-05
0.0002413830318
-0.0002414022973
-1.560899311e-05
5.67949705e-06
-0.0001208703376
-5.52571678e-06
0.0001207165573
-5.35081385e-06
-0.0001229584013
0.0001230366123
5.272602868e-06
-9.277154061e-06
0.0002895707694
9.051360442e-06
-0.0001445943024
-0.0001447506734
9.513919719e-06
0.0002832930783
-9.466113316e-06
-0.000141971271
-0.0001413696137
0.0003024295682
-3.568496723e-06
2.9837986e-06
-0.00030184487
0.0002911320842
-0.0002913587409
-9.05049744e-06
-0.0001346812373
-1.024585762e-05
0.0002699580804
-0.0001351459204
-0.0002755314307
-1.012721641e-05
0.0002755595523
1.009909485e-05
-3.096896038e-05
0.0005507433461
3.093707081e-05
-0.0005507114565
-9.34960351e-06
9.160750585e-06
-0.0001377947963
-0.0001375477814
4.814065455e-06
-0.0001346788768
-4.816425932e-06
0.0002821810652
9.381735342e-06
-0.0001410912258
-0.000140957655
0.0002765415783
-9.309215874e-06
-0.0001384691569
-0.000138112809
-0.000129179989
-1.001385251e-05
0.0002586022303
-0.0001293101976
-0.000132276511
0.000264275638
1.019815389e-05
-0.0001321088218
0.000527517558
3.086787025e-05
-0.000264231508
-0.000263400014
-4.944519456e-06
4.976096418e-06
-0.000132308088
4.61091476e-06
-0.0001291427611
-4.648142657e-06
4.782220836e-06
-0.0001345221077
-0.0001324111493
-4.86046976e-06
-0.0001231506469
-5.400757463e-06
0.0001232005905
-0.0001261482682
0.0001261640539
4.962985467e-06
0.0005033940125
3.060946711e-05
-0.0002520899799
-0.0002511278814
-4.888460954e-06
4.79083965e-06
-0.0001260506469
5.44085308e-06
-0.0001230375884
-5.553911612e-06
4.604488781e-06
-0.0001290601961
-0.0001263040322
-4.93909299e-06
-0.0001203758427
0.0001204335949
5.621744831e-06
-0.0002405814131
-5.745232628e-06
5.640889825e-06
-0.0001202714999
5.299783896e-06
-0.0001228173321
-0.0001209752585
-5.640311725e-06
0.001131674774
-0.001137482548
-0.0001107109757
-3.415419554e-05
0.0005677149107
-3.202749208e-05
0.0005990871904
3.288913375e-05
3.023670614e-05
0.0005833858985
-0.0005833485986
-3.027400595e-05
9.978387948e-06
-9.936003086e-06
0.0002910896994
-8.298993711e-06
0.0003032760622
7.452499675e-06
0.0005539818934
-0.0005540259228
-3.092493098e-05
-1.01331563e-05
0.0002765475182
-1.013980255e-05
0.0002821807961
1.014007162e-05
-1.013274278e-05
0.0002832860185
0.0002895836045
9.965552917e-06
0.0005768470856
3.061132347e-05
-0.000577221703
-2.394141248e-06
0.0001429411013
2.696786803e-06
-0.0001432437468
0.0001563995787
3.023731268e-06
-8.717218904e-07
-0.0001585515881
0.0001493293898
1.170549586e-06
-0.0001495484996
-9.51439721e-07
0.0006374036192
-2.040991246e-06
-8.643459778e-06
6.475755786e-07
-0.0003116525298
-0.000315714214
0.0003005778114
-0.0003067831657
2.636857518e-06
-0.0001217086167
-4.648742588e-06
0.0001217830549
4.574304391e-06
-1.227045811e-05
0.0002433150893
1.224245391e-05
-0.0002432870851
1.223488948e-05
0.0002413480554
-0.0002413671703
-1.221577463e-05
0.0001487653102
-1.057043693e-06
3.923329472e-05
-0.0001869415613
0.000142525419
-2.485379186e-06
-0.0001424341811
9.144997537e-06
0.0002870242836
-9.258179765e-06
-0.0001433372018
-0.0001435738995
3.092321588e-06
-3.353619724e-06
0.0001427867172
-3.119323079e-06
0.0001473150964
4.569536949e-06
4.737532759e-06
-1.323585213e-05
0.0001417615496
-0.0001332632302
0.0001431229967
2.910426218e-06
0.0002865235841
9.456796724e-06
-0.0001436799807
-0.0001431554025
8.3368795e-06
0.0002999039074
-0.0003001221601
-8.11862676e-06
2.521285932e-06
-2.689215207e-06
0.0001494973191
6.087372975e-06
0.0001515952688
-1.283063086e-06
-0.0001473547539
-2.580278532e-06
0.0001468157093
-0.000148900806
0.0001489291301
2.492961798e-06
0.0002967022733
8.543887106e-06
-0.0002969092809
2.106500753e-06
-0.0001498367572
-0.0001471186449
-1.293152663e-06
4.851545608e-06
0.0001365562848
-0.0001365960581
-4.811772227e-06
-2.888989769e-06
0.0001375134592
2.88358253e-06
-0.000137508052
0.0001364293234
4.855643057e-06
-0.0001364334209
9.447915015e-06
0.0002800439362
-9.330761871e-06
-0.0001401512247
-0.0001400098646
3.076648513e-06
-3.052230511e-06
0.0001396632515
-0.0001396876695
0.0001408265029
3.381590304e-06
-0.0001394705604
-2.944175912e-06
0.0001377986283
-0.0001377434421
0.0001393541321
3.046934942e-06
-0.0001393244185
0.000278946777
9.410483129e-06
-0.0001396525135
-0.0001392568316
4.830869124e-06
0.0001307294135
-0.0001306989495
-4.861333101e-06
0.0001306314906
4.81358288e-06
-0.0001306142044
4.695228094e-06
0.0001336725908
-0.0001336422362
-4.725582662e-06
0.0001335135439
4.691185268e-06
-0.0001335095011
4.438559834e-06
0.0001250536823
-0.0001250626793
-4.42956276e-06
0.0001249632225
4.585346781e-06
-0.0001251100095
5.259937615e-06
0.000127970182
-0.0001280539271
-5.17619252e-06
0.0001277173051
5.2668747e-06
-0.0001277242422
0.000240569557
-0.0002405641389
4.349730573e-06
0.0001219286015
-0.0001217876833
-4.490648741e-06
4.212422805e-06
-0.000121571309
1.264464199e-05
0.0003175717456
-1.028902466e-05
0.000159116278
-0.0001592084559
3.115909099e-06
-5.180912906e-06
0.0001277131161
5.185101941e-06
-1.245376948e-05
0.0002552443421
1.242734024e-05
-0.0002552179129
1.24156795e-05
0.0002530016142
-0.000252997704
-1.24195897e-05
-1.246472796e-05
0.0002580294497
1.246204134e-05
-0.0002580267631
0.0002559544059
-0.0002559515775
-1.245659782e-05
-5.113338066e-06
0.0001279026072
-1.234318938e-05
0.0002462598196
1.23140488e-05
-0.000246230679
0.0002442929274
-0.000244285563
-1.227782252e-05
-4.72620665e-06
0.0001220060656
-1.003703844e-05
-0.0001305350436
0.00026115845
1.00451226e-05
-1.250041381e-05
0.000261172649
1.249787289e-05
-0.0002611701081
0.0002586638774
-0.0002586371808
-1.249142453e-05
3.739814916e-06
-0.0001288719209
-3.831005244e-06
0.0001289631112
-0.0001295401983
-4.194190592e-06
0.0001296769701
4.057418815e-06
-4.731731963e-06
0.0001298462134
4.694783664e-06
-0.0001298092651
-4.776910958e-06
0.0001248818288
4.858304635e-06
-1.239947197e-05
0.0002493050418
1.241704337e-05
-0.0002493226132
0.0002468993468
-0.0002468941407
-1.23483954e-05
0.0002520831124
1.241169811e-05
-0.0002520791311
0.0002500547291
-0.0002500738721
-1.238032901e-05
-4.721242028e-06
0.0001249980133
4.613370708e-06
0.0001252028638
-0.0001251510534
-4.665181075e-06
3.885816429e-06
-0.0001247633557
-4.018080359e-06
0.0001248956196
-4.304224749e-06
-0.000125768333
0.0001258483661
4.224191647e-06
3.859188222e-06
-3.89922543e-06
0.0001227911844
-0.0001227511472
-1.277254628e-05
0.0001242944251
5.168994569e-06
-0.0001166908734
-5.519412878e-06
0.000124044469
5.636497513e-06
-0.0001241615536
4.664401179e-06
0.0001286612457
-0.0001287163735
-4.609273376e-06
3.39016615e-06
-0.0001290142787
-3.36651664e-06
0.0001289906291
-0.0001287939435
0.0001289349112
3.598847233e-06
-0.0001259744732
-4.408056043e-06
0.0001260783045
-0.0001265222303
-4.698285227e-06
0.0001266276135
4.592902071e-06
-5.137627751e-06
0.0001269282252
5.06375338e-06
-0.0001268543509
4.917152312e-06
0.0001226097189
-0.0001224897657
-5.037105534e-06
3.602280792e-06
-3.636630433e-06
0.0001221587181
-0.0001221243685
0.0001225042125
3.706149369e-06
-0.0001223511737
-9.331444842e-07
0.0001223940957
-1.071390015e-05
-0.000110747051
-4.177800031e-06
0.0001215110366
4.601511633e-06
-0.0001219347482
-4.067857681e-08
0.0001421756195
-2.151736506e-06
-0.0001399832044
0.0001438997787
-1.337427192e-05
-0.0001305661853
1.601185102e-06
0.0001544096631
-0.0001548265443
-1.184303935e-06
0.0001546800929
8.28201467e-07
-0.0001539071093
3.176865226e-06
0.0001433118069
-4.793375731e-06
-0.0001416952964
0.0001428107688
3.012240445e-06
-0.000142646144
-4.401390486e-06
0.0001432502008
3.961958474e-06
-4.537400714e-06
0.0001440583052
4.375386795e-06
-0.0001438962913
3.896615724e-06
0.0001434953686
-0.0001433277014
-4.064282896e-06
-3.449135498e-06
0.0001449077546
4.14819392e-06
-0.000145606813
0.0001445230846
-0.0001444551372
-4.605348179e-06
-4.984901439e-06
0.0001438953178
-1.923102404e-06
0.0001439531752
1.869705894e-06
-3.831343789e-06
0.0001426662686
4.12719176e-06
-0.0001429621166
4.91979457e-06
0.0001414995192
-0.0001416453616
-4.773952167e-06
0.0001436585952
3.813289714e-06
-0.0001435752692
0.0001423633176
-0.0001424806028
-3.714058544e-06
-2.297899597e-06
0.0001425504167
-0.0001458734365
-4.189640081e-06
0.0001466527027
3.410373948e-06
-3.851482033e-06
0.0001470795428
3.884239555e-06
-0.0001471123004
0.0001456034644
-0.0001455553661
-3.497233801e-06
4.668855358e-06
0.0001465627154
-0.0001457800085
-5.451562342e-06
3.308853759e-06
-0.0001445134349
-2.431259499e-06
0.0001378978742
8.003720434e-07
-0.0001362669867
-3.479659525e-06
0.000137859738
3.612171657e-06
-0.0001379922502
4.87525987e-06
0.0001370500549
-0.0001374270189
-4.498295918e-06
-3.646864014e-06
0.0001377487283
3.543754662e-06
-0.0001376456189
0.0001376560639
-0.0001376849855
-3.450737906e-06
-2.571658309e-06
0.0001373978757
-0.0001372574769
-4.83309612e-06
0.0001355754012
4.775237428e-06
-0.0001355175426
4.5507227e-06
0.000134540518
-0.0001344817251
-4.609515603e-06
0.0001366957141
5.004151327e-06
-0.0001368246056
0.0001357950216
-0.0001357119353
-4.916182423e-06
-3.173777982e-06
0.0001398906507
3.145000619e-06
-0.0001398618734
-4.596498802e-06
0.0001401949535
4.51139206e-06
-0.0001401098468
4.234604057e-06
0.0001399576482
-0.0001398754529
-4.316799338e-06
0.0001410617548
4.918547301e-06
-0.0001410605075
0.0001406141652
-0.0001405030383
-4.707625679e-06
-3.231705745e-06
0.0001401743574
-0.0001401164297
-2.82898193e-06
0.0001385423139
2.847123707e-06
-0.0001385604556
-3.911923113e-06
0.0001387842412
3.83155835e-06
-0.0001387038764
0.0001380315551
-0.00013797914
-3.699279126e-06
0.0001395938277
4.127562634e-06
-0.0001394867863
0.0001386322417
-0.0001385774579
-3.966706856e-06
-2.964228775e-06
0.0001383905702
-0.0001382553234
-4.626231773e-06
0.0001309827584
4.545369268e-06
-0.0001309018959
4.281476871e-06
0.0001304254879
-0.0001303453681
-4.361596669e-06
-5.065734705e-06
0.000132634057
5.091976216e-06
-0.0001326602985
0.0001312993978
-0.0001311879739
-4.737655707e-06
-3.917365509e-06
3.83968886e-06
-0.0001294625216
3.52796748e-06
-0.0001287652877
-3.634600727e-06
0.0001303395794
4.177182333e-06
-0.0001302352848
0.0001298191775
-0.0001297415139
-3.99502914e-06
-4.148371874e-06
0.0001340200282
4.009532746e-06
-0.0001338811891
3.691824236e-06
0.0001334719246
-0.0001333573942
-3.806354691e-06
0.0001343550935
4.463634608e-06
-0.0001342680054
0.00013417839
-0.0001340646998
-4.262062063e-06
-3.202654256e-06
0.0001332267806
3.226830784e-06
-0.0001332509572
0.0001332420573
-0.0001337614495
-4.546342475e-06
0.0001333170555
3.576753854e-06
-0.0001332019851
0.0001330495775
-0.0001329354972
-3.316734639e-06
-0.0001246520909
3.170781974e-06
-3.45389736e-06
0.0001249352062
-0.000124764558
0.0001248994415
3.750932866e-06
0.0001252545485
4.515820993e-06
-0.0001251569988
-3.270657808e-06
3.281737225e-06
-0.0001247756374
2.95414372e-06
-3.121726774e-06
-0.0001244845078
-3.512064491e-06
3.504308036e-06
-0.0001257605765
-3.446303372e-06
-0.0001245877101
0.0001249128874
1.072737286e-06
-0.000123031481
0.0001243261182
-0.0001246201539
-5.225377156e-06
-3.510036087e-05
0.0001256132105
-0.0001032853959
0.0001252252651
2.8584043e-06
-0.0001283480138
5.2281756e-06
-5.201489399e-06
0.0001283213276
-0.0001298036795
0.0001293445981
3.849247566e-06
0.0001285267503
4.81167245e-06
-0.0001286740216
-2.723237034e-06
2.728735508e-06
-0.000129809178
5.050755892e-06
-1.278715378e-05
-0.0001206116159
3.415581071e-06
-0.0001286815571
-0.000128705617
-3.03189865e-06
-3.638201498e-06
3.606014594e-06
-0.0001264900434
-3.543254595e-06
-0.0001259432831
0.0001275269615
3.84344032e-06
-0.000126319646
0.000126706433
-3.671877774e-06
-0.0001266727567
0.000127089259
-0.000127016854
-5.210032733e-06
-4.806130962e-06
0.0001268142787
0.0001276840497
5.071087477e-06
3.396243598e-06
-3.431587475e-06
0.0001215011289
-0.000121465785
0.0001219999864
3.545886582e-06
-0.0001219435922
0.000122427124
4.774546755e-06
-0.0001222845184
0.0001211428025
-0.0001212527861
-4.067816422e-06
-2.939899991e-06
0.0001207841908
-0.0001187774353
0.0001212558206
3.402796124e-06
-0.0001212623731
-1.003825644e-05
-0.0001333100725
0.0002668285554
1.003331748e-05
-1.251837347e-05
0.0002668360475
1.251590204e-05
-0.0002668335761
1.251173332e-05
0.0002647871378
-0.0002647857485
-1.251312265e-05
0.0002692855102
-1.255098546e-05
1.254959799e-05
-0.0002692841227
0.0002675669336
-0.0002675407176
-1.254458948e-05
-0.0001338555665
-1.004485733e-05
0.0002675347581
0.0002642501962
1.251034442e-05
-0.0002642488073
0.0002616877515
-0.0002616840572
-1.250410803e-05
-0.0001308301338
-1.01255359e-05
0.0002616480447
4.977300703e-06
0.0001315338274
-0.0001315350446
-4.976083543e-06
5.059462847e-06
-5.173546503e-06
0.0001314134814
-5.205043763e-06
0.0001325133785
5.325722243e-06
-4.81088816e-06
0.0001328479017
-3.691883397e-06
0.0001330765429
3.842121164e-06
-4.690369989e-06
0.0001328242972
4.731675503e-06
-0.0001328656027
0.0001424469132
2.710530866e-06
-0.0001424606573
1.371940894e-05
0.0001469931812
-0.0001214792954
1.517750118e-05
-0.0002021190624
0.00014211746
-2.816799512e-06
-0.0001417860397
0.0001424340081
-3.670167767e-06
3.720501994e-06
-4.051421505e-06
0.0001427649276
3.418934531e-06
0.0001430882846
0.0001434347855
-3.8666999e-05
-0.0001180036386
4.768729724e-06
-4.247997062e-06
0.0001429140528
4.74211606e-06
0.0001417881633
3.173913655e-06
0.0001433680175
-0.0001426588261
2.959529924e-06
0.0001428732098
2.698513367e-06
-3.634693777e-06
0.0001488545861
3.880513865e-06
-0.0001491004062
0.0001478368895
-0.000147791646
-3.896725495e-06
-4.694810866e-06
0.0001470678862
-0.0001518983633
4.514018796e-06
0.0001494908452
-2.742618787e-07
3.978861184e-05
-0.0001914127132
-0.0001488992502
-1.211768848e-06
8.246400493e-07
-0.0001327657838
0.0001448170045
-1.917067988e-06
-0.0001420752965
-2.283110957e-06
0.0001458069628
0.0001735682063
1.185750271e-05
-0.000185425709
3.746323277e-05
-2.517004555e-06
0.0001386219781
1.287794567e-05
0.0001378798603
-0.0001132945732
3.114946859e-06
-3.190404673e-06
0.000137588917
-0.0001372308192
3.034149235e-06
0.0001373116168
2.799327563e-06
-0.0001371465642
3.357303153e-06
-3.360771516e-06
0.0001348708962
-0.0001348674278
3.381415428e-06
0.0001344588066
-0.0001344829189
4.706795543e-06
0.0001368847382
-0.0001287135881
3.516593829e-06
0.0001362128557
-0.000135022654
0.0001397587464
-2.983175679e-06
-0.0001398278013
3.834752878e-06
-3.914538662e-06
0.0001398385322
3.733863033e-06
0.0001397641413
4.580795005e-06
0.0001409878239
-0.0001404994182
4.373508435e-06
0.0001407067048
3.166528435e-06
-0.0001402843563
0.0001382120944
-2.972294866e-06
-0.0001381839755
3.263606007e-06
-3.336026257e-06
0.0001382845147
0.0001378718296
3.685364085e-06
0.000139402631
-0.0001389409211
3.611713427e-06
0.0001390145717
3.044096533e-06
-0.0001389380827
4.625617548e-06
-4.740667301e-06
0.0001305405377
0.0001310968394
4.945381779e-06
0.0001312970553
4.908429676e-06
-0.0001312281842
0.000130098688
-0.0001300642131
-4.766206875e-06
-4.306998364e-06
0.0001299319853
0.0001304302751
4.534921821e-06
3.93434647e-06
-4.043833789e-06
0.0001335814119
-4.322904585e-06
0.0001341046593
4.23827347e-06
-4.742735453e-06
0.0001342223506
4.736262536e-06
-0.0001342158777
3.085660365e-06
-3.116475454e-06
0.0001334361569
-0.0001334053418
3.029301907e-06
0.0001332777737
-0.0001332214152
3.171115564e-06
0.0001341639828
-0.000133953683
3.214614437e-06
0.000134204294
-0.0001342477929
1.171758658e-05
0.0001685939275
-0.0001803115141
3.021882663e-06
0.000133071005
-0.0001330635858
0.0001329164978
2.961702529e-06
-0.0001328563176
0.0001329766155
-0.0001330056107
-4.661374784e-06
-3.694550342e-06
0.0001330522445
0.0001334010599
3.850342054e-06
0.0001251060607
-0.0001250030543
-4.121086702e-06
4.261001779e-06
0.0001252458209
-4.400762043e-06
4.118381778e-06
0.0001250382396
0.0001230898814
-4.009147312e-06
-0.0001229799595
5.093188577e-06
-5.273171864e-06
0.0001232698647
4.972774475e-06
0.0001229115985
5.460114117e-06
-5.463899126e-06
0.0001242982101
-0.0001235176369
0.0001237045792
-0.0001223577897
4.032392328e-06
-5.23848598e-06
0.0001200561619
-0.0001188500683
0.000119586644
-0.0001194739384
0.000122318108
-3.670995751e-06
-0.0001222837427
4.536864155e-06
-4.695798159e-06
0.000122477042
4.401295743e-06
0.0001222942865
4.833030287e-06
0.0001226439567
-0.0001224328931
0.0001225701252
-0.0001223977395
1.26101169e-05
-3.43193627e-05
0.0001223677664
-0.0001006585206
0.0001209447516
-0.0001135731207
2.683677375e-06
-2.731413732e-06
0.000122441832
-0.0001548035776
0.0001231678923
-0.0001655174778
0.0001417236665
-0.0001411648722
0.0001815943922
-0.0001949686641
-1.655428852e-06
0.0001560878773
2.593985157e-06
-2.756796061e-06
0.0001538461117
1.323731873e-05
-3.919603842e-05
0.0001522421769
7.73975447e-07
0.0001483258798
-0.0001358625366
-3.17612038e-06
0.0001527167091
-0.0001976783823
0.0001553062235
0.0001446119849
-0.0001356859517
0.000142303589
-0.000142108148
3.234085002e-06
-2.708539588e-06
0.0001434276298
-0.0001447970991
0.000143783187
0.0001421242803
2.750363808e-06
0.0001423334464
0.0001425922409
-1.415735563e-05
4.587012493e-06
-0.0001362096653
0.0001492307861
-0.0001235995299
0.0001482932426
-1.675493871e-05
-0.0001313703361
-0.0002081676519
-0.0001445643478
0.0001455900906
-2.404864838e-06
-0.0001440765509
-0.0001423312873
2.502907569e-06
-2.680828787e-06
0.0001380757954
-0.0001385839381
0.0001385698411
-0.0001259260634
0.0001371065515
-0.0001368788822
2.859792584e-06
0.0001372809081
0.0001375768395
3.365730137e-06
-3.37220388e-06
0.0001354158389
-0.0001354093651
0.000135205839
-0.0001352008804
3.409446523e-06
0.0001358316213
-0.000135724474
0.0001356294371
-0.0001355921944
3.993775689e-06
-4.07189231e-06
0.0001399687674
-0.0001397068175
0.0001397860545
-0.0001395449925
0.0001404860097
-0.000140551187
4.257723753e-06
0.0001406017944
0.0001403601889
3.358497943e-06
-3.409807973e-06
0.0001385936239
-0.0001385710935
0.0001385935652
-0.0001386962646
0.0001385515693
-0.0001384717015
3.512082102e-06
0.0001386512006
0.0001384928443
-0.0001306429181
4.49055173e-06
0.0001306977357
-3.516405411e-06
3.486066748e-06
-0.0001306125795
-3.572941338e-06
-0.0001308453599
-3.429239935e-06
3.373373651e-06
-0.0001302895019
0.0001304073884
-0.0001303505616
0.0001305363435
-0.0001318884369
4.886069798e-06
0.0001320943433
-4.930562772e-06
3.668041473e-06
-0.0001306259156
-1.289479388e-05
-0.0001246960674
-3.635338628e-06
-0.0001311255766
0.0001315612206
-0.0001315285177
0.0001317096347
-0.0001291831115
3.737743033e-06
0.0001292850573
-3.292058109e-06
3.286293548e-06
-0.0001291773469
-3.298307938e-06
-0.0001294562718
-3.207504213e-06
3.125620513e-06
-0.000128683404
0.0001289023778
-0.0001288235885
0.0001290055202
-0.0001301502065
4.09719124e-06
0.0001302301976
-3.342028871e-06
3.358031977e-06
-0.0001301662096
-0.0001302039401
-3.352583204e-06
-0.0001296872386
0.0001299954676
-0.0001299900189
0.0001300976297
3.122097134e-06
0.0001338275354
-3.178037709e-06
-0.0001337715949
0.000133619626
-0.0001336140043
-0.0001337229842
3.895635044e-06
0.0001338368819
-3.779346557e-06
3.675988322e-06
-3.833000209e-06
-3.572265324e-06
3.492644843e-06
0.0001335398799
0.0001336291603
3.184340716e-06
0.0001341456769
-0.0001341154032
0.0001339610634
-0.0001339547604
7.82868547e-07
0.0001329413536
-2.674138329e-06
-0.0001310500839
0.0001339993839
-0.0001214989288
-0.0001340182079
3.711205191e-06
0.0001335338335
-2.556095346e-06
2.537271318e-06
-2.865698883e-06
-3.6651577e-05
-0.0001100046664
0.0001344796218
0.0001336444846
-0.0001330033277
3.460105849e-06
0.0001331199757
-3.36166474e-06
3.274834849e-06
-3.098267862e-06
-0.0001327029282
0.0001328967984
-0.0001327202314
0.0001330401696
2.863572449e-06
-0.0001326221013
-0.0001325134941
0.000124851597
-3.610442402e-06
-0.0001246950519
3.679145866e-06
-3.827212442e-06
0.0001249996635
3.559864617e-06
0.0001250544875
3.973714439e-06
0.0001250441089
-0.0001249117527
0.0001250582547
-0.0001247712623
3.243355281e-06
-0.0001247328803
-0.0001245734234
3.544072391e-06
0.0001254446404
-0.0001254844048
-0.0001249052853
-1.079610219e-05
0.00012601467
-0.0001141458305
0.0001587151969
-0.0001695112991
0.0001264513641
-2.836528037e-06
4.928377743e-06
-4.029878307e-06
0.0001255528646
0.0001250776891
3.55413565e-06
0.0001252309941
-0.0001260365463
0.0001255608036
-0.0001634007048
3.584312464e-05
0.0001302863157
1.118141948e-05
-0.0001745821243
-9.532104233e-07
-0.0001176745481
0.0001295216196
-0.0001064656488
-0.0001285835045
3.287902061e-06
0.0001287111835
-3.113028925e-06
3.015718072e-06
-0.0001284861937
-0.0001286689655
-2.850600076e-06
-0.0001268082274
0.0001284688053
-0.0001283036873
0.0001287248087
3.574511984e-06
0.0001263629164
-0.0001263314138
0.0001261807152
-0.0001261494578
3.758856572e-06
0.0001271464395
-0.0001270618557
0.0001269187764
-0.0001268317976
0.0001216359091
-3.48906603e-06
-0.0001215784305
3.995309092e-06
-4.131063857e-06
0.0001217716638
3.880949647e-06
0.0001216154884
4.266203596e-06
0.0001221350786
-0.0001218178319
0.0001219529717
-0.0001217610114
0.0001204297313
-3.373521012e-06
-0.0001199961103
3.140188788e-06
-3.535352328e-06
0.0001208248949
0.0001211929659
3.715988241e-06
0.000121420782
-0.0001209060525
0.0001210866884
-0.0001208767774
0
0
0
0
0
0
0
0
0
0
0
0
0
0
0
0
0
0
0
-7.853330719e-08
0
-1.825660115e-05
1.892672124e-06
-2.283563798e-07
8.334580694e-06
0
0
0
-3.120853715e-05
-6.479307443e-07
-7.436822486e-05
4.156909957e-06
-1.745693093e-06
6.053129783e-05
0
0
0
-8.619655954e-05
-1.682878316e-06
0
0
0
0
0
0
0
0
0
-2.686356506e-06
0
-7.298145841e-05
9.112572103e-06
-4.380537167e-06
3.901178064e-05
0
1.09594393e-07
-0.0001145567718
-7.492819155e-06
-0.0002620386802
2.335177754e-05
-1.613172787e-05
0.0002113344541
3.366810818e-05
5.202027304e-06
-0.0003114913802
-1.760110003e-05
-0.0004356448851
2.21516812e-05
-1.664401216e-05
0.0003997111347
0.0001216362958
7.510095117e-06
-0.0004646225457
-1.42321548e-05
0
0
0
-5.451660221e-05
7.855464032e-06
-4.165584702e-06
1.946034647e-05
0
3.051950863e-07
-0.0001050739604
-9.518293556e-06
-0.0003224328098
3.961582926e-05
-3.082111798e-05
0.0002420438685
7.694703313e-05
1.528044508e-05
-0.0004066058287
-3.73106115e-05
-0.0006531786721
5.801690119e-05
-4.903890586e-05
0.000574581798
0.000295099298
3.141840466e-05
-0.0007253954911
-4.928291736e-05
-0.0008903647191
4.605327852e-05
-4.021764558e-05
0.000844856418
0.0005112992535
2.80365765e-05
-0.0009258523999
-3.39021482e-05
3.444879745e-06
-2.601385266e-05
-2.001258689e-06
-0.0002098074371
3.239218221e-05
-2.55329478e-05
0.0001315135003
4.195063073e-05
1.176302226e-05
-0.0003013972616
-3.621598744e-05
-0.0006252525237
6.973400343e-05
-5.715249699e-05
0.0005159437942
0.0003059396549
4.869970568e-05
-0.0007301277485
-7.101985445e-05
-0.0009905393088
8.672277671e-05
-8.25624144e-05
0.0009108992731
0.0006665079783
6.678257749e-05
-0.001056534273
-7.999750448e-05
-0.001188776343
6.235651405e-05
-5.997574532e-05
0.001156552807
0.000942787215
5.142834815e-05
-0.001211126636
-4.994428485e-05
3.445196475e-05
-8.501516464e-05
-1.094937654e-05
-0.0003501060386
5.475077504e-05
-5.068050426e-05
0.0002477336801
0.0001637702789
3.891865102e-05
-0.0004657905336
-6.534200268e-05
-0.0008135666517
0.0001067009884
-0.0001012612573
0.0007007009615
0.0005658500028
8.476318193e-05
-0.0009183260558
-0.0001078503238
-0.001166102909
0.0001036657853
-9.27409077e-05
0.001095659282
0.0009900566839
8.099412628e-05
-0.001214939442
-8.371041685e-05
-0.001238621069
4.145409585e-05
-5.343598858e-05
0.001249945882
0.001198683301
6.18127883e-05
-0.001228909364
-4.596130489e-05
6.733264377e-05
-0.0001337750242
-2.108485852e-05
-0.0004318656108
7.039447151e-05
-6.805858645e-05
0.0003199378954
0.000269178955
6.016505185e-05
-0.0005502880704
-8.409389998e-05
-0.0008963885678
0.000122367287
-0.0001192611191
0.0007872084867
0.0007293549917
0.0001098173085
-0.0009948510579
-0.0001221455112
-0.00118323007
0.000119230792
-0.0001174716623
0.001143794827
0.001111141899
0.0001126365123
-0.001198675743
-0.0001079630231
-3.252130659e-05
0.0006034037044
0.001245539558
5.062263477e-05
1.894822724e-05
0.0006124881771
-0.0006082607993
-2.317560503e-05
-8.26112977e-06
-0.000615227334
-4.242425054e-06
0.0006277308888
-0.0006113199431
-1.319221016e-05
0.0006079293611
1.658279217e-05
8.07635451e-05
-0.0001505687206
-2.566601897e-05
-0.0004500134432
7.670464784e-05
-7.535681718e-05
0.0003391597541
0.0003250084259
7.168493097e-05
-0.0005658308381
-9.175374859e-05
-0.0008945933563
0.0001277456497
-0.0001267053907
0.0007928838842
0.0007912012842
0.0001237331693
-0.0009826573128
-0.0001313889694
0.0001217486764
-0.000121420614
0.001103691246
0.001132490892
0.0001202928078
-0.001167359867
0.0001103410369
0.001158219255
-9.602609193e-05
9.723661426e-05
-0.0005829569439
-0.0005856134458
-0.0005938272914
-9.46956912e-05
-0.000588093953
-0.0005910617485
2.947946446e-05
0.0005892032819
-2.038547035e-05
2.475621992e-05
-0.000296020248
-0.0002994122501
-0.0005974601178
-2.196585329e-05
8.725282589e-05
-0.0001570829112
-2.861007285e-05
-0.0004489200161
8.016331711e-05
-7.936622436e-05
0.0003418045877
0.0003410941131
7.770419384e-05
-0.0005599645805
-9.574915468e-05
-0.0008704644686
0.000130327836
-0.0001297616203
0.0007752791338
0.000789706819
0.0001285096461
-0.0009519090385
-0.0001339363472
0.0001222983936
-0.0001222165713
0.001060617733
0.001093198783
0.0001219792784
-0.001111127736
0.0001111654908
0.001107135535
-9.839869253e-05
9.82214188e-05
-0.0005539835191
-0.0005569669432
-0.0005638732075
-9.842382411e-05
-0.0005603640147
-0.0005604363003
3.095796818e-05
0.0005603910157
-2.757747754e-05
2.772785802e-05
-0.0002799775908
-0.00028060909
-2.781803495e-05
-0.0002822096418
-0.000281499843
9.391379127e-05
-0.0001637029897
-3.147013751e-05
-0.0004482146725
8.410182491e-05
-8.311586271e-05
0.0003446593518
0.0003422322246
8.112303322e-05
-0.0005547668562
-9.94593951e-05
-0.0008481382376
0.0001331749456
-0.0001324935084
0.0007590399001
0.0007708748192
0.0001310328567
-0.0009234773276
-0.0001361275908
0.0001228109105
-0.0001226878114
0.001020861427
0.001050437665
0.0001224321214
-0.001063225008
0.000111176121
0.001061251249
-9.796849481e-05
9.806393912e-05
-0.0005302581358
-0.0005330623167
-9.814328078e-05
-0.0005384885732
-0.0005358165407
3.082187397e-05
0.0005357592305
-0.0002682784402
-0.0002675726627
1.33606058e-05
-1.333846327e-05
0.0002675447911
-1.3394351e-05
0.0002693133678
1.336649336e-05
0.0001017977648
-0.0001715228185
-3.51746943e-05
-0.0004481150703
8.84060323e-05
-8.772235362e-05
0.0003484094099
0.0003452484312
8.5128961e-05
-0.0005498163421
-0.0001039348827
-0.0008248970482
0.0001362337131
-0.0001355990612
0.00074224884
0.0007546846245
0.0001339255374
-0.0008937507118
-0.0001385997459
0.000123336813
-0.0001232160413
0.0009793371018
0.001010580672
0.0001229336645
-0.001016470073
0.0001112893125
0.001015826911
-9.796963887e-05
9.799648385e-05
-0.0005067266265
-0.0005097702919
-9.804033847e-05
-0.0005155287621
-0.0005126727379
3.069257467e-05
0.0005126136541
-0.0002566670413
-0.0002559596282
1.327162321e-05
-1.327473838e-05
0.000255957521
-1.330651804e-05
0.000258056436
1.327953175e-05
0.0003483634647
8.965641134e-05
0.0007376405913
0.0001371161967
0.0009692264591
0.0001234753249
0.0009692048166
-0.0004859688076
-0.0004832152294
-0.0004832638287
-4.726398612e-05
0.0004832401025
-9.785407247e-05
-0.0004920727489
-0.00048916869
4.731038369e-05
5.058663863e-05
3.06108124e-05
0.0004891661376
-0.0002450330209
-0.0002442788009
1.313853667e-05
-1.314445186e-05
0.0002442988426
-1.315933413e-05
0.0002462643745
1.315477924e-05
-2.792869426e-05
-0.0002832594499
-0.0002844147176
0.0005711042656
-0.0002863930213
-2.76427645e-05
-0.0002849971741
-3.084559571e-05
0.0005710545822
-0.0002700161201
-1.339724712e-05
0.0002700190162
-0.0002727131122
-1.340204417e-05
0.0002727147112
1.340044508e-05
-3.10068044e-05
0.0005446602136
-0.0002727418275
-0.0002719590413
-1.330948841e-05
0.0002586668477
-1.331825718e-05
0.0002611754767
1.331542948e-05
-3.073589745e-05
0.0005215144771
-0.0002611543064
-0.0002604467582
-1.318688272e-05
0.0002469268953
-1.32201454e-05
0.0002493062827
1.321890444e-05
-3.057282271e-05
0.0004978027943
-0.0002492843287
-0.000248527932
-6.723136939e-06
0.0002990019547
0.0006231941737
5.948315815e-06
0.0006122594273
1.573941554e-05
-0.0006090506156
-1.062813763e-05
1.010302054e-05
-0.0006107948261
-0.0006066252448
-1.064308039e-05
-9.826972305e-05
-0.0005414401814
-0.0005447139846
0.001098618519
-0.0005507713277
-0.0005478954959
0.0010951706
-3.423130206e-05
0.0005507520391
3.422260904e-05
-4.413353129e-05
4.412786849e-05
-0.0005507656649
4.410555442e-05
-0.0005414065466
-4.413918926e-05
-4.415949847e-05
4.418104182e-05
-0.0005638947509
-0.0005540019091
-4.411514127e-05
-3.423668188e-05
0.0005539872732
-9.818555385e-05
-0.0005184077093
-0.0005215003733
0.001051787724
-0.0005275292042
-0.0005243801341
0.001050214819
-3.411556718e-05
0.0005275272604
3.410586479e-05
-4.405259884e-05
4.406804394e-05
-0.0005275446493
4.402115925e-05
-0.0005183757374
-4.405313118e-05
4.404924266e-05
-0.0005384322614
-0.0005302761546
-4.403458004e-05
-3.409885128e-05
0.0005302346442
1.33284185e-05
-1.332995138e-05
0.0002647886707
0.0002668624106
1.333424273e-05
0.0005330052842
-0.0002668393265
-0.0002661332767
0.0002654268631
-1.003495518e-05
-0.0001326245296
1.088579651e-05
-1.085484353e-05
0.0002653959101
1.089580688e-05
0.000264786522
1.089285261e-05
0.0002692568352
-1.092079181e-05
-0.0002688482934
0.000268827103
1.091404297e-05
-0.0001343777266
1.005145806e-05
-0.0001345140335
-9.791113701e-05
-0.0004948610977
-0.0004978577739
0.001004367355
-0.0005035236867
-0.0005007583216
0.001003931983
-3.398532614e-05
0.0005034294866
3.394985209e-05
-4.397014014e-05
4.393969575e-05
-0.0005034932423
4.392609275e-05
-0.0004948577113
-4.392947916e-05
4.398931629e-05
-0.0005154969192
-0.0005067199466
-4.397682006e-05
-3.399545756e-05
0.0005067021362
1.32578724e-05
-1.326228037e-05
0.0002530060222
0.0002552473853
1.326858003e-05
0.0005097353786
-0.0002552270429
-0.000254519357
-5.108478136e-06
0.0001269434057
5.093297708e-06
1.082314676e-05
-1.080908288e-05
0.0002537482574
-0.0001269760316
-0.0001267862896
1.083707499e-05
0.0002529922052
-0.0001266087346
-0.0001263973988
1.07975171e-05
-1.080143838e-05
0.0002580243632
-0.0002573522363
0.0002573432415
1.080651194e-05
9.997479133e-06
-0.0001287701956
4.392256129e-05
-0.0004920692175
-0.0004832399212
-4.391893697e-05
-3.370967156e-05
0.0004832351279
-0.0002420004423
1.307889244e-05
-1.308258223e-05
0.0002413517452
0.0002433401389
1.311348708e-05
0.0004857486886
-0.0002433454026
-0.000242299965
1.49405587e-05
1.556693278e-05
-4.626343197e-06
0.0001212304968
4.906882976e-06
-1.044558163e-05
0.000241855479
-0.0001210913205
-0.0001210524231
5.28887005e-06
5.444976207e-06
5.45212242e-06
0.0001205981701
-0.0001206048535
-5.445438992e-06
1.066701819e-05
-1.075774302e-05
0.0002461723391
-0.0001231085759
-0.0001229730383
0.0002456691399
1.064319307e-05
-0.0001229203019
-0.0001227250129
4.988092348e-06
-5.089716249e-06
0.0001227113428
9.36992794e-06
0.0002889879437
-0.0001447771751
-0.0001445293361
4.411688181e-06
-4.444503657e-06
0.0001445559001
-3.617035224e-06
0.0001443178223
4.206967477e-06
4.721141695e-06
-4.639480022e-06
0.0001414178575
-4.134591051e-06
0.0001425383004
4.262559274e-06
-9.149406225e-06
0.0002845827193
-0.0001424388811
-0.0001424605453
-0.0003030515288
6.409638778e-06
0.0002996256887
-4.152271675e-06
6.910160571e-06
-0.0003058094177
-0.0003057866984
-2.104432741e-07
-8.065836917e-06
-0.0001459527383
4.646263555e-06
0.0002924936735
-7.076984597e-06
-0.000146402983
-8.695468583e-06
0.0002921386446
-1.014883504e-05
-0.0001362342151
0.000272659436
1.015293755e-05
-1.258306183e-05
1.258160647e-05
-0.0002727116568
-0.0002700146608
-1.255244476e-05
0.0002755907285
-1.261532463e-05
1.258829483e-05
-0.0002755636987
0.0002735435922
-0.0002735147467
-1.261190735e-05
-0.0001368469582
-1.02415127e-05
0.0002734959206
0.0005479156728
-0.0002744375376
-0.0002735478689
-1.340465342e-05
0.0002735462015
-2.771496126e-05
-0.0002749863735
1.33553051e-05
1.422530164e-05
9.17027439e-06
0.0002750380574
-0.0001374377877
-0.0001376097935
3.896548224e-06
-3.831328848e-06
0.0001375908445
-3.943696531e-06
0.000137765032
3.927392787e-06
4.65787946e-06
-4.713776846e-06
0.0001345964154
-4.925333291e-06
0.0001356533195
4.847415069e-06
-4.858549416e-06
0.0001357138899
4.850884294e-06
-0.0001357062247
9.500549338e-06
0.0002815426327
-0.0001409719067
-0.00014068954
4.568919688e-06
-4.641495811e-06
0.0001406867413
0.0001410588799
4.724016577e-06
-4.013122803e-06
0.0001381009813
-4.120344517e-06
0.0001388290583
4.075527353e-06
-9.217792351e-06
0.0002775058767
-0.0001388119964
-0.0001387853038
0.0002595004845
-1.010214556e-05
-0.0001295659781
1.08320411e-05
-1.08405067e-05
0.0002595089501
0.0002586328331
1.092287349e-05
0.0002642485713
-0.0002634110092
0.0002634139126
1.091997008e-05
1.023745958e-05
-0.0001319164874
0.000524297668
-0.0002624488676
-0.0002617168275
-1.332115715e-05
0.0002616906514
0.0002642284639
1.335015075e-05
-0.0001321481104
5.015384959e-06
-5.071176862e-06
5.104228961e-06
-0.0001321811625
-5.01361464e-06
-0.0001323656502
-4.373712769e-06
4.326321541e-06
-0.0001290953699
0.0001292753266
-0.0001292275663
-4.421473131e-06
-4.683013593e-06
-0.0001343487714
-4.771690609e-06
-4.407422804e-06
0.0001342629082
0.0001344127359
4.600237029e-06
-4.853546841e-06
-0.0001325712171
0.0001325528643
-0.0001327476919
-4.658719219e-06
-4.808578426e-06
-5.360017514e-06
0.0001239662971
5.438189445e-06
1.084274813e-05
-1.081228444e-05
0.0002476505742
-0.0001239382024
-0.0001237428355
0.000246886481
-0.000123575915
-0.0001232255609
1.085173356e-05
0.0002520501605
-0.000126172105
-0.0001258927141
0.0002509922788
1.065626079e-05
-0.0001255006469
-0.0001252961591
4.800051035e-06
-4.86293234e-06
0.0001252657451
0.0005007042167
-0.0002506059659
-0.0002500616064
-1.322347448e-05
0.0002500580582
0.0002520875915
1.325339332e-05
-0.0001257739176
4.740046571e-06
0.0001258247106
-4.688929859e-06
4.578231403e-06
-0.0001256632191
-4.775922719e-06
-0.000125963654
-5.543059725e-06
5.41706991e-06
0.000123413662
-5.686857007e-06
-5.632473128e-06
0.0001234922235
-0.0001289390631
4.573266746e-06
-4.258812373e-06
4.247661531e-06
-0.0001289279123
-0.000128992687
-4.88626243e-06
-0.0001261936925
0.000126487196
-0.0001263766231
-4.996835267e-06
-4.989695647e-06
0.0001265377986
0.000120419957
5.469316778e-06
-0.0001204371513
0.0002405967076
-0.0001198396846
0.000120013611
-5.289844712e-06
-5.505182628e-06
-0.0001227434526
5.180223823e-06
0.0001228630127
-5.243694498e-06
5.07036712e-06
-5.535689488e-06
0.0001217713308
-4.939253876e-06
-5.195041711e-06
0.0001213260607
-9.755149499e-05
-0.0005675716598
-0.0005707832169
0.001149935439
-0.0005766810911
-0.000573569229
0.001142949538
-3.396933029e-05
0.0005767329246
3.408349131e-05
-4.394737821e-05
4.393549926e-05
-0.0005766692122
-0.0005676449781
-4.408618007e-05
-4.44470085e-05
4.411296224e-05
-0.0005934932452
-0.0005830871919
-4.381713022e-05
-3.38939389e-05
0.0005833105071
-2.614568717e-05
-0.0002911720769
2.596163212e-05
-0.0002919924667
0.000587003967
-0.0002942085146
-0.0002941849197
0.0005862094255
-9.266145474e-06
0.0002962065485
9.761870278e-06
-1.198619626e-05
1.223378397e-05
-0.0002944561023
1.223600043e-05
-0.0002910538256
-1.235425173e-05
-0.0003021798241
-0.0002997510795
-1.599848075e-05
8.966794856e-06
1.150247169e-05
-0.000295794858
-1.22115863e-05
-8.244828318e-06
0.0002988825902
-2.772148101e-05
-0.0002765529011
-0.0002774665019
0.0005568812897
-0.0002789586791
-0.0002779162336
0.0005569143269
-1.01498208e-05
0.0002789525726
1.014402517e-05
-1.262185645e-05
1.262054784e-05
-0.0002789573705
-0.0002765515209
-1.261670491e-05
-1.260046893e-05
1.25732495e-05
-0.0002821824224
-0.0002800283267
-1.257112055e-05
-1.015554391e-05
0.0002800496593
-1.00414183e-05
0.0002864979428
1.006705958e-05
-1.252438281e-05
1.257786964e-05
-0.0002864465081
-0.0002832584252
-1.260149362e-05
0.0002893621581
1.239277421e-05
-0.0002895189319
0.0002869484158
-0.000286974633
-1.249816562e-05
-1.001723017e-05
0.0002870000954
-0.0005739506292
0.0005737163569
-2.690203994e-05
-0.000287742938
-0.0002887999526
-0.0001546285641
5.516748057e-07
0.0001532051674
3.870498798e-06
-6.703162191e-07
-0.0001578287466
-0.0001584018771
3.720787801e-06
-2.434388642e-06
0.0001511388952
-1.331106958e-06
-6.537519787e-07
0.0001508412074
0.0003002401696
-4.234192907e-06
2.53675356e-06
0.0003126164344
5.799438868e-06
4.317004903e-06
0.0003023294311
-0.0003064343329
-2.121030918e-07
-1.602834435e-05
1.665482604e-05
0.0003119899527
-2.62361979e-06
0.0003056897329
-2.825943465e-06
3.07831602e-06
-0.0001556687768
-1.506616678e-07
0.0003179447735
0.000313542795
-1.199939374e-05
0.0003038237463
1.982969213e-06
-0.0003014897106
1.060187208e-05
0.0002432782744
-1.059539376e-05
-0.000121795093
-0.0001214896597
0.0002422039119
-0.000121068335
-0.0001209792865
-4.489601147e-06
0.0001210060604
-0.0002422449409
1.224026664e-05
0.0002422471281
-1.141502425e-05
1.137399532e-05
-1.142383489e-05
-1.137928454e-05
1.14027828e-05
-0.0001207924984
0.0002418501898
0.0002418746818
4.101932217e-06
-4.173424144e-06
0.0001435668605
0.0001441261601
4.343833378e-06
0.0002878183512
-0.0001441605488
-0.0001435460542
4.704817863e-06
-3.814598057e-06
0.0001464248765
-0.0001463081535
0.0001457954061
5.217565342e-06
5.254564602e-06
0.0002849740014
-0.0001423949841
-0.0001422716268
-4.029329443e-06
0.000142258056
0.0001437268096
4.033717869e-06
-7.642723503e-06
-0.000149512204
6.646792917e-06
-0.0001496140256
0.0003007868528
-0.0003015194157
0.0002990778648
-6.176795032e-07
0.0001530257418
2.272030573e-06
-5.914462119e-06
-0.0001511731266
-0.0001512058842
2.271477004e-06
4.502580185e-06
-0.0001492926335
-3.854264249e-06
3.93894465e-06
-0.0001525604664
-0.0001540757777
-3.089398998e-06
-0.0001545162289
-0.0001532687063
1.104956648e-06
0.000152687027
0.000146147756
-2.92107171e-06
3.157449366e-06
-2.901783945e-06
0.0001458920905
0.0001461585606
3.408814165e-06
0.0001490903416
-3.570025593e-06
-0.0001479641548
0.0001477770287
3.595940295e-06
4.01965221e-06
-0.000294918857
0.0002947672756
-6.675210114e-06
-0.000147483742
-0.000148083112
4.849022399e-06
-4.591277024e-06
0.0001367923095
0.0001377027962
4.053490071e-06
4.556131647e-06
4.856396349e-06
0.0002746980942
-0.0001375924263
-0.0001373479215
0.0001358891345
-0.0001358902651
-4.857418845e-06
-4.974477465e-06
0.0001358441658
0.000136591248
4.953488537e-06
4.32746111e-06
-4.373352418e-06
0.0001400035395
0.0001402697835
4.494089713e-06
0.0002805724929
-0.000140313134
-0.0001400895714
0.0002778533462
-0.0001388967668
-0.0001387638886
-4.191188009e-06
0.0001387030852
0.0001396398218
4.281467056e-06
-4.857583985e-06
4.809171454e-06
-0.000130650537
0.000130786606
-0.0001307125837
-4.931606304e-06
-4.904860805e-06
-0.0001305025924
4.781131661e-06
-4.735316557e-06
4.686955919e-06
-0.0001304542317
-0.0001305403495
-4.492370635e-06
4.479815348e-06
-0.0001336296809
0.000133849876
-0.0001338121158
-4.530130782e-06
-4.731273147e-06
-0.0001332795932
4.660706043e-06
-4.418515246e-06
4.409145231e-06
-0.0001332702232
-0.000133448201
-4.051752311e-06
4.043560458e-06
0.0001251018495
-4.153938304e-06
-4.444852893e-06
0.0001251171397
-0.0001251220114
4.879928522e-06
0.0001248274297
-4.164545072e-06
4.603337286e-06
-5.284580909e-06
5.407620757e-06
-0.000128176967
0.0001283329386
-0.000128609228
-5.008291455e-06
-4.990694678e-06
0.0001281474407
-0.0001274814839
5.255117059e-06
0.0001274932416
-5.433742912e-06
5.362387205e-06
-0.0001274101282
-0.0001277503643
-0.0001202033186
-4.253802084e-06
4.08160711e-06
0.0001219436066
-4.425744868e-06
-4.632444322e-06
0.0001220854022
-0.0001212840795
4.105488086e-06
0.0001213910143
-3.931080105e-06
3.733688944e-06
-9.988689608e-06
0.0003142590801
-0.0001513463072
-0.0001523286732
-1.088443478e-05
0.0001561362617
-7.309725696e-06
-0.0001588152256
1.084035425e-05
0.0002552144334
-1.084246785e-05
-0.0001277161486
-0.0001274961712
0.0002544808409
-0.0001273205591
-0.0001271290104
-5.144835406e-06
0.0001271256162
-0.0002545100139
1.244818542e-05
0.0002544891687
-1.164020587e-05
1.16110329e-05
-1.164368533e-05
-1.160661368e-05
1.160111481e-05
0.0002537526766
0.0002537812723
-0.0002573436941
1.245928364e-05
0.0002573464518
-1.164302483e-05
1.164257225e-05
-1.164542475e-05
-1.164420939e-05
-0.0002559510535
0.0002566342466
-0.0002566358837
0.0002566369324
0.0002566438672
-0.0001283547271
5.053489096e-06
5.181600219e-06
1.081449544e-05
-0.0001280862597
-0.0001278927662
-0.000245680549
1.230675564e-05
0.0002456878422
-1.148193096e-05
1.14705218e-05
-1.154027094e-05
-1.145803542e-05
-0.0002442513624
0.0002450173412
-0.0002450048548
0.0002450462743
0.0001225300267
4.885189654e-06
1.059664482e-05
-0.0001225730855
-0.000122385221
-0.0001222039141
-0.0001220461973
1.087210836e-05
0.0002611659028
-1.087956107e-05
-0.0002604253225
0.0002604569241
-0.0001303836574
-0.00026046221
1.249410822e-05
0.0002604659747
-1.165940633e-05
1.165412041e-05
-1.166361169e-05
-1.164977249e-05
0.0002595132981
0.0002595159818
0.0001291432718
-3.968756894e-06
4.121887094e-06
-4.206181566e-06
3.989628428e-06
4.290393181e-06
0.0001297610266
-4.374449717e-06
-0.0001293737192
0.0001294579308
-0.000129554208
-4.51775029e-06
-4.565988813e-06
1.080414956e-05
0.0002493509762
-1.071538669e-05
-0.0001248197795
-0.0001246199596
0.0002484591161
-0.0001243787326
-0.0001240885183
-5.204663774e-06
0.0001241707645
-0.0002484519357
1.239756457e-05
0.0002484714145
-1.156354979e-05
1.157073016e-05
-1.153518677e-05
-1.154793068e-05
0.0002476733737
0.0002477225429
-0.0002510221934
1.240764527e-05
0.0002510262462
-1.157214426e-05
1.154222965e-05
-1.153773466e-05
-0.0002500713242
0.0002505719133
-0.0002505674183
0.0002505992295
0.0001252692778
4.785321705e-06
1.062271365e-05
-0.0001252753521
-0.0001252585191
-0.0001251461735
-0.0001250178238
-4.466907387e-06
4.354093598e-06
0.0001253571449
0.0001254320104
4.51623579e-06
-4.631523727e-06
-0.0001255477454
-0.0001237783752
0.0001237823996
-5.760653019e-06
-5.623996549e-06
-4.259064982e-06
-0.0001288655105
4.408202027e-06
0.0001288062022
-0.0001288176057
0.0001288384613
-3.480169215e-06
3.854657431e-06
-3.833801869e-06
3.97977605e-06
3.931852612e-06
-0.0001288298616
0.0001262610705
-4.48841136e-06
4.746911748e-06
-4.86246439e-06
4.978339674e-06
0.0001267437816
-5.09450784e-06
-0.0001264674071
0.0001265832824
-0.0001266703595
0.0001267444173
-5.083912375e-06
-5.194481601e-06
-4.920119347e-06
4.724640162e-06
0.0001226272898
0.0001227704081
-0.0001222171022
0.0001216235721
-3.988463808e-06
-3.481379998e-06
-5.30793474e-07
-4.496391087e-07
0.0001548867676
0.0001542541385
-4.213286976e-06
8.660728818e-06
-0.0001523350772
0.0001525095267
1.640039318e-06
4.409667527e-06
0.0001436351524
-4.794619177e-06
-0.0001425953797
0.0001429536257
-0.0001432476798
4.207320064e-06
0.0001434157466
-4.489259256e-06
4.195205111e-06
-4.750398154e-06
-3.926858814e-06
3.687442031e-06
0.0001430332739
0.0001431763111
-0.0001453707247
4.543433628e-06
0.0001449754849
-4.478146775e-06
4.902828177e-06
-3.660083238e-06
-4.939287403e-06
-0.0001442662479
0.0001448972049
-0.0001449336641
0.0001448352904
0.0001448816481
5.165549273e-06
-0.0001431646345
4.4743906e-06
0.0001428174356
-3.843742687e-06
4.462295226e-06
-3.378229521e-06
-4.878960267e-06
5.021761938e-06
0.0001424973878
0.0001421978262
-0.0001430171174
3.713780781e-06
0.0001431166263
-3.480190344e-06
3.336282796e-06
-3.266591484e-06
0.0001424031377
0.00014240286
2.641219523e-06
0.0001468483976
-2.836914426e-06
-0.0001460793928
0.0001458188284
-0.0001461619772
3.643233758e-06
-3.314685333e-06
2.971536519e-06
-3.578588115e-06
-3.056888698e-06
0.0001458067384
-0.00013812251
4.020158176e-06
0.0001377145235
-3.066223567e-06
3.513554664e-06
-2.982678336e-06
-4.232238625e-06
4.685080072e-06
0.0001379032942
0.0001374251564
-0.0001374215266
3.493745905e-06
0.0001374715354
-3.2878971e-06
3.177987309e-06
-3.34459898e-06
-3.090824317e-06
0.0001373680711
0.0001374110791
-0.0001352548686
4.692450758e-06
0.0001353376553
-4.342073633e-06
4.293044051e-06
-4.443777312e-06
-4.245229746e-06
4.222311317e-06
0.0001349187105
0.0001350016456
-0.0001363123398
4.97043148e-06
0.0001363460597
-4.745212709e-06
4.64572855e-06
-4.526275553e-06
0.0001359510743
0.0001360053234
-0.0001399008779
4.42670899e-06
0.000139985561
-4.376685445e-06
4.261861993e-06
-4.517764892e-06
-4.1477638e-06
4.036452189e-06
0.0001399526304
0.0001400625401
-0.0001408500447
4.817185435e-06
0.0001409514066
-4.949078376e-06
4.80573842e-06
-4.660614349e-06
0.0001407469185
0.0001408564782
-0.0001386763706
3.77785887e-06
0.0001387300701
-3.590572993e-06
3.507767549e-06
-3.700825483e-06
-3.451909312e-06
0.0001383403729
0.0001384189526
-0.0001391237641
4.072880046e-06
0.0001391784467
-3.952296921e-06
3.843104509e-06
-3.785439088e-06
0.000138708866
0.0001388150392
-0.0001343079041
4.375495531e-06
0.0001343960432
-4.118288741e-06
4.014678658e-06
-3.936636611e-06
0.0001342237189
0.0001343371524
-0.0001251455201
0.0001252164883
-4.241203728e-06
-5.166461384e-06
0.0001249897405
0.0001246442919
0.0001290267366
-4.706606415e-06
5.362979259e-06
-4.945470642e-06
5.507339886e-06
4.401024156e-06
0.00012892335
-0.0001294289568
0.0001288845104
-0.0001285337493
-4.657530434e-06
-5.280284946e-06
-0.0001269310506
0.0001272318919
-0.0001271497896
0.0001272769762
0.0001270329181
-4.920272694e-06
5.211279758e-06
-5.32815126e-06
5.441025223e-06
-0.0001272972542
-0.0001221024271
0.0001222445295
-4.575200318e-06
-3.541200249e-06
0.0001210173836
0.0001210550552
1.08797015e-05
0.0002668313915
-1.088253767e-05
-0.0002661012078
0.0002661260658
-0.00013312623
-0.0002661262305
1.251343088e-05
0.0002661287017
-1.169762634e-05
1.16974616e-05
-1.16998109e-05
-1.169715363e-05
1.169792713e-05
0.0002653962181
0.0002653965263
-0.0002688292884
1.25220921e-05
0.0002688567943
-1.170629434e-05
1.170410896e-05
-1.173358183e-05
-1.170199567e-05
-0.0002675385328
0.000268271539
-0.0002682694257
0.0002682490416
0.0002682416951
-0.0001340127438
1.088631236e-05
-0.0002634171773
1.253222385e-05
0.0002633952979
-1.16976912e-05
1.169442644e-05
-1.169116151e-05
-0.0002616565074
0.0002623915392
-0.0002623882743
0.000262419655
0.000262356328
-0.000130947349
1.08880238e-05
-5.068505311e-06
-0.0001314932007
5.026661401e-06
0.000131877186
-0.0001318414623
0.0001317959153
-5.259827123e-06
5.206576772e-06
-5.252123805e-06
5.126857525e-06
5.273047865e-06
-5.125319497e-06
-0.0001321602384
0.0001330740863
-4.240489873e-06
4.848634922e-06
-4.522240528e-06
4.246091471e-06
0.0001329495755
-4.119124094e-06
-0.0001331354648
0.0001328593157
-0.0001327014325
-4.500835965e-06
-4.416863145e-06
-0.0001478988521
3.696253916e-06
-3.731275117e-06
3.609451728e-06
-3.741339765e-06
-3.719682371e-06
-0.0001476505518
0.0001476842136
-0.0001477944443
0.0001476180839
3.419579949e-06
0.0001306512483
-4.855572095e-06
4.872997594e-06
-4.934333044e-06
4.762998316e-06
5.043318642e-06
0.0001311803783
-0.0001307875454
0.000130896531
-0.0001309437802
-4.978855501e-06
-4.613935588e-06
-0.0001300162664
0.0001303687326
-0.0001302957123
0.0001301868532
-4.396221838e-06
4.458730762e-06
-4.567589794e-06
4.65292396e-06
-0.0001303688976
0.000133738844
-4.153517523e-06
4.256803302e-06
-4.330075147e-06
4.208534321e-06
4.403465328e-06
0.0001341531335
-4.451939488e-06
-0.0001339216379
0.0001339950281
-0.0001340077544
-4.542857108e-06
-4.605601299e-06
-4.406383804e-06
-0.00013301609
0.0001331268988
-0.0001331241373
0.0001330895204
-3.743901154e-06
4.08296962e-06
-4.11758657e-06
4.161393219e-06
-0.0001332264166
0
0
0
0
0
0
0
0
0
0
0
0
0
0
0
0
0
0
0
0
0
0
0
0
0
0
0
0
0
0
0
0
0
0
0
0
0
0
0
0
0
0
0
0
0
0
0
0
0
0
0
0
0
0
0
0
0
0
0
0
0
0
0
0
0
0
0
0
0
0
0
-3.89576203e-08
0
2.560844025e-09
0
6.291949697e-08
-1.048965186e-06
0
-7.746438111e-06
5.361174505e-06
4.242364708e-07
-8.377604917e-09
4.275059831e-07
-9.949220385e-06
-3.208979158e-07
0
0
0
0
0
0
0
0
0
0
0
0
0
0
0
0
0
0
0
0
0
0
0
0
0
0
0
0
0
0
0
-2.652538117e-05
1.015032833e-05
3.237717009e-06
-2.023508188e-06
5.59227777e-06
-4.967281834e-05
-2.563523857e-07
-1.708587263e-05
-0.0001404360432
0.0001085103994
1.145524987e-05
-7.410789238e-06
1.237336244e-05
-0.0001717593155
-3.624304067e-06
-9.958090696e-05
-0.0002477207588
0.0002265953287
1.010654512e-05
-5.383867722e-06
8.15613869e-06
-0.0002634815911
-3.139805343e-06
-0.0001705961366
0
0
0
0
0
0
0
0
0
0
0
0
0
0
0
0
0
0
0
0
0
0
0
-3.602862836e-05
1.081508245e-05
5.083746515e-06
-5.437380405e-06
1.026104684e-05
-7.489687398e-05
-2.061300341e-06
-3.960034536e-05
-0.0002487494827
0.0001839074101
2.84769086e-05
-2.508300271e-05
3.367013325e-05
-0.0003169043761
-1.735761206e-05
-0.0002352334284
-0.0005164271293
0.0004529809151
4.080037292e-05
-3.249988579e-05
4.023918889e-05
-0.0005743941916
-2.512165215e-05
-0.0004643530705
-0.0007025528959
0.0006683914584
2.885049777e-05
-1.89171161e-05
2.294615804e-05
-0.0007273841829
-1.502581715e-05
-0.0006066207013
0
0
0
0
0
0
0
0
0
0
6.091689759e-07
-1.163581169e-07
0
0
0
-4.713839261e-06
7.88691092e-07
0
-1.750134845e-06
4.134280759e-06
-2.794015469e-05
-3.780413315e-07
-1.185858699e-05
-0.0002008565923
0.0001276386724
2.717352008e-05
-3.025076465e-05
3.439736494e-05
-0.0002782901753
-2.314975363e-05
-0.0002222455361
-0.0005658511347
0.0004674790409
6.519113478e-05
-6.174821786e-05
7.092939186e-05
-0.000662017665
-5.228616328e-05
-0.0005786657961
-0.000911350375
0.0008368192196
7.332613667e-05
-6.299400876e-05
6.958527022e-05
-0.0009754595973
-5.572686019e-05
-0.0008877231679
-0.001102890804
0.001071011597
4.695632136e-05
-3.419914535e-05
3.711196461e-05
-0.001124979804
-3.075527843e-05
-0.00104610295
0
0
0
0
0
0
0
0
0
0
5.267364546e-06
-3.596719391e-06
6.078594172e-06
1.74205515e-08
1.386672484e-06
-5.673792561e-05
8.517410317e-06
1.598860375e-05
-1.486750049e-05
1.881886928e-05
-0.0001168501972
-1.093623692e-05
-9.309299994e-05
-0.0003917935638
0.0002879423171
5.920570073e-05
-6.51043671e-05
7.268039583e-05
-0.0005024979705
-5.620656645e-05
-0.0004541596129
-0.000839443627
0.0007292387282
0.0001000583436
-8.201885564e-05
9.791425462e-05
-0.0009512640656
-7.333012187e-05
-0.0009032272977
-0.001160527178
0.001112065855
7.697036416e-05
-8.122875278e-05
8.055587074e-05
-0.001200850751
-7.825108077e-05
-0.001163533919
-0.001242442596
0.001238617163
4.940815357e-05
-4.108723652e-05
3.931206477e-05
-0.001243000068
-4.077066674e-05
-0.001243798377
0
0
0
0
0
0
0
0
-8.60900502e-07
-1.600453282e-06
1.066900166e-05
-9.771924024e-06
2.26405282e-05
1.060696769e-05
6.951362594e-06
-0.0001150016852
1.914440612e-05
5.411906391e-05
-2.96477532e-05
3.285635835e-05
-0.0001953381648
-2.588528879e-05
-0.0001767699834
-0.0005165458057
0.000400231319
8.030833934e-05
-8.957330889e-05
9.466772614e-05
-0.0006356547178
-8.502339524e-05
-0.0006118345879
-0.0009699943786
0.0008696269767
0.0001198707616
-0.0001194109982
0.0001182827342
-0.001054386106
-0.0001162856137
-0.001036380867
-0.001203554214
0.001171911836
0.0001067787447
-8.924769658e-05
9.455655417e-05
-0.001215302296
-8.387476718e-05
-0.001235699547
0
0
0
0
0
0
0
0
-4.234174773e-06
-4.795991358e-06
1.366164427e-05
-1.292948378e-05
3.153878204e-05
2.453587707e-05
1.113058788e-05
-0.0001440077147
2.52314038e-05
7.522431196e-05
-3.801842772e-05
4.065245618e-05
-0.0002312756365
-3.713094862e-05
-0.0002238413114
-0.0005637595817
0.0004456666504
9.105979612e-05
-0.0001027574895
0.0001055963896
-0.0006826318498
-0.0001012174646
-0.0006753504229
-0.0009953664031
0.0009029830673
0.0001307706313
-0.000129453216
0.000131472139
-0.001070992467
-0.0001254744779
-0.001073936247
0
0
0
0
0
0
0
0
-6.731823254e-06
-7.293757031e-06
1.562038557e-05
-1.516506589e-05
3.659969634e-05
3.321627377e-05
1.422773098e-05
-0.0001547023266
2.800296331e-05
8.466650668e-05
-4.318304673e-05
4.391269285e-05
-0.0002415784404
-4.2300842e-05
-0.0002403614644
-0.0005640894134
0.0004506871949
9.493087745e-05
-0.000108557703
0.0001093711656
-0.0006771536016
-0.0001076007744
-0.0006802051583
-0.0009677968601
0.0008833257466
0.0001334494264
-0.0001332493168
0.0001336496045
-0.00103499238
-0.0001327468823
-0.001044607889
0
0
0
0
0
0
0
0
-9.504548273e-06
-1.030256211e-05
1.795506e-05
-1.736500405e-05
4.205073986e-05
3.781658506e-05
1.618291413e-05
-0.0001603413768
3.072210742e-05
9.052097988e-05
-4.619093962e-05
4.710051545e-05
-0.0002457723791
-4.532993484e-05
-0.0002442097035
-0.0005573836625
0.0004485524009
9.849996795e-05
-0.0001117840028
0.0001127241254
-0.0006650909992
-0.0001108793383
-0.0006673606776
-0.0009377520847
0.0008593748337
0.0001355608129
-0.0001347653346
0.000135229895
-0.0009991131608
-0.0001343593247
-0.001007337978
0
0
0
0
0
0
0
0
-1.330603568e-05
-1.434162499e-05
2.064816253e-05
-2.029711173e-05
4.865384477e-05
4.346215828e-05
1.858270069e-05
-0.0001669416834
3.382926869e-05
9.727537565e-05
-4.977247751e-05
5.069844596e-05
-0.0002509693819
-4.884687192e-05
-0.0002497304562
-0.0005516707091
0.000447457775
0.0001024348618
-0.0001154927131
0.0001164299646
-0.0006540284826
-0.000114547464
-0.0006569634879
-0.0009084853901
0.0008362617068
0.0001378805338
-0.0001365012099
0.0001369272483
-0.0009638846975
-0.0001360684202
-0.0009729460844
4.981356808e-05
2.146036604e-05
-0.0001717695202
0.0001028328335
-5.391259315e-05
-0.0002574331658
-5.276071626e-05
-0.0002555435361
-0.0005467549436
0.000447383746
-0.0001196392572
-0.0006435034524
-0.0001185021646
-0.0006459822665
-0.0008788805441
0.0008131331482
-0.0001383820782
-0.000928045017
-0.0001378564685
-0.0009371852139
-2.437480409e-05
-0.0006002977647
0.0006033651794
-0.0006080965042
-1.964347932e-05
-2.371792665e-05
0.0005983506025
8.248265246e-06
0.0006069592971
-9.306476959e-06
0.0006048383727
6.671286806e-06
0.0005446932684
-3.424073162e-05
3.752232851e-05
-3.752928264e-05
0.0005447002225
3.748840151e-05
0.0005413736258
3.751325612e-05
-3.751979859e-05
0.0005639133979
-0.000560397406
3.753378474e-05
0.0005603768773
3.424350369e-05
0.0005215004655
-3.407144787e-05
3.738032927e-05
-3.739003024e-05
0.0005215101665
3.737034209e-05
0.0005183666166
3.745633159e-05
0.0005384245786
-0.0005357917533
0.0005357987205
3.744936442e-05
3.410799071e-05
0.0004978136517
-3.391752768e-05
3.723575813e-05
-3.726737231e-05
0.0004978452659
3.722863338e-05
0.0004948291109
3.733777485e-05
0.0005154893815
-0.0005126483872
0.0005126588093
3.732735275e-05
3.400674194e-05
0.0001265771475
-5.055687783e-06
5.111625065e-06
-5.143212185e-06
5.106458283e-06
3.722136551e-05
0.000492040745
-0.0004891534882
0.000489161043
3.721381069e-05
3.38524675e-05
0.000121064449
-5.264105045e-06
5.433485234e-06
-5.26047098e-06
0.0001208914348
5.506480142e-06
0.0001206435624
5.193967658e-06
-5.265931274e-06
-0.0001229648578
5.185787197e-06
5.170757686e-06
0.0002711163005
-1.017556013e-05
-0.0001354727081
1.094886696e-05
-1.092660291e-05
0.0002710940365
0.0002699861556
1.092344209e-05
-1.092533776e-05
0.0002755614479
-0.0002750346789
0.0002750092591
1.094886189e-05
1.01024733e-05
-4.741389184e-06
4.730182077e-06
-0.0001346676697
0.0001351129061
-0.0001351015966
-4.752698641e-06
-4.84944022e-06
-0.000134564427
4.778647696e-06
-4.667807861e-06
4.655843227e-06
-0.0001345524624
-0.0001344597335
0.0001235335142
-5.442048147e-06
5.290901685e-06
-5.333302488e-06
5.098407162e-06
-0.0001258865731
5.092266211e-06
4.90112298e-06
5.505085278e-06
0.0001204349897
-0.0001200991831
0.0001201679009
-0.0002405770815
-1.477844042e-05
0.0005710072111
-3.410682451e-05
3.747138028e-05
-3.742356851e-05
0.0005709593994
0.0005676664924
3.691040205e-05
-3.575282063e-05
0.000597929609
-0.0005884357832
3.71351323e-05
0.0005882110529
3.365663246e-05
0.0002920636555
-9.861013952e-06
1.07594149e-05
-1.07187999e-05
0.0002920230405
1.078898337e-05
0.0002910601309
1.005664114e-05
-8.960403083e-06
-0.0002985832063
8.888767986e-06
8.494982036e-06
0.0002774859626
-1.011324214e-05
1.092817186e-05
-1.09299237e-05
0.0002774877144
0.0002765503523
1.094330452e-05
-1.094303537e-05
0.0002821805269
-0.0002815223043
0.0002815239841
1.094162467e-05
1.016040008e-05
0.0002844947261
-1.004474958e-05
1.091563976e-05
-1.091421887e-05
0.0002844933052
0.0002832586229
1.080802229e-05
0.0002895645656
-0.0002889074612
0.0002888803941
1.083508938e-05
1.004603549e-05
7.658155965e-06
-0.0003146517649
0.0003113026564
-0.0003067562837
3.111783237e-06
6.419446382e-06
0.0003075200676
4.907815708e-06
-4.919853809e-06
-0.0001214337623
4.851918257e-06
4.531556406e-06
0.0001507282159
-2.576223689e-06
3.545957865e-06
-3.072696533e-06
0.0001502549546
0.0001494732513
2.113118429e-06
-0.0001532628537
1.300194456e-06
-1.340749417e-06
-4.697109518e-06
4.754507418e-06
-0.000136653456
0.0001368023341
-0.000136943312
-0.000136266615
4.888042953e-06
-4.799261809e-06
4.806978177e-06
-0.0001362743314
-0.0001364781752
4.494189666e-06
-0.0001599818577
0.0001558357258
-0.0001606827818
9.341245678e-06
3.282858069e-06
5.189740771e-06
-5.192773303e-06
-0.0001274981502
5.191719748e-06
5.180193273e-06
0.0001280875918
5.182932291e-06
0.0001221647267
-4.805531131e-06
4.959985527e-06
-4.999172951e-06
5.060586042e-06
-4.998536673e-06
-0.0001246960367
5.136663183e-06
4.989697575e-06
0.0001251453693
-4.749471647e-06
5.01834713e-06
-5.019151307e-06
0
0
0
0
0
0
0
0
0
0
0
0
0
0
0
0
0
0
0
0
0
0
0
0
0
0
-2.59254405e-06
0
0
2.974249929e-07
0
-2.654337541e-06
2.526934229e-08
0
9.33321293e-07
0
0
-1.141360188e-06
-4.576797057e-05
6.79134556e-06
-1.295858158e-05
2.045173441e-05
-3.536908528e-07
-2.8211112e-05
1.510947867e-06
-2.003680247e-07
4.025199801e-06
0
-2.992730063e-06
-1.47811041e-06
-9.528395614e-05
3.524870502e-05
-4.086588174e-05
9.797518886e-07
-2.992981916e-07
2.053819596e-06
1.185908035e-08
0
0
0
0
0
0
0
0
0
0
0
0
0
-3.731199066e-07
-1.491009778e-05
0
-2.738731541e-06
1.349210382e-05
-1.324544981e-06
-3.4376761e-05
1.811344822e-06
-2.570721714e-07
5.153916009e-06
0
-2.053272493e-06
-1.077917205e-05
-0.0001614531434
6.344996423e-05
-9.864653756e-05
0.0001377973919
-1.001125102e-05
-0.000178870595
1.368418251e-05
-7.904911488e-06
2.071014563e-05
3.593939212e-06
-7.76265048e-05
-1.834689085e-05
-0.0003579071542
0.0002198696285
-0.0002590765228
0.000294866526
-1.171388582e-05
-0.0003259855268
1.783085062e-05
-1.231494635e-05
2.404778875e-05
7.667894765e-06
-0.0002008917461
-1.139464945e-05
-0.0004859527671
0.0003513020038
-0.0003700385473
7.596063972e-06
-5.375257611e-06
1.011178208e-05
3.52416498e-06
-7.349095716e-09
-2.291887938e-06
0
-4.083380573e-08
0
6.457362584e-06
-1.551766998e-06
-2.895065245e-05
9.649215224e-07
-1.402588034e-07
2.720614994e-06
0
-8.299727313e-07
-1.626083188e-05
-0.0001685788734
6.710543062e-05
-0.0001186425622
0.0001808975836
-2.260967484e-05
-0.0002510503861
2.353733824e-05
-1.628736394e-05
3.152976125e-05
1.006505943e-05
-0.0001250478746
-4.282801763e-05
-0.0004915893656
0.0003261566147
-0.0004033687603
0.0004799945407
-4.007153037e-05
-0.0005536485397
4.66615074e-05
-3.747547578e-05
5.599828548e-05
2.872838835e-05
-0.0003857621201
-4.805703079e-05
-0.0007896525384
0.0006222250137
-0.0006840649249
0.0007378925486
-3.413788312e-05
-0.0007827919352
4.473442792e-05
-3.772362189e-05
5.151742187e-05
3.07586012e-05
-0.0006253946718
-2.696194215e-05
-0.0009512045018
0.0008181564203
-0.0008436931623
1.867153698e-05
-1.575556453e-05
2.148714203e-05
1.285288903e-05
-7.283341753e-06
-6.94235894e-05
1.353662528e-05
-4.719360683e-05
5.563307631e-07
9.994795777e-05
-1.810558711e-05
-0.0001704660729
1.553502485e-05
-1.049160867e-05
2.077898756e-05
6.075497952e-06
-7.069941789e-05
-4.436652228e-05
-0.0004053302135
0.0002555457
-0.0003472515612
0.0004465466233
-5.690236911e-05
-0.0005390243371
5.344055145e-05
-4.679386832e-05
6.622919756e-05
3.991361483e-05
-0.0003703448603
-7.816441747e-05
-0.0008216585451
0.00064071336
-0.0007395559141
0.0008322976543
-7.505401629e-05
-0.0009161221115
8.206420071e-05
-7.409328468e-05
8.521127301e-05
6.522679677e-05
-0.0007531295143
-7.515323786e-05
-0.00111255852
0.0009892475069
-0.001050658706
0.001100306614
-5.612450761e-05
-0.001138624969
6.833883996e-05
-6.357610564e-05
7.154697596e-05
5.78788147e-05
-0.001028700623
-3.936006966e-05
-0.001225219233
0.00116654725
-0.001185311368
2.77673976e-05
-2.616540882e-05
2.875630551e-05
2.401456973e-05
-2.169307271e-05
-0.0001555290209
7.0810668e-05
-0.0001365359661
2.406238416e-05
0.0002240746578
-4.510764071e-05
-0.0003227461172
3.525695402e-05
-3.122212883e-05
3.981335587e-05
2.609928715e-05
-0.0001949981023
-7.940831089e-05
-0.0005831170065
0.0004314022921
-0.0005459568853
0.000661803389
-9.422610262e-05
-0.000774769677
9.154480874e-05
-8.461453702e-05
9.742258146e-05
7.66005624e-05
-0.0006158849213
-0.0001095530104
-0.001012628244
0.0008817752378
-0.0009829963043
0.00107488856
-8.251095235e-05
-0.001151094498
0.0001041885109
-9.286835605e-05
0.0001137506485
8.637426504e-05
-0.001042880402
-7.90837021e-05
-0.00124296787
0.001205096288
-0.001236469952
0.001241012782
-6.052155773e-05
-0.001239790868
5.804313681e-05
-7.113989692e-05
5.744261221e-05
7.312095721e-05
-0.001224688642
-3.479173834e-05
-0.000614823444
2.019594112e-05
-0.0006126823326
0.001237209913
-0.001232689586
-2.856456032e-05
1.259486672e-05
1.50985556e-05
-0.0006110253393
-1.442624239e-05
2.903333583e-05
-3.539144808e-05
-0.0002191730005
0.0001266739713
-0.0002105779006
6.208541462e-05
0.0003102772676
-6.460074227e-05
-0.0004216319927
5.144095172e-05
-4.839058231e-05
5.351564181e-05
4.450567864e-05
-0.0002917413253
-9.860060671e-05
-0.0006703076204
0.0005400645179
-0.0006606822493
0.000778674196
-0.0001151533918
-0.0008894457304
0.0001106474623
-0.0001066015693
0.0001134707709
0.0001012456335
-0.0007531505585
-0.0001179228323
-0.001080490803
0.0009868278894
-0.001068765723
0.00113199013
-0.0001161438849
-0.001175363742
0.0001207617933
-0.000120119945
0.0001250178897
0.0001189171099
-0.001121797348
-9.440873928e-05
-0.001199344157
0.001197112603
-0.001198944737
-1.413259002e-05
0.0006037686068
2.262341047e-05
7.91297911e-05
-7.960738552e-05
-0.0006020379844
-0.0005964291579
-0.0005966891987
-0.0006034073273
3.543515203e-05
6.590683433e-05
-0.001229003888
-0.0006129633533
3.293768763e-05
0.0006153435094
-0.0006051991732
-1.438676126e-05
-6.062636634e-06
0.0006285721252
-7.165979099e-06
-5.564829641e-07
0.0006222247351
-4.113900747e-05
-0.0002379242329
0.0001487404848
-0.0002362840978
7.906703483e-05
0.0003380004057
-7.470246425e-05
-0.0004496204684
5.810293909e-05
-5.752088017e-05
5.939300398e-05
5.457127606e-05
-0.0003332667645
-0.0001063230405
-0.0006817277573
0.0005664420675
-0.0006835858546
0.0007961152287
-0.0001260098717
-0.0008993598738
0.0001181731562
-0.0001174669439
0.0001193750938
0.000114870117
-0.0007973005747
-0.0001320520419
-0.001053332532
0.0009889776737
-0.00106131447
0.001113323977
-0.0001210681355
0.0001286592366
-0.0001282074267
0.0001291545259
0.0001269891391
-0.001125913816
-4.462689609e-05
-0.0002431413
0.0001559401845
-0.0002424157239
8.599511836e-05
0.0003417842296
-7.855559284e-05
-0.0004498546729
6.194542226e-05
-6.116073516e-05
6.271229728e-05
6.03589269e-05
-0.0003416363487
-0.0001101174611
-0.000670310108
0.0005621006301
-0.0006737570143
0.000780179162
-0.0001291440283
-0.0008769054812
0.0001216730946
-0.0001209806522
0.0001223484737
0.0001202672342
-0.0007850597552
-0.0001340090929
-0.00101619151
0.000959846772
-0.001025550521
0.001071315236
-0.0001221276983
0.0001300399853
-0.0001297774382
0.0001302441323
0.0001295083361
-0.001082085041
-4.796979413e-05
-0.000248475025
0.0001621085827
-0.0002472379784
9.227551593e-05
0.0003440857774
-8.214515072e-05
-0.0004485556116
6.559205136e-05
-6.464064697e-05
6.654113282e-05
6.365686564e-05
-0.0003432057363
-0.0001136270947
-0.000659857036
0.0005562637794
-0.0006626740292
0.0007633140509
-0.0001317728492
-0.0008539826227
0.0001248448364
-0.0001240302503
0.0001256644538
0.0001231531233
-0.0007671982649
-0.0001356498243
-0.0009818495105
0.000930839436
-0.0009906860484
0.00103103257
-0.00012256681
0.0001310494711
-0.0001307812636
0.0001313356566
0.0001304922293
-0.001040848134
0.0002682766945
-1.336611608e-05
1.418320772e-05
-1.418495349e-05
1.415533604e-05
1.416289118e-05
-1.418967133e-05
-0.0002688571716
-5.220116302e-05
-0.000254902041
0.0001695446474
-0.0002532269459
9.981847033e-05
0.0003473547896
-8.613684126e-05
-0.0004479716379
7.011775255e-05
-6.853273944e-05
7.074618806e-05
6.75392475e-05
-0.0003458076123
-0.0001177908406
-0.0006492481197
0.0005508365525
-0.000651632359
0.0007461107011
-0.0001346464554
-0.0008303437175
0.0001285328156
-0.0001273776314
0.00012923318
0.0001265361334
-0.0007502403078
-0.000137437988
-0.0009459281221
0.000900797068
-0.0009545618545
0.0009893872165
-0.0001230774091
0.0001321672396
-0.0001318859646
0.0001324733513
0.0001316137219
-0.001000156497
0.000256639905
-1.327771097e-05
1.409330062e-05
-1.412043697e-05
1.409119349e-05
1.412376504e-05
-1.410178519e-05
-0.0002573482725
7.197646543e-05
-0.0003495736003
0.0001302528739
-0.0007335610049
0.000132788718
-0.0009585943728
0.0002450292596
-1.312743715e-05
1.396776913e-05
-1.397153035e-05
1.398781077e-05
1.397651409e-05
-1.398020604e-05
-0.0002457151843
0.0002595189523
-1.331245894e-05
1.412905547e-05
-1.415646199e-05
1.413427496e-05
-1.411310462e-05
-0.0002604689453
0.0002477259454
-1.319028522e-05
1.400689134e-05
-1.401058115e-05
1.403847938e-05
-1.401652538e-05
-0.0002485000337
-5.579600094e-06
0.0003064183533
2.984993075e-06
1.839525668e-05
-6.909447784e-06
-0.0003095968972
-0.0003099854159
-0.0002988826392
-0.0002990183496
1.109598072e-05
0.00061154171
-0.0006101865835
0.0006143731165
-0.0003097336049
2.245168179e-06
-0.0006137322948
0.0006057537837
-1.900265771e-05
-1.651156332e-05
-0.0006065071832
1.119259998e-05
0.0006054176038
-6.456417246e-06
4.787606758e-06
-1.029194623e-05
-5.758396896e-06
-0.0006046586109
1.168143226e-06
0.0006046496536
-0.0006056204438
3.277376197e-06
3.753926283e-05
-3.754405831e-05
0.0005507568346
-0.0005478975503
0.0005479075304
-4.081735077e-05
4.078442993e-05
0.0005447077547
-4.082488289e-05
-4.414541924e-05
0.0005569211487
3.755360891e-05
0.0005569013245
0.0005539968238
3.739786249e-05
0.000527536389
-3.740699107e-05
-0.0005243320849
0.0005243399172
-0.0005243484646
4.403637439e-05
-4.071829911e-05
4.07097517e-05
-4.072655944e-05
-4.070278807e-05
4.069366722e-05
0.0005215171301
-0.0005358331025
4.406580436e-05
-4.077674712e-05
4.074236512e-05
-4.073453354e-05
-0.0005302681805
0.0005330310923
-0.0005330232607
0.0005330144237
3.744052735e-05
0.0002653992842
-1.333270932e-05
1.41489365e-05
-1.417537853e-05
1.41472599e-05
1.417842016e-05
-0.0002661302351
3.727722065e-05
0.0005034610806
-3.730881466e-05
-0.0005007365411
0.0005007463894
-0.0005007765538
4.395792789e-05
-4.062963436e-05
4.059946997e-05
-4.066179603e-05
-4.061541066e-05
4.058681026e-05
0.0004978293252
-0.0005126666336
4.398321201e-05
-4.068612962e-05
4.067830532e-05
-4.067019421e-05
-0.0005067115484
0.0005097639
-0.0005097557889
0.000509746663
3.731822682e-05
0.0002537832344
-1.326424246e-05
1.408098958e-05
-1.408568519e-05
1.410091461e-05
1.411153594e-05
-0.0002544935062
5.147474635e-06
-5.18010056e-06
-0.0001267820272
-0.0004891650132
4.391888447e-05
-4.055833782e-05
4.055436763e-05
-4.055010734e-05
-0.000483237813
0.0004859245255
-0.0004859202652
0.000485924473
0.0004858914845
3.718502999e-05
0.0002418781593
-1.308605975e-05
1.393078716e-05
-1.395713743e-05
0.0002419045096
1.390436034e-05
0.000241378172
1.3982547e-05
-0.0002422745555
5.046544052e-06
-4.907367703e-06
-0.0001212663501
-5.387343624e-06
5.426052466e-06
0.0001207929612
0.0001228514495
5.116934834e-06
5.103264801e-06
0.0001448037425
-4.412955809e-06
4.415174059e-06
-4.388606686e-06
4.441738082e-06
4.369783515e-06
-0.0001447694966
0.0001420411182
-4.482772034e-06
4.592211331e-06
-4.522364119e-06
4.640455137e-06
4.385686526e-06
-4.286267233e-06
-0.0001425972229
1.092856992e-05
0.0002726849715
-1.095410541e-05
-0.0002719499554
0.0002719519224
-0.0001360834435
-0.0002719531624
1.258022291e-05
0.000271954546
-1.176564893e-05
1.176440891e-05
-1.179233421e-05
-1.176208707e-05
0.0002710963583
0.0002711241365
-0.0002749839076
1.258582895e-05
-1.176858864e-05
1.179394011e-05
-1.177083939e-05
-1.178830436e-05
-0.0002735187766
0.0002745365911
-0.0002745309553
0.0002745105127
0.0002745590548
1.097696134e-05
0.0001374671563
-3.887406041e-06
4.226738257e-06
-4.197369605e-06
4.207789239e-06
4.23362893e-06
-4.263393246e-06
-0.0001375115221
0.0001350562741
-4.76840534e-06
4.739341719e-06
-4.784664199e-06
4.668087331e-06
4.803965594e-06
0.0001356963464
-4.846992553e-06
-0.000135416665
0.0001354359664
-0.0001354712641
-4.787996326e-06
-4.797874646e-06
0.000140928506
-4.713523611e-06
4.568953106e-06
-4.612353783e-06
4.56615444e-06
4.608109187e-06
-0.0001409618995
0.0001384367838
-4.030953951e-06
4.275220941e-06
-4.307594096e-06
4.318254449e-06
-4.301192532e-06
-0.0001387746435
0.0002624213309
-1.332283302e-05
1.413928073e-05
-1.416681751e-05
1.414421583e-05
-0.0002634226156
-4.618156685e-06
-0.000134336216
0.0001345070764
-0.0001344693898
0.0001344212817
-4.491552149e-06
4.52524735e-06
-4.573355461e-06
4.621089768e-06
-0.0001345047281
5.29759707e-06
-5.269502395e-06
-0.0001237785409
0.0001254702011
5.06182034e-06
5.031406328e-06
0.0002505791555
-1.320340042e-05
1.402007359e-05
-1.404688397e-05
1.409852621e-05
-0.0002510762391
-0.000120201439
-5.423890871e-06
3.737290564e-05
-3.734668907e-05
0.000576706708
-0.0005736930237
0.0005736423609
0.0005859721191
3.723470219e-05
0.0005858725492
0.0005831985202
1.044516433e-05
0.0002949293921
-9.168007928e-06
-0.0002946681319
0.0002943944963
-0.0002942920415
1.234090579e-05
-1.145523085e-05
1.155768568e-05
-1.098194102e-05
-1.157491349e-05
1.158121884e-05
0.0002920058127
-9.957892382e-06
-0.0002968189066
0.0003001213647
-0.0003011124622
0.0002993280185
7.104324299e-06
1.093268642e-05
0.0002789562737
-1.093638748e-05
-0.0002778841292
0.0002778868919
-0.0002778890711
1.259338539e-05
-1.177629418e-05
1.177411494e-05
-1.177739098e-05
-1.177200792e-05
0.0002774898214
-0.0002815248689
1.259827545e-05
-1.175629198e-05
1.175540716e-05
-1.175818741e-05
-1.175343987e-05
-0.0002800522778
0.0002805819351
-0.0002805799678
0.000280577349
1.093900594e-05
1.088734107e-05
0.0002864715782
-1.086097648e-05
-0.0002849963114
0.0002849694337
-0.0002849689518
1.254964735e-05
-1.173076645e-05
1.173124829e-05
-1.170569637e-05
-1.175798966e-05
0.0002844665638
-0.0002888534707
1.244629223e-05
-1.162685248e-05
1.165377587e-05
-1.167933545e-05
-0.0002870009939
0.0002877948114
-0.000287820371
0.0002878471565
1.086187493e-05
-1.440612194e-06
0.0003018642645
0.0003028036988
0.0003067952083
1.26633165e-05
-1.119971051e-05
0.0003091876886
8.807230209e-06
-1.133947519e-05
0.0003121297174
0.0003055730952
4.546908605e-06
-0.0001541344038
-2.036095656e-07
-9.795789288e-07
-4.243077861e-06
0.0003064463977
-0.0003068065949
0.0003015839382
-0.0003065938895
0.0003149963051
-1.89816807e-06
3.058519008e-06
0.0001210970105
4.880593811e-06
0.0001432753388
-4.272451909e-06
4.286560186e-06
-4.348423158e-06
4.279521156e-06
4.407349355e-06
-0.000143487128
0.0001423984695
-4.02493895e-06
4.29983805e-06
-4.296352707e-06
4.326350015e-06
-0.0001431254052
2.073247146e-06
-2.206319314e-07
-0.0001522053336
-3.560721929e-06
0.0001489657097
0.0001540183457
8.023112472e-07
0.0001371185441
-4.284664722e-06
4.628818687e-06
-4.453586534e-06
4.767672203e-06
4.318159163e-06
-0.0001374833489
-4.829813247e-06
-0.0001358583265
0.0001360528194
-0.0001360756544
0.0001360447532
-5.013907253e-06
4.861153242e-06
-4.892054498e-06
4.880744924e-06
-0.000136285641
0.000140136221
-4.447033312e-06
4.450846191e-06
-4.465849962e-06
4.44452106e-06
4.522803926e-06
-0.0001400326174
0.0001388603142
-4.236462959e-06
4.361995982e-06
-4.398448567e-06
4.43182935e-06
-0.0001392234508
-5.563374636e-06
-4.43673708e-06
-1.203874565e-05
1.438372566e-05
-9.084530763e-06
0.0001561557357
0.0001623639504
-0.0001581612714
1.354392468e-05
0.0001273123341
5.1834947e-06
5.060205923e-06
-0.0001223241881
0.0001244293257
5.187256246e-06
5.025332072e-06
-0.0001252523383
0
0
-1.480256566e-05
0.0002420425026
9.719643464e-06
0.0006116556903
0.0006090767479
0.0005965014536
-3.067215769e-05
3.575644358e-05
-3.594418863e-05
-2.547627483e-06
0.0006159623961
1.938493398e-05
-0.0006076136347
0.0004859708706
5.058870157e-05
0.0002711245819
-1.339769255e-05
1.424053158e-05
-1.421840199e-05
1.422014477e-05
-1.424726103e-05
-0.0002719572985
0.0003033213346
-2.524403928e-06
8.976797978e-06
-4.538102647e-06
-0.0005479130466
-4.083039905e-05
-4.083922935e-05
-0.0005603570621
4.417408914e-05
-4.083117014e-05
4.085098542e-05
-4.081252314e-05
-4.08443146e-05
0.0005569079953
0.0002744611643
1.424892842e-05
-0.0005736188752
4.398514545e-05
-4.069237541e-05
4.071586108e-05
-4.065487955e-05
-4.079100893e-05
0.0005708842515
-0.0005876554336
4.367444287e-05
-3.987151583e-05
4.042713514e-05
-4.054355121e-05
0.0005857561331
8.753903512e-06
0.0003092981324
-4.79465373e-06
-0.0003117016375
0
0
0
0
0
0
0
0
0
0
0
0
0
0
0
0
0
0
0
0
0
0
0
0
0
0
0
0
2.420380594e-06
-2.122955323e-06
4.472352938e-07
-1.021708685e-07
9.433266074e-07
3.889106301e-09
-4.70855713e-07
1.95329772e-05
-8.488195404e-06
2.661371052e-06
-2.088557276e-06
3.073890828e-06
1.500141298e-06
-1.529440723e-05
3.028997604e-05
-1.266236122e-05
4.292606477e-06
-4.147027171e-06
4.697837929e-06
3.303801336e-06
-2.766713104e-05
3.553367173e-05
-1.470585872e-05
5.556777256e-06
-5.278601426e-06
5.835180531e-06
5.01222925e-06
-3.444019189e-05
4.067972701e-05
-1.678401354e-05
6.929036326e-06
-6.56171822e-06
7.307990469e-06
6.184374938e-06
-3.925189478e-05
4.69985321e-05
-1.921605513e-05
8.86573864e-06
-8.132320182e-06
9.091442097e-06
7.716555485e-06
-4.489842361e-05
9.647265393e-06
-4.995819643e-05
-1.224053763e-05
0.0006120100193
3.466831004e-05
-0.0005977050365
-9.333756586e-07
-0.0003154568942
-0.0001424782337
-1.008557575e-05
9.320062613e-06
-0.0001418709805
-7.707277954e-06
7.10002477e-06
-5.898592524e-06
5.449850025e-06
-0.0001419055662
-1.061419065e-05
-0.0001415356497
-8.077194463e-06
-6.189366882e-06
-0.0001228656105
7.599147727e-06
-7.484684482e-06
-0.0001229570609
5.803750473e-06
-5.712300013e-06
4.417810474e-06
-4.349126002e-06
-0.0001167828893
-7.369789031e-06
7.461804943e-06
-0.0001168289142
-5.597376073e-06
5.643400917e-06
-4.257051813e-06
4.326224113e-06
-0.0001224885195
7.736493495e-06
-0.0001225571872
5.872418222e-06
4.486462875e-06
-0.0001221015811
7.713662944e-06
-7.73645032e-06
-0.0001220788562
5.872587659e-06
-5.895312599e-06
4.486516444e-06
-4.486437176e-06
-0.000110769506
-8.18579515e-06
8.208250185e-06
-0.0001108144733
-6.209731263e-06
6.254698505e-06
-4.756236141e-06
4.77861328e-06
-0.000130198481
-8.660643979e-06
8.29293962e-06
-0.00012990957
-6.598934551e-06
6.310023575e-06
-5.054187607e-06
4.817754369e-06
-0.0001398517704
-8.792077977e-06
-0.0001397729596
-6.677745325e-06
-5.133004553e-06
-0.000141084338
1.154230879e-05
-1.215326711e-05
-0.0001406327692
8.819695416e-06
-9.271264298e-06
6.746208674e-06
-7.118103556e-06
-0.0001420888493
1.098501407e-05
-0.000141690829
8.421675119e-06
6.427754085e-06
-0.0001205878088
6.765075725e-06
-6.788882856e-06
-0.0001205878795
5.155687766e-06
-5.155617022e-06
3.931554296e-06
-3.931552399e-06
-0.0001259432681
6.74164008e-06
-6.74165504e-06
-0.00012594328
5.108529069e-06
-5.108517188e-06
3.90795734e-06
-3.907969077e-06
-0.0001264900443
-6.765156621e-06
6.765157508e-06
-0.0001264900607
-5.132022699e-06
5.132039061e-06
-3.93149582e-06
3.931479533e-06
-0.0001263434294
6.788859177e-06
-0.000126319651
5.131909373e-06
3.931607371e-06
-0.0001266727576
-6.765155734e-06
-0.0001266492012
-5.155579095e-06
-3.907939348e-06
-0.0001034005571
-7.254627825e-06
-0.0001034696566
-5.528276545e-06
-4.211067404e-06
-0.0001230314499
-7.231717038e-06
7.231685928e-06
-0.000123008259
-5.505356863e-06
5.482166e-06
-4.188007841e-06
4.188066201e-06
-0.0001257371279
6.718191479e-06
-0.0001257605735
5.13197459e-06
3.884513499e-06
-0.0001248210206
7.208230026e-06
-6.974919561e-06
-0.0001250076713
5.48187525e-06
-5.295224529e-06
4.16456415e-06
-4.047917254e-06
-0.000124438145
-7.278079834e-06
-0.0001244382288
-5.505273108e-06
-4.234436862e-06
-0.0001248221964
7.254789039e-06
-0.0001248688042
5.528483031e-06
4.234473426e-06
-0.0001214204927
7.645749847e-06
-7.691042144e-06
-0.0001213978383
5.804571899e-06
-5.8272263e-06
4.441152117e-06
-4.463762692e-06
-0.000121943637
7.713707726e-06
-0.0001219208633
5.849813937e-06
4.486493144e-06
-0.0001212171541
7.600530826e-06
-0.000121217136
5.804553851e-06
4.418571773e-06
-0.0001190250333
-7.938197094e-06
-0.0001192050822
-6.029682387e-06
-4.59856818e-06
-0.000141985376
8.844781354e-06
-0.000141615724
6.730372712e-06
5.159395636e-06
-0.0001320317743
-1.507904844e-05
1.434503896e-05
-0.0001314632445
-1.154151935e-05
1.097298954e-05
-8.83945772e-06
8.407123595e-06
-0.0001412147838
-1.593956113e-05
-0.0001405547094
-1.22015937e-05
-9.349938011e-06
-0.000201159369
1.33853455e-05
-0.0002004236047
1.023722526e-05
7.83928117e-06
-0.0001208589583
1.276500842e-05
-0.0001203982971
9.776564044e-06
7.463868694e-06
-0.0001416274924
-1.077273797e-05
-0.0001414688508
-8.2358361e-06
-6.268553414e-06
-0.0001230028438
-7.461800188e-06
-0.0001230487048
-5.666438994e-06
-4.349152871e-06
-0.0001223577849
-0.000122380823
-0.0001223976829
7.736436933e-06
-0.0001224205748
5.895310171e-06
4.50927045e-06
-0.0001222837561
-0.0001222837585
-0.0001654951282
8.185900602e-06
-0.0001654727697
6.232339982e-06
4.778681252e-06
-0.0001411121688
-0.0001410595414
-0.0001408130454
1.72213044e-05
-1.873954631e-05
-0.00013964559
1.318634332e-05
-1.435379866e-05
1.010721003e-05
-0.0001427948076
-0.000141810058
2.07562872e-05
-2.277387102e-05
-0.0001351809379
-1.976827375e-05
-1.514672285e-05
-0.0001226115165
-0.0001350742104
-0.0001345689106
-0.0001418958719
-0.0001417100329
-0.000106465714
-6.788817593e-06
-0.000106465719
-5.155612039e-06
-3.931612272e-06
-0.0001261495101
-6.741602748e-06
-0.0001261259865
-5.132040785e-06
-3.907980816e-06
-0.0001263078591
-0.0001263078608
-0.0001270381503
6.765153709e-06
-0.0001270381665
5.131925573e-06
3.931591246e-06
-0.0001268317996
-0.0001268554532
-0.000114122669
7.208524343e-06
-0.0001141226731
5.482170186e-06
4.188059855e-06
-0.0001255311563
6.764942986e-06
-0.0001255544681
5.155286451e-06
3.907934533e-06
-0.0001251152619
-0.0001252551999
-0.000124596753
-7.254750218e-06
-0.0001245502693
-5.551756868e-06
-4.211192335e-06
-0.0001247328415
-0.0001247561153
-0.0001215784394
-7.691033255e-06
-0.000121555838
-5.849827688e-06
-4.463752083e-06
-0.0001217383369
-0.0001217383506
-0.0001209444013
7.668154728e-06
-0.0001209895497
5.849702262e-06
4.44101884e-06
-0.0001202661527
-0.0001204461328
-0.0001331584234
7.348556754e-06
-7.453363584e-06
-0.0001330797682
5.575498553e-06
-5.654153723e-06
4.266820929e-06
-4.319261548e-06
-0.0001394444569
7.322453266e-06
-0.0001394184166
5.549458232e-06
4.266849108e-06
-0.0001394024312
6.152089314e-06
-6.437327606e-06
-0.0001392209165
4.691280947e-06
-4.872795631e-06
3.564572519e-06
-3.72012173e-06
-0.0001377690898
5.817484716e-06
-5.791837097e-06
-0.000137769018
4.408003081e-06
-4.408074874e-06
3.358582453e-06
-3.33292153e-06
-0.0001392209818
6.048652574e-06
-0.0001391174227
4.587721897e-06
3.486926725e-06
-0.000134758749
6.19409339e-06
-5.918263278e-06
-0.0001349592643
4.709390028e-06
-4.508874777e-06
3.584589819e-06
-3.409016757e-06
-0.0001287390039
-5.767069617e-06
5.792485451e-06
-0.0001287642884
-4.383004135e-06
4.408288595e-06
-3.333466662e-06
3.333472532e-06
-0.0001375592475
5.868680224e-06
-0.0001375848343
4.433589866e-06
3.38421205e-06
-0.0001133452708
-5.716372048e-06
-0.000113396072
-4.332202879e-06
-3.282666728e-06
-0.0001342295585
6.469968869e-06
-0.0001344302427
4.9100743e-06
3.735069285e-06
-0.0001332462761
6.69447433e-06
-6.669613447e-06
-0.000133271141
5.084739807e-06
-5.059874923e-06
3.859893481e-06
-3.859927631e-06
-0.0001330635851
6.694473666e-06
-0.0001330883839
5.109538632e-06
3.859917262e-06
-0.0001135506588
8.141064194e-06
-8.163526023e-06
-0.0001135283269
6.209983837e-06
-6.232315739e-06
4.756279601e-06
-4.733819468e-06
-0.0001188278202
8.118816093e-06
-0.0001188278252
6.209988843e-06
2.423679318e-05
-0.0001399080776
6.722835754e-06
-6.931187784e-06
-0.0001397257245
5.080270151e-06
-5.262623251e-06
3.901797745e-06
-4.006005282e-06
-0.0001397836045
6.644566891e-06
-0.0001397315002
5.028165822e-06
3.849733706e-06
-0.0001384318657
-6.20321192e-06
6.074621945e-06
-0.0001383289975
-4.716617257e-06
4.613749069e-06
-3.564219208e-06
3.53866534e-06
-0.0001383585046
-6.100030647e-06
-0.0001384359657
-4.639156176e-06
-3.538462364e-06
-0.0001354345257
-5.817752853e-06
5.842913386e-06
-0.0001354345134
-4.433538839e-06
4.433526611e-06
-3.358749751e-06
3.358761235e-06
-0.0001355669409
-5.843006337e-06
-0.0001355921977
-4.408282081e-06
-3.358739145e-06
-0.0001371555578
5.971226332e-06
-6.073145405e-06
-0.0001370791328
4.536127366e-06
-4.612552394e-06
3.46107215e-06
-3.511999029e-06
-0.0001360633124
5.767552042e-06
-0.0001359104912
4.383306131e-06
3.333734862e-06
-0.0001339797741
6.594988249e-06
-6.569974493e-06
-0.0001340296918
5.035043662e-06
-4.985126017e-06
3.810073866e-06
-3.810053062e-06
-0.0001338214952
6.644888615e-06
-0.0001338214345
5.034982969e-06
3.835038589e-06
-0.0001310254094
-6.768656723e-06
6.74398229e-06
-0.0001310500141
-5.134211736e-06
5.158816388e-06
-3.909472262e-06
3.909481962e-06
-0.0001325134794
-6.768671349e-06
-0.00013253821
-5.109481126e-06
-3.909464293e-06
-0.0001695574026
-0.0001696035089
-0.0001177414862
-7.715516004e-06
-0.0001175317403
-5.863899545e-06
-4.502823153e-06
-0.0001943912405
-0.0001939451164
-0.00014012771
7.165806957e-06
-0.0001400233434
5.445091652e-06
4.162487764e-06
-0.0001396205092
-6.644619708e-06
-0.0001394390853
-5.054219541e-06
-3.849711062e-06
-0.0001381068572
-5.868955341e-06
-0.0001380554418
-4.459490256e-06
-3.410010502e-06
-0.0001389121421
6.022711974e-06
-0.0001388862831
4.561862948e-06
3.461088839e-06
-0.0001349427752
-5.842915865e-06
-0.0001350181214
-4.433528588e-06
-3.383950616e-06
-0.0001350225846
5.792416073e-06
-0.0001350225593
4.408263303e-06
3.358729946e-06
-0.0001372743005
5.996416442e-06
-0.0001373766048
4.535894258e-06
3.435240226e-06
-0.0001854764341
-5.665646996e-06
-0.0001855271457
-4.281491288e-06
-3.257344929e-06
-0.0001342978636
6.520039576e-06
-0.0001343479277
4.960138326e-06
3.785128095e-06
-0.0001334301586
-6.644796628e-06
-0.0001334301571
-5.059876482e-06
-3.83503876e-06
-0.0001803361144
6.793173993e-06
-6.768573708e-06
-0.0001803606734
5.183412949e-06
-5.158853893e-06
3.934145537e-06
-3.934062033e-06
-0.0001100047505
6.793258117e-06
-0.0001100047446
5.183407012e-06
3.934160706e-06
-0.0001328810141
6.719170115e-06
-0.0001328809831
5.109507621e-06
3.884699753e-06
-0.000128755505
-6.645080834e-06
6.717181891e-06
-0.0001288516075
-5.035720699e-06
5.131823209e-06
-3.859720212e-06
3.883729005e-06
-0.0001289197521
-6.548917226e-06
-0.0001289918142
-4.963658654e-06
-3.81169405e-06
-0.0001301796758
6.694315577e-06
-6.718579826e-06
-0.000130155414
5.084707573e-06
-5.108969384e-06
3.884471535e-06
-3.884467625e-06
-0.0001300694283
6.597534264e-06
-0.0001300210812
5.036360492e-06
3.836105917e-06
-0.000124647109
6.744299703e-06
-0.0001245981204
5.134418375e-06
3.909657693e-06
-0.0001304791296
6.597513771e-06
-0.0001303812569
5.036545614e-06
3.81174178e-06
-0.0001303138101
-6.694271564e-06
-0.0001303381768
-5.084602685e-06
-3.884524203e-06
-0.0001304235754
-6.621257795e-06
-0.0001304721768
-5.036001303e-06
-3.835819468e-06
-0.0001286929026
6.741118982e-06
-0.0001286689065
5.107827189e-06
3.907731644e-06
-0.0001284862509
6.741176176e-06
-0.000128510211
5.13178727e-06
3.907722721e-06
-0.000100636146
-0.0001006361217
-0.0001194516825
-0.0001403165679
-0.0001401340995
-0.0001395450453
-0.0001395710991
-0.000138490598
-0.0001383363392
-0.0001385490202
-0.0001386263134
-0.0001352008829
-0.0001352008848
-0.0001357750643
-0.0001357750831
-0.0001369556112
-0.0001370322693
-0.0001258241583
-0.0001257223435
-0.0001341653381
-0.0001341903258
-0.0001336139123
-0.0001336388059
-0.0001215235202
-0.0001215235577
-0.0001326716025
-0.000132671576
-0.0001294562676
6.500888249e-06
-6.500892493e-06
-0.0001294562029
4.939580961e-06
-4.939645616e-06
3.763598494e-06
-3.763539704e-06
-0.0001292253759
-0.0001292494536
-0.0001296631179
-6.525013276e-06
-0.0001296389955
-4.963768001e-06
-3.763602055e-06
-0.0001299174979
-0.0001298449054
-0.0001311255617
-6.499671023e-06
6.499656193e-06
-0.0001311255502
-4.93864583e-06
4.938634306e-06
-3.762877965e-06
3.762869218e-06
-0.000131430675
-0.0001313327752
-0.0001308696685
6.523964702e-06
-0.0001308940426
4.963008417e-06
3.787244687e-06
-0.0001307098726
-0.0001307828655
-0.0001268321384
-6.741100517e-06
6.765011495e-06
-0.0001268559669
-5.131769738e-06
5.155598261e-06
-3.907653497e-06
3.907731877e-06
-0.0001283036116
-0.0001283035941
-0.0001176745121
6.764975549e-06
-0.0001176745817
5.155667813e-06
3.931547643e-06
-0.0001746059663
-0.0001746059106
)
;

boundaryField
{
    topAndBottom
    {
        type            calculated;
        value           uniform 0;
    }
    inlet
    {
        type            calculated;
        value           uniform 0;
    }
    outlet
    {
        type            calculated;
        value           nonuniform List<scalar> 0();
    }
    wing
    {
        type            calculated;
        value           nonuniform List<scalar> 
133
(
-0.000141422238
-0.0001412448753
-0.0001230257454
-0.0001168980865
-0.0001226258396
-0.0001220789354
-0.0001108368504
-0.0001296731368
-0.0001396941427
-0.0001402608743
-0.0001413723744
-0.0001205878814
-0.0001259432682
-0.0001264900444
-0.0001263197041
-0.0001266727577
-0.000103515641
-0.0001230083174
-0.0001257371296
-0.0001251243182
-0.0001243917997
-0.0001249387135
-0.0001213752278
-0.00012192084
-0.0001211945557
-0.0001193627502
-0.0001413252696
-0.0001310309104
-0.0001400442291
-0.0001998557623
-0.0001200228846
-0.0001413896642
-0.000123048678
-0.0001224037518
-0.0001224433824
-0.0001222609252
-0.0001654728376
-0.0001410331503
-0.0001387458654
-0.000141052786
-0.0001342231455
-0.0001415508322
-0.0001064656591
-0.0001261259747
-0.0001262843621
-0.0001270381503
-0.0001268318013
-0.0001141226668
-0.0001255778892
-0.0001253951827
-0.0001245735138
-0.0001247328342
-0.0001215558486
-0.0001217156096
-0.0001210119967
-0.0001206036822
-0.0001330273276
-0.0001394184448
-0.0001390653673
-0.0001377946789
-0.0001390397769
-0.0001351348373
-0.0001287642942
-0.0001376104639
-0.000113446872
-0.0001345807222
-0.0001332711068
-0.0001330884077
-0.0001135507871
-0.0001187831204
-0.000139621517
-0.0001396794361
-0.0001383034436
-0.0001384617226
-0.0001354345249
-0.0001355922083
-0.0001370282059
-0.0001357831539
-0.0001340297126
-0.0001338463993
-0.0001310500238
-0.000132538218
-0.0001696265165
-0.0001173481787
-0.0001936301852
-0.0001399189821
-0.0001393094959
-0.0001379783529
-0.0001388604452
-0.0001350431876
-0.0001350478167
-0.000137427633
-0.0001855524675
-0.0001343979865
-0.000133455046
-0.000180360757
-0.0001100047598
-0.0001329057656
-0.0001288756163
-0.0001290398403
-0.0001301554179
-0.0001299727156
-0.0001245736174
-0.000130283341
-0.0001303381202
-0.0001305208815
-0.0001286929092
-0.000128510202
-0.00010059126
-0.000139977617
-0.0001395710764
-0.0001382076844
-0.000138703687
-0.0001352260742
-0.0001357750923
-0.0001371090281
-0.0001256459536
-0.0001342152507
-0.000133638806
-0.0001215481378
-0.0001326963406
-0.0001294562617
-0.0001292975492
-0.0001296389331
-0.0001297724015
-0.0001311255415
-0.0001312839114
-0.000130918418
-0.0001308314402
-0.0001268560453
-0.0001283035249
-0.0001176983975
-0.0001746059752
)
;
    }
    front
    {
        type            empty;
        value           nonuniform List<scalar> 0();
    }
    back
    {
        type            empty;
        value           nonuniform List<scalar> 0();
    }
    procBoundary0to1
    {
        type            processor;
        value           nonuniform List<scalar> 
49
(
0
0
0
0
0
0
0
4.593327709e-06
0.0002405832327
1.562643902e-05
1.222947134e-05
3.91968673e-06
0.0001111970954
4.728771234e-05
3.385801771e-05
4.389502952e-05
1.305174182e-05
5.466963429e-06
5.036804046e-06
1.146191947e-05
0
0
3.62165692e-05
5.421270091e-05
0.0001071554781
0.0001208455947
0.0001405659379
0.0001389079343
5.436367476e-06
5.536172756e-06
1.477410873e-05
9.098616258e-05
7.329509777e-05
0.0001380263186
0.0001313296408
0.0001235912486
0.0001331358312
3.718234483e-05
4.054799917e-05
5.467437223e-06
5.390352787e-06
1.392398653e-05
5.061357466e-05
2.113099117e-05
9.429730668e-06
4.71157484e-06
8.096560201e-06
-0.0001194070807
6.165387034e-06
)
;
    }
    procBoundary0to2
    {
        type            processor;
        value           nonuniform List<scalar> 
58
(
0
-0.0006059010854
-0.000319927363
-0.0001527447445
-0.0001628493189
-0.0001522973847
1.72418709e-05
-0.0001570264336
-0.0001262834572
-0.0002149202532
-0.0001009651946
0
-5.73385094e-07
-0.0004990339291
-0.0001783511705
-0.0009665456101
-0.0006209218765
-0.001232874588
-0.001060615717
-0.0006086635814
-0.001247310266
-0.0006041292007
-0.0002985427303
-0.0003057712313
-0.0001534553107
5.076350798e-06
-0.0001633598745
-0.000151507942
-0.0001594480485
0
-0.0006032613943
-4.444900008e-05
-1.146782915e-05
-0.0003815791367
-0.0002732072371
-0.0008592030359
-0.0007425403264
-0.001196078033
-0.001138027038
-0.001231818448
-9.850651854e-06
-0.001243218154
-0.0006022265332
-1.486226962e-06
-0.0002978868987
-0.0002984448721
-0.0001508592833
-0.0001630277618
-0.0001570647556
-0.0006115246819
-1.10069347e-05
-0.0002061500681
-1.590388599e-05
-0.0001343880137
-0.0001218543533
-0.0001337752659
-2.632406384e-05
-0.0001299074139
)
;
    }
}


// ************************************************************************* //
