/*--------------------------------*- C++ -*----------------------------------*\
| =========                 |                                                 |
| \\      /  F ield         | OpenFOAM: The Open Source CFD Toolbox           |
|  \\    /   O peration     | Version:  v2012                                 |
|   \\  /    A nd           | Website:  www.openfoam.com                      |
|    \\/     M anipulation  |                                                 |
\*---------------------------------------------------------------------------*/
FoamFile
{
    version     2.0;
    format      ascii;
    class       volScalarField;
    location    "1.66";
    object      k;
}
// * * * * * * * * * * * * * * * * * * * * * * * * * * * * * * * * * * * * * //

dimensions      [0 2 -2 0 0 0 0];


internalField   nonuniform List<scalar> 
3259
(
37.00052941
37.0030678
36.99804148
36.98680837
36.97571418
36.96651901
36.9607961
36.95720858
36.91082567
36.90943848
36.908784
36.9084231
37.00925054
37.02204197
37.00882261
36.96375286
36.90749896
36.86182507
36.81042722
36.79020126
36.73545696
36.73086041
36.72864303
36.72760083
37.06070844
37.08178949
37.05678397
36.98541748
36.88022196
36.7767795
36.68140349
36.63616871
36.56762999
36.55732499
36.5524117
36.55044802
37.21961235
37.23206848
37.17841619
37.07036412
36.92006775
36.76010468
36.59379168
36.50569189
36.41026258
36.3906288
36.38102406
36.37727347
37.58008615
37.56524592
37.44037873
37.25268133
37.03539866
36.8057256
36.57130969
36.40799914
36.26832013
36.2307551
36.21347986
36.20677026
38.38652395
38.28898192
37.94605033
37.58987135
37.24975365
36.92164171
36.59389171
36.35029897
36.14245132
36.07697053
36.04834039
36.03706875
40.25179075
40.06286738
38.87043386
38.14131427
37.58456402
37.11004573
36.65723475
36.33557164
36.03220883
35.92946381
35.88457708
35.86695402
42.95678691
40.38083625
38.92444384
38.04272194
37.36861844
36.75949956
36.3460232
35.93940781
35.78920631
35.72286235
35.69707862
47.7083692
42.25224678
39.87177905
38.58407729
37.67720145
36.88798929
36.37120186
35.86262198
35.65855861
35.56642448
35.53088698
51.01545232
43.96624581
40.83670927
39.15761881
38.00317783
37.02916578
36.40582943
35.80261969
35.54143706
35.42059606
35.37385727
52.64567932
45.26157905
41.70227865
39.6978616
38.31834778
37.16665036
36.44609315
35.75594472
35.44080257
35.29056263
35.23177815
53.3413067
46.15050962
42.39840839
40.15449039
38.58828569
37.28798767
36.48616815
35.72341639
35.35722558
35.17916738
35.10819054
48.24775609
43.34481362
51.90925907
48.70629515
53.61393257
52.21422542
54.29615869
53.727768
54.33649662
40.21052843
42.84002117
39.97755616
52.13575466
45.04267254
47.1792474
42.68085445
40.95156364
56.03595137
58.06838808
50.71132278
44.80527655
43.25675836
54.76690593
54.25395208
52.51373438
46.35047859
45.25636333
56.28376262
55.38943053
39.74071512
57.15225892
56.92095665
57.98808454
52.47482752
46.12153191
51.42872275
56.61721475
54.34517123
55.81387569
50.50312894
56.92256704
55.94657562
56.82196235
57.03080867
50.25516375
55.22284581
54.85538592
53.14719185
56.45870223
56.70346676
55.89422918
56.41506743
52.95840399
56.87627843
56.37980985
41.21375356
42.39620559
57.18037489
39.58588183
64.01640857
48.13864413
49.86217192
53.30076838
47.3425354
46.65452988
58.70332465
48.83797128
47.23483951
44.65120387
50.42902529
45.48391123
46.77738037
42.91420156
54.09207404
56.95097704
57.06243176
56.73343186
56.93391833
54.02254888
41.95541744
44.42728319
41.94577007
41.94798424
69.00110121
49.03055164
63.72827102
47.11377136
59.97459242
48.15314202
57.64046415
57.78505959
54.42803169
54.39534405
40.99640359
46.46571528
55.94708762
41.49107305
41.88991735
48.30763342
41.75209568
55.82990769
51.91231455
49.73647483
52.22605508
56.0452526
55.65226677
55.19227221
55.32256114
56.46225394
54.65014053
54.04441426
55.2429621
54.81680746
56.38517673
57.560808
52.67374947
51.61256082
53.81101282
52.98586273
57.55399532
55.41148254
49.0256446
55.34075758
42.25899635
45.93915972
56.63177573
42.30342415
40.87117405
60.16775559
52.53583135
63.5418927
39.93206133
40.66238201
55.48150209
41.26560892
45.67841077
43.55210089
47.12721406
43.43148372
43.67337952
56.79940284
60.01171313
58.69592052
58.11826692
54.54277339
44.78799568
44.97830162
48.50016207
47.89713337
54.11739563
57.3880135
61.46221474
60.34712385
54.02064108
49.43210935
47.91831318
51.21506553
49.90674612
54.39758022
54.6674386
49.5831942
48.84675568
55.44871726
45.14719728
45.38381847
55.05321504
56.57409134
55.98935603
55.90837861
55.89257019
55.63491578
55.35494422
55.87237906
55.7036367
55.90349847
56.69855566
46.57733137
50.82358858
53.07287801
57.2570788
56.56675318
56.0749233
49.89865882
49.74050341
39.83374342
39.82352438
59.04638288
60.15684432
49.59043572
60.64510608
45.13287965
41.19167638
44.57873575
49.39527767
54.81797792
69.32038702
56.57113245
52.70643326
60.57994143
57.42090129
51.96122665
48.75264357
54.43972991
56.35125976
55.5924485
57.09593208
58.06228917
58.28930988
56.87953656
45.91321855
45.01912442
54.481778
47.73879809
47.70204304
45.24215541
47.29309309
47.64929788
54.16656903
47.70410354
46.26679944
41.70209503
42.32140848
41.23473495
50.7023708
49.72319846
43.97149635
47.65066437
46.14504077
49.33901282
48.16658074
43.07884053
43.25041104
40.87047045
40.00187803
61.26079372
60.65263359
57.08374352
62.43845518
63.40058572
63.41860196
62.36950987
61.55627303
63.69782451
62.19784756
54.31098646
60.25253338
61.35017397
50.65172064
49.73392684
54.79369784
55.46245242
52.25661268
51.04838276
43.98005194
43.52015592
45.71856153
44.38433105
49.23014448
43.72120375
44.76589283
43.40085343
43.42822604
54.79327812
41.26314424
53.67095578
48.60921542
53.33046373
41.03327055
59.85997223
42.48917834
40.41314243
39.10177564
57.73194052
57.24687638
47.53872451
57.7103168
57.07371501
57.10869572
54.47020508
45.83381699
45.12867446
48.72130772
54.62201193
45.71086136
45.87659027
41.38831796
41.74681989
44.20944077
50.70484059
54.59247907
57.46312968
43.00056361
41.38349149
41.58542462
51.52610025
53.22971536
57.06651487
58.29648112
60.00470993
53.90265719
49.13680024
44.57177221
61.24997974
54.29925857
43.5393811
64.64502622
49.61057068
42.84267328
44.66166295
57.80981676
40.04144627
40.19788858
49.1875741
47.39228778
45.76464477
47.87895736
45.16192218
40.68089436
40.10435925
43.10658844
43.39641413
46.4136016
65.78003715
60.82056506
58.16906282
68.83432458
65.84871527
41.13987455
44.35692519
43.26398726
51.17508253
50.56932005
44.05262491
51.88642122
51.03772615
41.26295534
48.6651029
42.15283303
42.45009251
47.52968942
40.59770903
41.4180662
48.58233496
48.26683734
42.88417368
43.33061804
48.79299525
48.19816227
48.62665735
55.12287733
45.53907672
46.85703227
60.3354993
57.57380677
56.7323093
46.31237375
44.70752972
40.29750756
56.89167063
57.4248952
60.99810458
42.38365098
55.73303247
50.29997546
56.07281168
54.87877749
43.78183987
44.76116331
45.51043394
50.30639696
54.14772553
54.55146767
53.52079065
53.8285406
59.62531568
58.84339257
59.15591696
58.18565712
58.50891012
59.13295231
48.29867194
47.57750069
47.86700548
47.15376541
47.3481276
48.2516825
60.99914623
59.89594753
59.92136122
59.46238704
59.72312322
60.67074121
49.1732308
48.74504387
49.06494202
48.14101872
48.44764139
48.95507294
52.78436911
52.93897235
52.02728076
52.21478687
63.16882165
62.52032777
60.26514279
47.57792723
63.09862302
61.69178271
67.50175377
61.94352984
64.36667519
59.87817832
51.33020743
66.18024595
60.74285777
50.39390154
50.02365374
59.13012386
46.83887657
51.35838143
57.02881079
54.53392698
56.00010805
53.71510588
64.9145043
61.28767561
65.33391201
59.38712347
62.248699
64.95349359
66.4050507
65.74758239
55.77272551
56.09543346
56.43234608
55.28736877
55.51651006
55.4599672
57.78353817
57.51210105
57.84143472
56.81828677
57.14636186
57.33931208
45.60531302
47.83092754
47.810395
47.63092727
47.76201534
46.01445997
48.07867906
47.75418893
47.2621205
48.04487994
48.44175874
47.06514442
47.2202501
47.12299777
47.7211092
47.50492585
46.59725864
50.85193843
47.07719284
41.37169046
52.35112566
52.30515421
51.9871208
43.04560591
50.87233722
50.38694671
41.85748767
41.94349385
45.85950129
61.08445565
59.80959204
59.73296333
59.82754952
59.84727279
60.86329795
62.85696814
63.06840584
62.23636815
65.46760438
65.37916123
65.34463742
65.47336211
62.09068403
63.8854713
64.82066137
66.77008204
63.93884851
50.44973284
50.0362862
50.37803056
49.37501162
49.71141031
50.02301697
51.75623246
51.28886288
51.54337904
50.7097603
51.02440216
51.46150129
47.90263027
47.8297554
48.75550338
44.07163937
45.62163419
44.01934076
47.93382899
48.20417066
47.80999287
47.90386257
44.40525269
43.29243448
45.70372375
44.43152624
47.58029446
47.64543109
43.28429508
52.77242249
42.55683246
43.52295772
41.01437606
41.70270304
53.47697217
52.23370334
51.68509039
44.78017516
47.9143184
53.79446557
58.97643989
37.0310803
36.99912784
37.0404604
37.06033009
37.02128591
37.06092583
37.04889478
37.01590816
37.03977034
36.99449841
36.97987498
36.9750749
36.90396211
36.92150852
36.87929086
36.81054763
36.87242269
37.1507242
37.04906188
37.16556118
37.18447256
37.08207272
37.18094185
37.15413588
37.06726906
37.13786252
37.06985996
37.00699636
37.04155973
36.94082439
36.90705271
36.90394749
36.79243703
36.79825102
37.44481737
37.20226795
37.46271962
37.4697032
37.23530895
37.45097999
37.38728861
37.19771584
37.3559041
37.24073458
37.1016107
37.19602141
37.04945471
36.96088284
36.99809409
36.84104423
36.79793664
38.07739967
37.55065633
38.11358241
38.11063096
37.56942478
38.02916672
37.85618471
37.4795907
37.7871615
37.56466106
37.30460786
37.48814479
37.26016486
37.09157312
37.18465876
36.96264116
36.86376479
39.88967123
38.32485006
39.91263506
39.67635414
38.3026193
39.32187545
38.7700662
38.03569492
38.58868849
38.11801993
37.67810918
37.97920739
37.6048638
37.33270914
37.4885671
37.16146071
37.00374325
41.43844611
41.47677398
40.24917454
40.86927516
40.18346876
39.70698938
39.95009304
38.9613496
38.29948239
38.71164916
38.08887451
37.71349967
37.91192738
37.44215616
37.22288702
44.77890031
43.37880497
42.05306273
41.78035361
40.04258792
39.20895616
39.64374404
38.70264629
38.23658843
38.44729689
37.78899266
37.52226355
49.1812707
46.48220448
45.35085538
43.57076268
41.17139948
40.31426504
40.62810764
39.35853729
38.85727718
39.02087849
38.1668836
37.88055112
51.78754844
48.70017636
47.99519221
44.9716886
42.16884871
41.42091917
41.51485178
39.98514212
39.51107132
39.57213453
38.53619455
38.25850665
52.99773347
49.95686518
49.6075685
45.94567898
42.98052062
42.38355881
42.25127151
40.51939324
40.11866637
40.05078662
38.86414881
38.62308752
53.49495318
51.06244764
50.94011302
43.14012895
40.63479461
38.93460228
47.48322609
48.91977039
50.1232763
43.62597626
44.46481163
44.00445778
51.56414173
53.66350891
54.12568093
50.49591679
51.50515442
49.42812483
53.46923079
55.15925583
55.37837481
54.24812218
54.58742177
52.49258248
54.22784489
55.23853195
55.2835509
54.95492336
55.02223487
53.84020957
55.31435222
55.35635053
54.39151366
52.90340546
53.88259157
54.14958922
41.45458759
54.66007318
52.03046639
42.27409068
42.43361711
43.07790253
40.14355806
41.38801768
41.09361571
51.55978753
52.34149636
52.96877944
45.70806961
46.52682541
45.88913086
45.00654817
43.70916183
45.36517266
42.10065008
43.11197085
43.81916341
41.68979489
42.39207633
41.51510828
56.26454907
54.49117374
54.12316347
58.82584516
58.69702758
58.13507892
47.72153332
46.80146521
49.5972878
44.32625975
45.75603481
46.30009546
44.50825613
45.15092199
43.80189473
54.67557015
52.617637
52.81689808
51.42251715
51.28300369
54.17821668
49.43152846
48.91954504
51.99216393
46.02974787
47.63488348
47.97041859
46.80051045
47.23697827
45.6557303
56.17560539
54.21463817
54.54079936
50.37932372
51.27093334
55.54430792
39.50554
39.49854008
40.08123958
57.07563033
53.70894834
54.88166027
56.29359091
56.42482461
56.9731906
57.8473738
58.97673389
58.93636262
53.57023538
54.19307532
53.01029213
47.12622791
48.48441605
46.92231485
51.99887883
50.54510739
49.87446877
54.01262381
53.51625691
55.79151379
54.44387105
51.7537796
51.58256802
53.76687694
53.43409385
55.63657885
52.85880742
53.49026873
50.93237905
56.66979397
56.51431784
56.42673537
57.07238561
57.0465071
56.10620001
57.28077132
54.86197517
54.43949949
56.34825169
56.15474316
57.33810119
49.60555482
51.80252765
52.62778816
55.04116668
48.91911355
50.06530858
52.95244427
53.05941231
54.9246925
54.96795421
55.12383673
53.32371602
56.4972539
57.12094272
57.13002861
56.04743491
56.00273801
56.60232754
55.82350852
57.10345281
57.09119851
57.14007939
57.14496467
55.98279261
52.73537368
54.67272588
54.91142663
56.81981857
56.00609075
56.15952255
54.7737598
55.01880665
56.47474424
55.20496756
39.55644448
49.38559146
53.761918
50.77757967
50.78702903
50.11674019
53.07289995
47.14903012
48.76348663
48.95161579
48.27657025
48.5287153
46.90544533
47.93376315
40.43527607
41.54013371
44.03659976
44.4475935
47.78869137
46.88698162
45.20705977
43.83263525
49.12492526
48.44721665
49.72591309
44.68122976
45.21547524
46.64075966
46.23826383
42.87832728
43.38188091
40.61285199
40.75767971
43.37561629
55.16381661
55.20845968
54.1765105
57.00388983
56.35039024
56.06068262
56.35402774
56.35079304
57.01104318
56.83280916
56.06585182
56.05537293
56.06674996
56.06867725
56.86126736
53.92710938
55.07102093
55.12340792
42.9852745
43.92065984
44.16522715
44.66280624
41.85836194
42.8827213
42.69168552
43.16097878
43.02724985
41.85102015
50.72930162
53.72509408
50.31950392
52.467475
48.22023872
46.37743307
56.83530578
55.21284944
59.42057098
46.76092165
48.32636655
50.09985266
57.18340677
57.00177091
57.51888727
57.87725871
57.69500936
57.52247218
52.14015674
52.14859952
54.44110808
54.33777322
51.90550994
52.08320641
53.5056955
53.89152955
56.06516406
41.35902766
42.44153322
42.11685364
45.43407643
44.94913936
41.61351245
41.86453489
41.79057604
42.05952036
55.69554444
51.5825496
51.96679263
51.23281495
46.09804203
47.12857364
42.1332424
43.24670489
50.49195663
57.79085551
58.09332451
56.41281663
55.22394031
56.96856653
57.42842903
52.87652659
52.68806491
55.05831714
55.41921604
53.14804607
53.04210655
56.90349584
56.82775495
56.61730632
54.46247428
55.72047215
55.87238531
55.33542467
55.54927441
54.26531556
55.11132422
56.24137567
56.33871497
56.00885125
56.13245382
54.9742407
56.17812033
57.01147331
56.96440828
55.55739916
55.20331139
57.38632412
52.34200569
53.63845726
53.97606843
52.86688309
53.26485871
51.98710334
53.55256047
54.86128938
55.11953513
54.30283448
54.58351064
53.28128564
57.43067694
56.11702733
55.81376765
47.31979297
48.45865251
55.78377859
55.26994787
53.5915972
53.71867194
43.73835623
51.69568011
52.11352819
52.79410331
52.29639884
44.29940057
56.5518308
55.24791702
55.46110242
41.91378316
40.51931523
40.53086253
42.41503162
41.69040896
40.86504256
48.11914016
40.09835608
43.42641904
42.17149173
43.6212169
44.64818223
44.93884779
44.47809717
43.40805738
47.5111106
44.90665286
45.96580485
46.42298001
47.86318713
43.64140853
44.66582201
44.33691449
44.98383366
44.8600973
43.71320914
55.41824449
54.90888005
56.52715916
58.13669257
58.51470427
58.35604774
52.26212293
52.42892458
54.5844249
44.71373822
48.26006556
47.97618333
49.15238756
48.68877685
44.80645631
54.12632819
51.17679281
51.16802658
58.81266283
58.96539987
57.65613492
51.85945049
51.1908683
52.99392051
48.94151775
49.90194779
50.46314582
48.73463088
49.33599829
48.43823581
50.79923051
51.9850014
52.44133481
50.99398068
51.50598281
50.36176363
55.45893424
53.00612741
52.44288466
52.11433494
51.93340753
54.55507674
55.48301824
53.15448034
52.98733061
45.25114825
49.70264654
49.48721455
50.02202872
49.86570655
45.30912117
54.99224183
53.13682491
53.2241966
57.10241622
57.11032947
56.53004487
55.96643214
56.81443707
56.81443911
56.79300059
56.80522682
55.94283998
57.11960908
57.11295361
55.83039302
55.54965906
56.563726
56.61985977
56.42421539
56.49901625
55.46191913
55.82225041
56.7454087
56.77235439
56.6691937
56.7109062
55.77118523
55.95038087
57.1325898
57.1282494
55.65805813
55.84413803
56.76640703
47.65236368
53.67744313
53.3088546
54.43641785
54.07131761
50.08048906
52.23980524
55.37340125
61.97124205
39.7775359
40.08341285
39.86448583
41.06214736
40.4371953
39.75948124
51.38140317
43.42360865
40.49479064
40.70503126
40.2922754
40.36256043
42.17296897
44.08846448
41.05103094
41.39894291
55.03838186
57.73180836
59.70744608
54.92847189
56.87428012
54.23649504
60.68059038
62.21032958
58.75589628
50.55031227
52.2809553
53.98959587
49.89681482
51.20830889
49.86635712
56.19435589
53.19265424
51.99036259
57.32583081
56.51474577
56.03987364
58.13432014
57.96594701
57.99161349
47.8739038
47.82969705
45.27747621
54.46667151
52.15317167
52.18676343
51.31104871
51.60393789
54.25210181
43.25399827
42.88007761
41.257271
50.42241945
46.89622993
47.3678323
45.77642848
46.34137084
50.05063875
47.15442849
43.10631852
43.49984911
42.64603134
42.78160147
46.59507965
48.99063474
44.72741116
45.20872805
43.92877676
44.30349995
48.53337462
42.59333306
41.77624035
41.79668994
39.83461854
40.14396334
45.19226874
40.63214157
39.6185075
39.63655169
39.76280138
39.62555214
40.19048086
56.75007273
58.35423192
58.60635156
55.88919306
56.46008562
54.77354478
60.84130223
58.73940064
58.17342701
59.57407956
59.21006366
61.28746849
54.92115116
52.49709487
52.30438279
53.04492814
53.14650737
55.46993335
43.73591974
43.02983591
42.76550333
43.80548365
43.42894774
43.60473215
45.32912469
42.58864302
42.61467956
42.61245761
42.58304722
44.8655962
40.73346011
40.57947705
41.49482835
40.90993835
41.17219919
40.90609082
41.7986728
40.99470164
41.16879377
39.92545914
40.36024337
41.00886573
39.36214208
39.83664322
39.48540876
49.1240046
49.26696576
47.68315209
57.14448233
56.36481448
56.35699816
56.39437856
56.37435884
57.07162448
45.62474344
46.7285844
47.0824869
45.88939835
46.41305307
45.58480117
52.17648052
47.75421985
47.83708712
48.8059232
51.96694699
60.03935285
45.80420092
46.96615371
46.60914367
47.36468598
47.29753311
45.84213175
42.40860222
42.1787461
41.6646601
43.51527916
42.71472705
42.92355885
51.17578164
51.75354669
51.25415883
55.6357703
53.47618838
52.67939605
55.04023993
54.21286434
56.49511808
42.43900411
40.15710004
40.46144728
39.7115344
39.8559907
41.85757564
40.63845485
39.56774257
39.6954364
52.11990034
55.05378206
54.75623079
55.56340158
55.31816477
52.69920614
59.06307402
56.49986826
55.75610765
57.66400923
57.05892
59.46656223
53.38330791
54.75876142
55.34055348
40.94547922
40.04842036
41.41334678
41.13207337
42.33057626
41.99579131
40.09475052
48.13397118
45.29660141
45.15697655
46.85075791
47.51497661
48.13032694
48.64896525
47.63576167
46.97915883
41.85363662
42.31875227
45.70343329
40.40688282
40.36734033
40.30827251
40.72174248
40.52308369
40.24196467
43.14737296
43.52613656
43.41116786
43.88282325
43.80088137
43.25204546
45.37564829
44.34844297
44.93851902
51.61160694
48.85755003
49.1578933
47.89250506
48.32016936
51.29983385
41.36664274
44.28351248
43.79034633
53.32307488
53.44717452
55.18861171
45.83881779
50.52068419
50.23608753
51.19318088
50.88212034
46.32840393
44.92155477
45.75591312
45.43920778
46.33768706
46.13068661
45.20392475
48.9446203
47.00981413
47.63211462
37.00488461
37.01045527
37.00277873
37.01148435
37.00830692
37.00167948
37.00005045
36.98489463
36.99199834
36.96539903
36.94679706
36.98121455
36.9299632
36.91538014
36.97077907
36.90374119
36.89248755
36.96344242
36.88418632
36.87797362
36.95881764
37.0163052
37.02375303
37.01503464
37.03154382
37.03103731
37.02179065
37.0163948
37.00636052
37.00211026
36.96501145
36.94607961
36.94986019
36.89390116
36.87677924
36.89545792
36.79395199
36.76403941
36.82346842
36.74193494
36.72514546
36.79916786
36.71293078
36.70671971
36.78396968
37.0881938
37.09906133
37.07122257
37.10793846
37.10489299
37.07969907
37.07815694
37.06249159
37.04262768
36.99974648
36.97262196
36.96024151
36.88387029
36.85258807
36.85076535
36.75781108
36.67692193
36.71425913
36.63012426
36.59546053
36.65614851
36.56987742
36.55449375
36.62216978
37.28486074
37.29773587
37.23171607
37.29010106
37.27949554
37.22492157
37.22705471
37.20100939
37.15570466
37.10528008
37.06763405
37.03619966
36.94073309
36.89578947
36.8783512
36.79011584
36.6630123
36.65935838
36.57063464
36.50414802
36.54416148
36.454804
36.42152545
36.47852226
37.72616081
37.72599016
37.59184447
37.68630736
37.64839344
37.54976459
37.53619737
37.48636632
37.39818244
37.32022281
37.26172908
37.20032358
37.07849182
37.0165675
36.97857773
36.88885733
36.69883128
36.67444684
36.57813037
36.46356283
36.47755878
36.37588062
36.31375382
36.3585629
38.73883224
38.7321137
38.41389453
38.53822562
38.42498069
38.23319427
38.13016073
38.02151352
37.85584844
37.70511148
37.60664442
37.50317051
37.31952609
37.22922584
37.16676868
37.05993609
36.79065499
36.73713794
36.62081425
36.47268655
36.46536109
36.33816865
36.23523208
36.2648385
40.57410629
40.61390131
40.33588662
39.19044644
38.93715577
38.6606322
38.31830644
38.14431113
37.99105325
37.68498791
37.54783483
37.46008264
37.30189344
36.93287083
36.85527616
36.70472888
36.51082314
36.48835107
36.33896
36.18729962
36.20268428
43.52758916
43.20830156
42.70521675
40.83784342
40.3008947
39.91907827
39.16397484
38.87822387
38.67264409
38.17129559
37.97161767
37.86071045
37.59854091
37.11835082
37.01980789
36.8217543
36.57173809
36.53848825
36.35770543
36.16279173
36.16904102
48.23444744
47.3011592
46.83203572
42.70963706
41.85635078
41.46682808
40.13509759
39.72118305
39.49151062
38.7308308
38.45933417
38.33226481
37.92335204
37.32894207
37.22073847
36.9584691
36.64872408
36.60819242
36.38821511
36.15694179
36.15638855
51.29859168
50.18862467
49.90374312
44.32775485
43.26662301
42.93928325
41.09417228
40.56464285
40.33854508
39.2978289
38.95474967
38.83376206
38.24355378
37.53974463
37.43442759
37.09944216
36.73331795
36.68990975
36.42680282
36.1618121
36.15851283
52.78134568
51.72434322
51.5758537
45.50950061
44.36320134
44.11828064
41.91270215
41.30135367
41.10750403
39.82042807
39.41607031
39.31010718
38.52834553
37.73026656
37.63822216
37.23015944
36.81565342
36.77412142
36.46900974
36.17018448
36.16641345
53.40676426
52.42596989
52.37749774
46.2991436
45.13373916
44.97858295
42.5476826
41.88729577
41.74442298
40.26167202
39.80998213
39.71427614
37.81318019
36.85164007
36.17586001
40.59145596
46.34981463
45.84123277
46.58304221
49.60756585
49.27885191
50.37629312
51.43997518
51.26597854
52.35269439
57.11921219
56.89757766
56.97183664
55.55121018
55.29029374
56.37743727
56.82661947
57.14406401
57.15924153
56.73425648
56.75041766
55.98977771
56.99677379
55.97498183
55.74980086
57.18458862
57.19831277
57.13482081
57.0723186
57.07699354
56.67660342
55.86328583
56.69926034
56.70926275
57.02696326
52.30027387
52.24034754
53.22381133
45.32184266
44.88463683
44.41245123
56.97765439
57.03629255
57.02839837
56.98255876
56.9901252
57.03965619
56.76665257
57.05818302
57.06273121
57.03168872
57.03340788
56.9104552
41.78501153
42.10739678
42.18098559
42.25540217
42.24908544
41.91466884
48.98874304
47.51564693
46.59048345
56.97640747
57.00695906
56.52097303
56.31786308
56.9040306
56.93704222
56.8813498
56.75209653
57.52802889
57.5341245
57.07926263
56.97534449
53.85984377
53.93981886
55.47114684
42.68131098
46.53996127
46.07108326
49.27806699
48.86707961
45.41738634
53.44391973
53.15960695
53.63123468
54.76045832
53.99534814
53.67437278
56.69850261
56.68881048
55.86982952
55.92006278
56.71635864
56.7043086
46.97247974
50.07914637
49.66386793
42.26876986
41.82688398
41.99112259
57.09712538
56.96811342
56.97460244
54.42638463
55.38831897
55.42279804
41.50258614
42.03592818
41.89582782
43.9242175
43.5133653
43.65513668
57.00761825
56.53581612
56.6533465
46.27529398
46.87855542
46.30686038
46.13525036
45.392058
45.53841605
37.01727904
37.00652316
37.04955313
37.03437859
37.0266905
37.04327751
37.03926976
37.05611398
37.01976876
37.0279582
37.030526
37.0593774
37.04348549
37.04462922
37.0345119
37.04053034
37.05583334
37.01938242
37.02853826
37.0236354
37.02686349
37.01479069
37.0264869
36.9858104
37.00143923
37.01211677
36.98849191
36.99378724
36.9814737
36.95178255
36.94751093
36.96838247
36.90351629
36.92767957
36.92973285
36.93482727
36.92842356
36.9097685
36.8534953
36.86266853
36.88397689
36.82664886
36.84513242
36.83200531
36.88308994
36.86252856
36.84774997
37.10787733
37.07441337
37.17857847
37.13371205
37.12263512
37.14311774
37.14120713
37.18458106
37.07819877
37.10631551
37.10909648
37.17511288
37.13710533
37.14127156
37.11903602
37.13018644
37.16693467
37.07530942
37.09951809
37.09022597
37.11802166
37.08737359
37.10495122
37.04410046
37.06726879
37.09546759
37.02633263
37.04446394
37.02335995
37.01011805
36.98918949
37.01830951
36.92509917
36.95830895
36.97668172
36.93482316
36.94437749
36.91386606
36.86619263
36.85736977
36.89163212
36.79034599
36.82421991
36.82886901
36.82352926
36.82204504
36.79158744
37.34416159
37.26832818
37.47058571
37.37637751
37.36552036
37.3715381
37.37514294
37.47566748
37.23568375
37.30170251
37.29830699
37.43092813
37.35627557
37.36714303
37.31342201
37.33734793
37.41297302
37.21376466
37.26728745
37.24936707
37.32050242
37.25587974
37.28629898
37.1862772
37.22258152
37.28193027
37.13017951
37.1719762
37.13999962
37.14836999
37.10592714
37.14740233
37.01424133
37.06126471
37.09956844
36.99983432
37.02779671
36.98510549
36.9459103
36.91842218
36.9667059
36.82182577
36.87001695
36.89336366
36.83767678
36.85152292
36.808252
37.84796894
37.69618431
38.11579523
37.91701658
37.894959
37.86045282
37.89307589
38.12417074
37.58192344
37.73323928
37.72710437
37.96167127
37.82872095
37.85515925
37.71081663
37.76952048
37.9162283
37.51662778
37.62081447
37.58193589
37.71520268
37.5908921
37.65185794
37.46459678
37.52878309
37.64083686
37.35332029
37.43332183
37.37770361
37.41271526
37.33187076
37.39828722
37.19651727
37.26472956
37.33670599
37.14694047
37.20195759
37.14025532
37.11017762
37.06051058
37.12864147
36.92453753
36.99248464
37.03627333
36.92138574
36.95452861
36.89245812
39.12553893
38.69156996
39.95683401
39.23811962
39.21472901
39.00694678
39.12064319
39.80695253
38.36561309
38.74611942
38.69900918
39.12033395
38.83045397
38.96467609
38.48693499
38.63923411
38.96078158
38.12959505
38.34240716
38.23939878
38.4224848
38.20631945
38.34395254
37.95297202
38.07578418
38.26594102
37.76665282
37.91375905
37.80802931
37.84961063
37.72026859
37.83484287
37.50411389
37.60927617
37.72566685
37.41706659
37.50949037
37.41312426
37.3760773
37.30098607
37.40250885
37.10357332
37.20129126
37.26722122
37.08458263
37.14058863
37.05240776
41.47339247
41.05634469
41.04099903
40.98800638
41.02647736
41.54435306
40.31169136
40.68802648
40.65902314
39.56863078
39.23586461
39.55327263
38.71984139
38.96106285
39.24271653
38.47099818
38.71081014
38.50586543
38.48595836
38.30669108
38.50330658
37.95652591
38.12525842
38.27910994
37.84847203
37.98147288
37.82899588
37.74593177
37.64653651
37.79758561
37.36292846
37.50157996
37.59027847
37.33966097
37.41703032
37.29125077
44.26733008
43.72149887
44.10427183
42.86729581
43.28125986
43.75874585
41.07748642
40.68038377
41.30666516
39.7467763
40.17106136
40.51069273
39.53473202
39.8577595
39.48601302
39.29424432
39.06723021
39.38316934
38.53333558
38.78670025
38.98280011
38.44507929
38.62053389
38.38646953
38.21204916
38.08568108
38.30100842
37.69540499
37.88439721
37.99325159
37.6869967
37.78461666
37.60863285
48.16659571
47.73907132
48.7135232
46.1061994
46.86695
47.25918757
46.04147679
46.46738447
45.77069402
42.59729653
42.23037839
43.15334481
40.87585986
41.48891733
41.81430486
40.83580457
41.17210211
40.61007942
40.15228008
39.91552736
40.35727405
39.18475876
39.52986144
39.73188753
39.15722409
39.35477608
39.0273838
38.71243735
38.58335016
38.87133617
38.07072684
38.31728819
38.42883463
38.09837183
38.20845417
37.97572206
50.6838222
50.43931554
51.55137442
48.48995877
49.41271962
49.65529545
48.89457335
49.17175504
48.2422961
43.85340388
43.57132772
44.66967521
41.93014775
42.6754123
42.93698202
42.10932286
42.40569577
41.6952287
40.94637419
40.74119509
41.29338975
39.8247809
40.25609348
40.44095012
39.90222406
40.09379369
39.67534616
39.19701051
39.07800578
39.43529553
38.44508363
38.74880512
38.85287412
38.53481195
38.63993308
38.35028105
51.95791843
51.82775246
52.8819733
44.78456204
44.58217323
45.74941779
42.78140603
43.60773812
43.81341182
43.17525937
43.41447528
42.60993944
41.60654348
41.45084821
42.07161507
40.39648311
40.89636262
41.03479648
40.5837079
40.75931876
40.26747024
39.62163089
39.52593797
39.94234567
38.78850523
39.14248278
39.22688182
38.95284632
39.04514484
38.70443087
43.9878765
44.14626204
43.29251176
41.16196507
41.29276509
40.7535921
39.30887056
39.39310841
39.00679707
49.33325213
48.57220443
48.13796567
49.27221527
48.88119958
49.73799728
53.83332311
52.78893927
52.60585484
53.11727036
52.95674329
53.97735496
50.84954121
49.93106414
49.57474199
50.53818564
50.22240184
51.18708477
55.20046535
54.4644274
54.42175148
54.37609723
53.40374212
53.26565521
53.6542635
53.53432596
54.47773635
40.97572118
40.585301
40.53483609
40.14596765
41.26413488
40.83367364
40.85742624
40.63966841
40.73234241
41.18798135
44.54595128
45.15485914
45.60913341
44.22500646
44.69850949
44.2025956
46.01695545
45.32872005
44.79159011
47.43251278
48.29587786
48.61287377
47.62003767
47.97456658
47.13408119
50.01415106
48.93773456
48.56001119
49.29049705
50.23386881
50.41236459
49.85682936
50.06635024
49.09545306
52.18790647
51.09758493
50.89021006
50.67582901
53.17173518
53.02390875
53.50630545
53.35857885
51.00583087
56.74448627
56.83455494
57.09598749
54.14251946
55.99385442
55.7842676
56.34050583
56.17366154
54.53855897
47.58402854
47.04757281
46.54379448
47.82384369
47.3596602
48.045852
56.10174562
55.0655262
54.7734334
53.08704432
52.02078499
51.79312719
52.41830204
52.2092852
53.28636276
57.09937137
57.10870408
56.73156982
56.555192
56.8967278
56.9948033
56.79510021
56.86374916
56.4698583
56.0535955
56.78103233
56.80369813
56.33703172
56.14476199
57.14823754
56.28857758
56.63622488
56.7282644
56.38990174
56.52977317
56.21488998
57.24045509
57.2133212
57.22016926
52.09638548
51.08204738
50.81241371
51.57833359
51.32771318
52.36731318
49.36264332
52.47648495
52.30036797
52.83547871
52.68457837
49.74575867
55.0290015
54.21678302
54.1481509
54.35158097
54.2957141
55.07448274
56.02401924
56.79755002
56.7913467
56.81258124
56.80779602
56.01842285
56.65934539
57.0855695
57.0913172
56.67918895
56.68234995
55.8293112
55.88993231
56.85569369
56.74228099
54.76524666
53.87153169
53.77033513
54.0587524
53.97374758
54.83512319
56.49126052
53.17340567
52.15030695
52.03424063
40.72206507
43.43464102
42.89787308
44.58764663
44.0076017
41.14768132
46.14953477
45.52726167
46.01875026
44.71984199
45.09945646
45.62079192
44.15897197
44.54958562
44.30569764
45.67537282
45.42105416
44.87325113
46.23643595
45.71534785
46.17155566
57.01635205
57.02686622
56.98635869
56.66442265
56.74147983
55.94766457
57.02930555
56.99940535
57.00709547
57.04685391
57.05002817
56.79879053
56.06450532
56.74618687
56.7376431
56.77404339
56.76512698
56.05791432
56.06860185
56.69121421
56.68015405
56.71861377
56.70978841
56.06810203
56.88793946
57.03830434
57.04057843
42.09590704
41.73017901
42.89376305
42.40754848
42.65071296
42.48538477
42.86089225
42.18745863
42.15828194
41.82778298
42.83707021
42.45900717
42.49358347
42.41415031
42.42630927
42.72348264
43.14496956
42.62932882
42.65024128
42.49605351
42.60493796
43.0687605
41.91360972
42.22792154
42.22047681
51.83214316
50.71712418
49.8901109
51.98424015
51.22715126
52.60239075
49.97959632
48.91495607
50.10334747
47.13679125
47.94847954
48.75041881
49.49581618
48.7750473
49.08173169
51.75212186
53.82702016
53.67734638
54.40106558
53.96212652
52.10273931
42.53345641
45.74806213
45.10936467
47.31483241
46.14678566
43.38486303
56.57709675
57.04271641
57.07009751
56.83810167
56.86692357
56.23999598
57.47679076
56.63774588
56.47921004
57.21372814
57.14737204
57.4954538
47.67702371
51.66863683
51.48998923
52.07264006
51.91882852
48.04630578
55.53492769
54.10194241
53.97401803
47.53141312
47.05435334
43.18831657
49.7593624
49.63582987
52.78470674
44.83212391
48.44334371
48.00542178
44.64786816
44.18721469
44.02279684
44.35199748
44.37484519
44.77779242
43.90765265
46.53887024
45.86042992
44.66421782
44.18755597
44.29442486
45.00092518
44.36732956
44.3643218
44.30534492
44.36212257
44.97691251
54.53766955
54.22874145
55.11406981
55.84856874
56.68296468
56.67863097
56.73404929
56.7213764
55.93472479
51.24431328
50.38199026
47.75675987
41.61819925
41.46070479
41.05291936
56.91599672
56.96133119
57.1092514
43.3432619
43.16511543
42.73459618
36.8738679
36.87247219
36.95562837
36.83644622
36.82741133
36.85239814
36.7666222
36.74350625
36.75535622
36.76642868
36.72443414
36.72090997
36.83061652
36.77014655
36.74985834
36.96556129
36.87991672
36.84114792
37.17221658
37.0546006
36.99994307
37.44401724
37.2849727
37.21825173
37.75896641
37.55347546
37.48207312
38.08300776
37.83058117
37.76286319
38.38989305
38.09152557
38.03277939
38.64957265
38.31136612
38.26424751
40.06943992
40.45426259
40.38656261
50.86423609
51.14431131
50.64366743
50.06987345
50.38923008
50.66802568
39.57902837
39.94846836
39.70957739
39.61903635
40.78884502
40.37031597
40.45174427
42.36613053
42.82141644
42.56492808
49.87939328
50.81235631
50.95090578
50.55036556
50.70455001
49.71733606
52.52396195
52.48905401
53.44151508
54.42841181
54.53054798
55.22639696
50.94816263
51.29183795
51.6258836
49.85893226
50.15709719
49.84340054
51.02618135
51.32656944
49.97198032
41.32610506
41.56061836
41.95264354
43.09994705
43.37872778
43.66611245
36.7787796
36.79861608
36.81260606
36.72402268
36.7266781
36.75762562
36.74011367
36.72889546
36.77444025
36.8165034
36.78709138
36.85478225
36.95999999
36.91261739
37.00689605
37.16395013
37.10192757
37.23156088
37.41657959
37.3454697
37.51765171
37.69355906
37.62205702
37.84068967
37.96636831
37.90082747
38.1645334
38.20847069
38.15511587
38.46135161
39.60364246
39.69723774
39.98612193
89.81397196
115.1299688
111.4860187
98.11709418
148.3723804
70.30068692
102.7424615
123.8604207
56.54831069
89.97295286
117.140806
110.8445742
72.1121606
110.5371995
99.19011247
72.86428534
173.1298266
97.2496529
72.34549744
174.3056072
97.39342456
71.72751199
175.8272588
97.77635874
75.05231863
166.1327944
92.9277799
73.86115362
168.0216025
94.44408337
74.45397141
165.9735059
92.66035309
76.86780989
164.3210614
90.37065077
96.5498104
150.5987431
72.03244829
97.019493
150.3942131
71.53704304
103.56749
135.4131867
63.47521833
102.2091504
121.4977803
55.14826191
75.06252025
169.8721823
96.97983779
77.77622293
163.0684701
97.0329144
76.15072994
167.4719849
96.79164103
78.51541634
161.2951663
97.54661432
70.73590697
177.326984
97.86354415
71.52835377
176.1327413
97.67989528
71.19513156
177.2634893
97.74707675
72.14747403
170.9278512
96.34956307
73.26020013
168.6121113
95.2788695
71.6907499
171.7972001
96.39691859
76.81101507
164.2215462
89.83228089
77.10155585
163.3539886
87.9607789
81.313459
160.3422568
84.29301415
78.52289244
162.0080071
87.53152677
80.5274997
160.9881479
85.00055122
103.1768658
136.275775
64.09076346
102.0232788
119.3940669
53.34542692
89.76744683
112.2063394
111.8367752
98.04548586
148.8123081
70.70151728
103.0004479
122.7363028
56.08299648
87.64504669
159.2173397
76.64382542
98.82460781
147.718207
69.78252863
98.94502607
147.2192505
70.02277238
69.68868644
90.95004362
56.1504942
102.4921981
120.6322548
54.5378964
102.4739347
119.9529271
53.8761468
73.33211249
172.3804306
97.27737025
73.66342716
171.6336239
97.31560146
72.01978579
174.8495717
97.40248198
71.29891373
175.7582848
97.71595135
74.35691067
166.6840457
93.87670041
73.1690425
167.763991
94.26340989
75.59856218
165.2130536
91.97958233
76.38338163
164.3281351
91.33910261
77.49831491
108.960543
104.6231223
82.82848604
108.6214364
109.5047671
85.29836795
108.6087894
110.9774817
97.40480937
149.6958132
71.14826675
103.5004193
135.1014354
63.2305535
103.71558
133.2030467
62.4697097
103.2862091
133.8672152
62.88666767
66.94823288
52.22778983
50.84595075
51.25351933
102.889807
121.9439531
55.60775949
76.13919727
165.5402108
97.48333492
76.55989898
166.1235306
97.33191807
79.18915976
158.9226288
97.86774366
71.18716711
176.9804637
97.72749046
71.19888652
176.8387819
97.79277012
71.00001831
177.4029882
97.82342406
70.98609243
177.4834169
97.64851934
72.83596456
170.0768238
95.57953563
72.14887536
169.7337216
95.567269
72.14958819
172.152562
96.35206972
71.57476636
172.710516
97.05459277
77.71257204
163.5748129
88.26053077
82.06692529
160.3682588
83.36155294
79.6945064
161.1579026
86.7013141
79.92143541
161.1676333
85.88081844
100.0379097
143.603948
69.00387301
99.9457654
144.6187487
69.49473152
99.07641164
146.0933922
69.82449384
103.8416815
129.6299958
60.89426167
103.9053328
129.1021903
60.3910116
63.13806917
90.13060721
69.50410909
64.75914055
91.50179022
76.23443876
63.81385982
98.8216668
81.81771964
102.735992
124.0623077
57.02509091
93.2056802
154.6022287
73.68447294
93.68619279
154.0071509
73.53081578
85.83871776
141.2420054
102.7434831
89.50212873
158.1243579
75.69392539
88.41511732
158.8835398
76.2716841
71.22050437
86.94423031
55.22214963
69.65126511
89.06812774
55.6204099
103.1750682
126.5401788
59.12985149
102.2092302
118.9658461
52.6269931
102.1650692
118.5784808
51.98717923
70.47201503
176.3072966
97.9327398
70.01221836
177.3457327
98.24783512
70.86781639
176.6508178
98.05350732
69.83006967
175.8948624
98.12094315
71.64787055
173.0403692
97.11213679
71.37145779
173.5981003
97.77028358
102.9148626
139.5270455
65.08499539
71.30101308
83.87442589
55.36616973
73.04512475
53.53430005
103.3859035
126.2503654
58.58854435
91.90530252
156.3299667
74.29708012
69.79337523
52.82322883
89.30418006
127.6708677
108.0178488
88.97296149
130.0009244
106.5502089
77.72405329
163.6464656
88.79788235
90.33216987
157.5187669
74.7683316
101.4866775
142.2603148
67.14972676
102.8550753
138.9302596
64.97597943
101.9832832
141.1987264
66.8472215
66.6985049
89.75044538
59.20886995
103.4140532
130.799405
61.42636575
103.8135238
128.5016521
59.97642598
103.420589
124.8980636
57.54207234
87.16104928
110.3537789
112.0110672
93.31897615
155.2958588
73.49089862
94.11459158
152.3248818
73.27305781
95.48103962
151.3331971
72.73946364
90.6645029
121.184282
109.9600342
87.38245268
136.1292742
104.0915156
84.61550147
143.5813237
101.9067406
83.81845651
146.6306992
101.0349915
83.30780591
160.0636672
81.65595549
81.78989429
160.5036651
82.51345758
90.02364216
157.8810212
75.35194982
84.04290079
159.49106
80.96293052
85.067432
159.5411817
80.02686232
69.73779125
110.7123969
93.34125462
103.8492916
132.3031463
61.92434577
103.6668488
132.0591428
61.65291199
103.7246769
127.5950482
59.67612505
70.80471544
176.4821396
97.72974127
70.82598871
176.5619084
98.03705239
70.97345292
174.7284497
97.92046958
70.52052783
174.3888417
97.83825855
71.65072375
76.08095192
54.47049932
71.99569273
80.22721789
54.54263731
103.5267813
125.3152661
57.92117381
80.56122685
107.9642442
107.6501868
92.51815558
155.5856336
73.98149064
90.01896655
123.0704587
108.9959937
88.419622
133.7467757
105.4647816
82.39797562
151.7873032
99.29064106
83.25844095
148.3117258
100.4909202
80.8795782
153.8973836
98.94510723
79.78087375
157.3748382
98.50952292
90.65866803
157.5789031
74.65734219
85.86493452
159.5720088
78.56571905
85.2103605
159.7244029
79.28161433
86.76841572
159.171493
77.96850763
87.13931727
159.1815422
77.27475152
101.5250694
142.5075181
67.60854048
100.6714416
143.1144268
68.26634883
102.7064857
136.9819292
64.48778869
102.8299438
138.403637
64.82519261
101.9152039
140.4519333
66.28945076
102.343336
139.8730859
65.83549418
65.69982503
101.872531
87.46755988
)
;

boundaryField
{
    topAndBottom
    {
        type            slip;
    }
    inlet
    {
        type            fixedValue;
        value           uniform 37;
    }
    outlet
    {
        type            inletOutlet;
        inletValue      nonuniform List<scalar> 0();
        value           nonuniform List<scalar> 0();
    }
    wing
    {
        type            kqRWallFunction;
        value           nonuniform List<scalar> 
162
(
111.4860187
70.30068692
56.54831069
110.8445742
99.19011247
97.2496529
97.39342456
97.77635874
92.9277799
94.44408337
92.66035309
90.37065077
72.03244829
71.53704304
63.47521833
55.14826191
96.97983779
97.0329144
96.79164103
97.54661432
97.86354415
97.67989528
97.74707675
96.34956307
95.2788695
96.39691859
89.83228089
87.9607789
84.29301415
87.53152677
85.00055122
64.09076346
53.34542692
111.8367752
70.70151728
56.08299648
76.64382542
69.78252863
70.02277238
56.1504942
54.5378964
53.8761468
97.27737025
97.31560146
97.40248198
97.71595135
93.87670041
94.26340989
91.97958233
91.33910261
104.6231223
109.5047671
110.9774817
71.14826675
63.2305535
62.4697097
62.88666767
52.22778983
50.84595075
51.25351933
55.60775949
97.48333492
97.33191807
97.86774366
97.72749046
97.79277012
97.82342406
97.64851934
95.57953563
95.567269
96.35206972
97.05459277
88.26053077
83.36155294
86.7013141
85.88081844
69.00387301
69.49473152
69.82449384
60.89426167
60.3910116
69.50410909
76.23443876
81.81771964
57.02509091
73.68447294
73.53081578
102.7434831
75.69392539
76.2716841
55.22214963
55.6204099
59.12985149
52.6269931
51.98717923
97.9327398
98.24783512
98.05350732
98.12094315
97.11213679
97.77028358
65.08499539
55.36616973
53.53430005
58.58854435
74.29708012
52.82322883
108.0178488
106.5502089
88.79788235
74.7683316
67.14972676
64.97597943
66.8472215
59.20886995
61.42636575
59.97642598
57.54207234
112.0110672
73.49089862
73.27305781
72.73946364
109.9600342
104.0915156
101.9067406
101.0349915
81.65595549
82.51345758
75.35194982
80.96293052
80.02686232
93.34125462
61.92434577
61.65291199
59.67612505
97.72974127
98.03705239
97.92046958
97.83825855
54.47049932
54.54263731
57.92117381
107.6501868
73.98149064
108.9959937
105.4647816
99.29064106
100.4909202
98.94510723
98.50952292
74.65734219
78.56571905
79.28161433
77.96850763
77.27475152
67.60854048
68.26634883
64.48778869
64.82519261
66.28945076
65.83549418
87.46755988
)
;
    }
    front
    {
        type            empty;
    }
    back
    {
        type            empty;
    }
    procBoundary2to0
    {
        type            processor;
        value           nonuniform List<scalar> 
58
(
36.99480777
40.20130394
43.19668862
54.87246898
47.84071234
55.85174829
64.69038267
51.58852868
61.98778067
64.69038267
37.01770923
36.99217408
36.99285777
37.13099075
37.03515459
37.40999566
37.18128124
38.01500584
37.51021885
39.8247079
38.25759465
41.31989074
41.75126924
42.73350558
44.42255662
43.92647333
46.95462035
44.72638052
49.91840784
36.99217408
40.48741357
37.00417752
36.99602136
37.08951609
37.05841164
37.31891701
37.24565502
37.80326498
37.64547033
38.98766651
39.59569589
38.59115026
40.92392574
41.31989074
41.9988177
42.35021333
43.92647333
45.82237965
45.35480326
39.59569589
50.50670346
69.09586533
64.20360191
62.3942331
64.20360191
71.21567686
71.21567686
70.16683267
)
;
    }
    procBoundary2to3
    {
        type            processor;
        value           nonuniform List<scalar> 
51
(
37.33943759
36.50672828
35.69733925
36.17906144
35.28918335
35.08559782
35.00344675
40.50220357
57.14817843
57.22143679
39.4527105
53.09905835
57.14817843
54.49647406
46.5498125
44.1742914
61.59018276
53.52262913
51.1605319
55.47635181
39.66243036
49.00294108
44.1742914
47.83918775
49.39926389
56.40606853
41.29602891
46.4653811
45.29816515
42.6764099
41.99962487
40.34401195
39.88254975
37.88628382
36.88682265
36.17906144
57.09278693
55.44490167
43.43871978
44.30146333
40.84619563
41.39568353
39.06501848
39.45736135
56.61954006
38.70163864
38.36075022
52.57277755
101.8978795
118.3597824
51.52644903
)
;
    }
}


// ************************************************************************* //
