/*--------------------------------*- C++ -*----------------------------------*\
| =========                 |                                                 |
| \\      /  F ield         | OpenFOAM: The Open Source CFD Toolbox           |
|  \\    /   O peration     | Version:  v2012                                 |
|   \\  /    A nd           | Website:  www.openfoam.com                      |
|    \\/     M anipulation  |                                                 |
\*---------------------------------------------------------------------------*/
FoamFile
{
    version     2.0;
    format      ascii;
    class       volScalarField;
    location    "3.04";
    object      p;
}
// * * * * * * * * * * * * * * * * * * * * * * * * * * * * * * * * * * * * * //

dimensions      [0 2 -2 0 0 0 0];


internalField   nonuniform List<scalar> 
3259
(
178.814437
6.97186199
-163.1033651
-316.6413389
-444.8910293
-545.5672527
-620.6740524
-673.8979769
-718.8649044
-739.4812482
-751.4516709
-757.0341518
208.7090256
30.01150504
-149.9854504
-311.8558461
-445.3616434
-548.6998013
-632.4726635
-682.6293509
-726.8555438
-745.0525493
-755.66077
-760.5797797
217.0501656
17.74793294
-176.2711696
-348.1399198
-484.8111224
-583.7130083
-665.1332116
-707.3657762
-745.2959442
-758.3807647
-765.9318878
-769.3268243
219.4114483
-33.07988545
-256.2620875
-429.209772
-559.3421778
-649.1165914
-716.5244488
-745.0890013
-772.215447
-777.9956392
-780.9574952
-782.1236792
226.3457797
-141.3090179
-416.904306
-586.6464726
-685.3533696
-743.2072465
-785.056951
-794.0030442
-803.6009532
-800.5690601
-797.9109589
-796.3852674
276.6126696
-368.4889522
-711.3648887
-832.6041913
-864.541829
-867.6145908
-866.2918748
-848.4847751
-835.968
-822.9167876
-813.8890981
-809.4541883
565.1689397
-975.7275763
-1205.429144
-1161.684889
-1083.684923
-1008.931382
-951.1224659
-901.4571121
-865.1368544
-841.1923601
-825.930567
-818.7320277
-2618.862927
-1893.933625
-1520.169831
-1296.609987
-1140.888589
-1022.493852
-944.0516772
-883.844562
-851.1925751
-831.0446459
-821.5648292
-4028.584227
-2398.556313
-1769.765983
-1440.534458
-1227.464553
-1063.435858
-965.6459412
-887.5155532
-849.4499811
-826.5246742
-815.6479701
-3766.399211
-2403.592375
-1797.07345
-1459.70971
-1241.641903
-1062.295825
-959.704858
-873.1359435
-834.1914272
-810.8266052
-799.674864
-2845.655157
-2039.230807
-1623.658994
-1366.649254
-1182.617125
-1017.584304
-925.4759739
-840.4601814
-805.161298
-783.7233848
-773.4096444
-1873.463894
-1532.399835
-1335.288082
-1188.253332
-1066.076367
-938.0358895
-867.1877345
-792.0489852
-763.9536828
-746.286371
-737.6973504
-4305.225754
-2768.720903
-4100.557284
-4367.870759
-3093.628106
-3998.560796
-2038.552904
-2957.604746
-1912.540003
773.8725471
-2422.808422
-790.4814132
-5635.902171
-3484.507125
-3962.569709
-2557.428972
-2034.204848
-5812.838484
-6095.399923
-3852.021791
-2691.968966
-2654.225104
-4295.522329
-5093.375157
-2969.180359
-2318.435653
-2633.249146
-2847.409101
-3461.155577
-1615.250342
-1565.696595
-2111.633095
-6102.280089
-5697.79202
-3891.172583
-5452.091421
-5943.299053
-5140.967472
-5781.447797
-4271.194702
-5653.00121
-5052.143729
-5939.205643
-5682.362543
-4300.149349
-3551.994678
-4238.302461
-3498.13382
-4136.140556
-3481.544693
-5005.413375
-4239.03023
-3630.105313
-2191.445115
-2762.889168
-1572.759611
-1613.309511
-1489.342764
-1566.547941
-6930.473625
-4250.679554
-3399.661976
-1991.481253
-1743.08482
-2183.6673
-2009.27919
-1950.36073
-2236.877722
-3327.800561
-5305.173934
-3667.779779
-2283.742542
-2592.805705
-2425.707492
-2720.163987
-2165.621799
-3394.182449
-2801.964145
-2557.271061
1246.841796
-3029.372853
-835.9219585
974.167709
-7055.535871
-5023.134456
-6838.688872
-4072.176565
-6668.986496
-4697.059995
-5953.565101
-5975.074918
-4674.23511
-4728.324208
-3010.695865
-3333.110179
-3105.085278
-3311.249644
-2983.671413
-3717.585192
-3360.186207
-3192.800236
-1599.035944
-1862.870828
-1934.056772
-6028.739852
-6009.230875
-5443.823012
-5483.345686
-5386.638087
-4806.776133
-4950.821235
-4557.902595
-4750.077013
-5347.553835
-5848.731534
-5086.263823
-5081.076215
-4989.01916
-5071.626089
-5828.437147
-3834.334801
-3756.132435
-3884.490949
-2934.762548
-2616.478176
-2514.375641
-2636.615167
-2956.895997
-1942.295201
-1511.776683
-5226.607566
-2152.191174
-2301.374833
4462.973851
-2335.632654
-2497.305356
1989.893102
-3666.722537
-899.7658022
1225.250672
-5883.348851
-6594.57588
-6503.995305
-6055.352452
-4456.448496
-4647.85444
-4455.008695
-5355.505637
-5194.295172
-4943.369772
-6086.105685
-6581.223992
-6630.393956
-5836.592433
-4862.443848
-4560.68575
-5060.504647
-4931.071154
-5850.205437
-5277.644129
-5553.870913
-5410.203191
-5665.906621
-4394.803487
-4221.521376
-4083.508646
-3844.361992
-3602.795465
-3848.88154
-4657.356271
-4258.380695
-4486.857178
-3931.644319
-4178.248103
-4605.468421
-2433.072958
-2572.823747
-2276.725733
-1746.978486
-6273.545234
-5063.991603
-5920.600469
-3533.140388
-3592.88201
-1970.648282
-2106.488355
-2121.732194
3803.879515
4160.154938
3612.664046
-2666.451455
-2503.36668
-2457.529908
-2508.996622
-2685.269222
-7136.530535
-6235.047937
-5774.902949
-6591.000268
-6347.784462
-5589.317223
-4887.063472
-5857.912492
-6320.749059
-6237.251668
-5899.342992
-6037.544169
-6466.319969
-6356.159568
-4887.73995
-4709.232925
-4511.609417
-4765.779816
-4955.170266
-4512.994897
-4708.526138
-5010.502477
-4890.603322
-5141.045808
-4946.144338
-3148.452611
-3206.828661
-3175.635348
-3092.087502
-3227.036545
-3568.039996
-3462.289441
-3606.477002
-3272.25726
-3414.653621
-3515.011634
-1808.583477
-1783.73527
-1922.23058
-6609.798886
-6583.405713
-6075.592065
-6735.446101
-6802.62039
-6705.712921
-6732.403696
-6662.290792
-6832.22276
-6739.11421
-5910.63479
-6524.016249
-6617.936352
-5726.621452
-5599.274504
-5320.937951
-5618.115243
-5909.64663
-5761.14743
-3846.079722
-4000.650228
-3655.484436
-3799.205617
-3895.851005
-4270.533421
-4447.825696
-4051.487501
-4216.625172
-2694.585481
-2775.445427
-2840.921167
-2682.5137
-2889.073319
-2818.718803
-1826.787958
-2334.39086
-1810.445891
-1194.574862
-2288.813781
-2341.525853
-1592.932793
-2351.177469
-2088.135513
-1588.049318
-1543.124719
2440.594969
3415.128825
4301.796265
-4029.305333
-940.4268932
1567.514151
-1525.817388
-1136.577912
-2948.715741
-5357.268573
-6055.267502
-6316.419012
-1599.059027
-1737.027417
-1750.102762
-2189.877596
-1930.717371
-1873.799604
-6386.784568
-6499.79423
-5878.929533
-1586.219491
-1680.740683
-1693.032316
-1600.08991
-1551.838247
-6830.680748
-3435.8239
-1990.376634
-2055.919346
-2063.070542
-2283.071887
-2141.746129
-2105.54167
-4423.70255
-3899.317428
-4664.098738
-2414.166213
-2469.919676
-2325.83518
-1836.657051
-1270.020151
-3585.616596
-6995.598906
-6638.094346
-6484.674313
-7060.726236
-7035.95255
-3056.43087
-3087.607845
-3039.878337
-3349.765119
-3340.792517
-3313.005249
-2910.779637
-3044.709514
-3122.90354
-3681.030846
-3630.494287
-3679.472478
-1925.616081
-1902.865274
-1935.771322
-4013.278973
-4073.890872
-3727.636733
-3783.506099
-3809.538959
-4132.082679
-4154.856347
-4030.306759
-4167.857252
-4009.164287
-1939.827013
-2188.38625
-2230.588109
-2326.350633
-2280.104264
-2258.172959
4459.29675
4821.431828
4253.885506
-2388.670805
-2414.066911
-2338.61516
-2515.379638
-2463.306678
-2450.355058
-2195.635034
-1383.673991
-3894.194984
-6133.770088
-6136.860698
-6073.576428
-6109.427747
-6562.83871
-6407.060585
-6432.062782
-6356.612672
-6382.802712
-6534.671291
-5305.410459
-5224.668106
-5275.657017
-5114.871668
-5172.373213
-5253.23278
-6631.897134
-6452.123729
-6428.57142
-6454.62011
-6463.791247
-6650.440795
-5503.766853
-5419.987685
-5466.583349
-5326.121414
-5373.364783
-5458.653485
-6012.025391
-6042.488769
-5917.567715
-5968.031431
-1595.968555
-1754.761323
-1745.71218
-1734.472154
-1601.641729
-6569.33315
-6881.029249
-6588.235075
-5845.799299
-5579.676888
-4771.428293
-6339.425722
-6027.766
-3479.277537
-3621.227265
-2117.507446
-2104.818552
-2115.036603
3974.091501
-2582.47664
-2521.831579
-2631.55192
-6881.351106
-6764.224907
-7067.437838
-6513.577104
-6790.953674
-6854.048497
-7021.956142
-6990.168324
-6283.726194
-6177.030478
-6203.732859
-6145.500829
-6155.764786
-6252.14246
-6425.61923
-6294.130664
-6326.772523
-6232.964593
-6262.637312
-6390.049051
-4831.344754
-4757.376348
-4813.586897
-4826.7974
-4894.464481
-4568.182142
-4595.577629
-4557.677502
-4650.243935
-5071.347923
-5114.812921
-5074.393535
-4990.202405
-5053.584133
-4871.243964
-4930.926581
-5010.471559
-3185.711933
-3107.309711
-3094.325392
-3120.837172
-3054.945619
-3108.129403
-3266.460147
-3293.714225
-3235.787263
-3529.777736
-3574.924695
-3603.311738
-6598.75024
-6409.312976
-6406.337878
-6412.858609
-6410.885315
-6593.177086
-6765.631509
-6776.339165
-6726.687301
-6967.972593
-6930.386278
-6942.41534
-6972.659331
-6709.61131
-6828.308595
-6932.597848
-6946.977242
-6771.340247
-5688.583125
-5597.72075
-5636.152821
-5510.869149
-5554.899805
-5642.587979
-5856.588498
-5774.215769
-5853.856838
-5672.942491
-5715.776938
-5804.135839
-3931.111324
-3965.634426
-3869.896555
-3837.96045
-3872.300063
-4322.939347
-4355.74046
-4308.572852
-4487.387346
-4414.64262
-4381.275171
-4098.877475
-4134.289936
-4097.893077
-4258.85672
-4208.379803
-4158.245065
-2789.379777
-2770.998545
-2827.687609
-2671.173932
-2719.161201
-2753.04735
-2956.050364
-2998.274979
-2871.67018
-2885.066058
-2896.480221
-1883.78315
261.5337371
250.9864835
214.7632296
73.15739762
73.83383744
23.808997
-119.477754
-107.2156186
-166.1361989
-296.1835517
-274.163163
-336.2882557
-441.1101916
-414.6735766
-471.8512586
-549.7499427
-524.9826142
276.5641423
264.63637
219.1510672
42.37792274
68.11209178
-15.96255451
-179.9625407
-129.2378833
-229.8455916
-363.3398069
-307.7054604
-402.7048443
-506.6669032
-454.2920208
-536.5252684
-610.3390627
-561.9846728
305.2090893
281.2154045
222.6268942
-28.0573585
29.0926247
-107.0642501
-311.3753186
-205.0488686
-367.2397076
-501.8936146
-390.4811886
-538.2837016
-626.0587069
-530.0728088
-648.9257039
-703.0339785
-630.6614382
390.6808284
316.9485583
253.9669899
-169.9772822
-54.3182838
-292.6800298
-560.839245
-359.5267851
-621.277787
-740.3226415
-551.3629839
-763.3895605
-806.5397843
-665.7176951
-815.1452054
-831.0409826
-731.6215744
691.999635
438.7266964
521.7094323
-554.2297337
-229.25072
-751.4634953
-1030.764687
-651.726999
-1060.526157
-1077.736552
-814.9220058
-1072.225459
-1040.279713
-860.5825388
-1027.301867
-986.8915701
-868.1248541
748.6095155
-547.050212
-127.4462616
-1362.181718
-1365.985984
-1099.637035
-1717.426382
-1493.689365
-1178.624187
-1434.439449
-1287.854887
-1103.6022
-1246.956427
-1141.249025
-1026.858405
-3375.540745
-2761.197641
-2270.332526
-2316.321326
-1835.123761
-1594.018835
-1725.385253
-1477.97714
-1344.293918
-1413.901994
-1255.966667
-1175.642451
-4074.877603
-3336.097149
-3244.230841
-2446.271927
-1930.299029
-1886.244284
-1808.955909
-1537.589651
-1508.081121
-1467.390443
-1294.095062
-1273.996494
-3449.770299
-2976.882922
-3173.70013
-2151.397706
-1775.647432
-1913.35301
-1681.965731
-1460.457931
-1529.093683
-1400.69068
-1248.044023
-1289.607171
-2474.763928
-2244.88986
-2530.168781
-1662.896455
-1466.572639
-1707.962835
-1413.028929
-1277.319909
-1421.860374
-1238.049719
-1131.688093
-1224.305445
-1525.469304
-1529.789732
-1721.129448
-1378.81893
-1221.76932
-1095.156433
-4207.03487
-4692.179517
-4833.046408
-2930.32536
-3347.936578
-3101.479705
-4190.010004
-4588.040095
-4413.861067
-4855.599883
-4878.481958
-4399.624645
-3229.031371
-3447.240085
-3217.111394
-4348.063963
-4137.87956
-3882.617208
-2165.897693
-2223.054245
-2087.786001
-3076.649682
-2929.064271
-2822.965053
-1953.751624
-1820.826625
-1787.49484
3020.598031
3952.406029
4639.348006
1179.212839
-623.4588042
1301.352604
-2092.148063
-2110.915204
-2506.618531
-332.580322
-831.2949232
-1291.007999
-5536.015736
-5746.22753
-5835.612057
-3665.711636
-4207.800757
-3924.82488
-3195.082757
-2885.026756
-3572.770056
-2418.305228
-2691.651794
-2862.116088
-2199.669605
-2467.601371
-2241.125196
-5841.691939
-5983.597234
-5950.45994
-6259.829879
-6242.320897
-6084.269237
-3237.223542
-3319.530252
-4043.569184
-2718.425636
-3032.172421
-2988.819761
-2974.596176
-3029.75548
-2707.280267
-4345.873952
-4404.003849
-4347.300735
-5181.564189
-5131.336865
-5044.479458
-2628.976071
-2888.442931
-3333.37325
-2441.380901
-2661.161276
-2509.864466
-2907.84465
-2796.133566
-2548.104838
-2932.695566
-2982.624234
-2894.252446
-3571.03558
-3429.165428
-3370.936973
-1610.332302
-1659.94946
-1669.868421
-1797.796979
-1845.095848
-1588.469545
-2136.575986
-2054.455757
-2032.132263
-6102.205977
-6275.55981
-6272.658175
-5909.081071
-5974.395875
-5774.386805
-4325.468114
-4624.631603
-4069.834238
-5568.936333
-5236.219119
-5115.668149
-5573.253928
-5552.976596
-5922.551059
-5187.497721
-5277.490419
-5230.361732
-5917.434285
-5883.735442
-5747.988778
-4768.407529
-4639.156627
-4210.493605
-5548.158468
-5247.58377
-5309.479121
-4864.825193
-4945.826328
-5185.157668
-5913.971354
-5578.548746
-5581.631288
-5341.697902
-5382.185674
-5752.354139
-4297.863086
-4866.519761
-4800.399989
-3644.430868
-3761.318891
-3618.683954
-4291.537056
-4236.01328
-4187.534739
-3756.183981
-3523.869178
-3364.031705
-4036.648184
-3944.972196
-4037.887733
-3281.745305
-3522.049913
-3751.305869
-4860.996215
-4693.327078
-4780.5138
-4132.400281
-4228.138816
-4396.708204
-3758.671994
-4063.271158
-3833.814204
-2271.55459
-2301.808616
-2219.009959
-2806.779303
-2720.564747
-2679.239315
-1503.728635
-1561.197525
-4476.908021
-5264.438008
-4856.109935
-1922.316217
-2144.728263
-2352.230108
-1893.090047
-2003.966484
-1828.945616
-2347.306304
-2177.603212
-2040.811964
-2038.91579
-2095.315142
-1958.229837
-2250.666163
-2206.003035
-2195.197846
-4375.672233
-3698.53095
-2984.915458
-4971.005986
-4798.757648
-5122.056925
-3400.453197
-3724.841093
-4196.089972
-2326.28054
-2341.945291
-2295.664474
-2614.134419
-2570.001289
-2548.671951
-2500.442904
-2360.468739
-2295.37859
-2479.565562
-2428.66122
-2597.313349
-2135.211553
-2280.216608
-2400.69144
-3136.004229
-2975.029067
-3204.349199
-2673.717067
-2896.511825
-3051.5341
-2689.820513
-2784.882432
-2641.955733
1728.361528
-2590.187955
-2589.737203
-3105.012088
-245.3729634
-870.0444622
-1514.33314
1169.173205
-512.8691032
-10.3419256
-5496.700738
-5946.83672
-5294.852925
-5445.152297
-4625.910324
-3866.311413
-6289.691854
-6054.525336
-6477.370886
-4334.776417
-4697.186002
-5329.018313
-6078.376038
-6056.576261
-5933.223917
-5996.574309
-6128.299677
-6102.920975
-4744.25615
-4688.791164
-4620.30413
-4782.568721
-4856.976115
-4800.415503
-3162.050928
-3071.903123
-3018.558378
-3274.280518
-3241.901445
-3285.729789
-2957.630872
-3003.510106
-3029.526814
-3330.986737
-3378.047273
-3408.738636
-3281.534889
-3382.835781
-3244.262626
-1686.669404
-1699.881548
-1609.491596
-1911.419872
-1775.552837
-1774.466143
-6215.038812
-6225.276219
-6048.182951
-5989.780433
-6176.084586
-6199.367942
-5537.860597
-5498.125457
-5404.262763
-5525.118342
-5619.329359
-5576.87698
-5164.184081
-5229.348319
-5507.510871
-4859.432628
-5037.703779
-4980.046494
-5146.179342
-5095.379501
-4907.458721
-4625.905115
-4782.27394
-4708.094418
-4918.848797
-4852.681018
-4689.997162
-5228.078203
-5023.26507
-5096.432629
-5545.02192
-5565.801577
-5898.922598
-5093.154603
-5321.798111
-5308.496073
-5322.03562
-5326.662883
-5091.822969
-5021.845901
-5225.58785
-5191.173631
-5287.554122
-5259.369141
-5049.717199
-5773.069739
-5484.257256
-5517.255523
-3958.830903
-3808.829581
-3698.633755
-3930.962183
-3975.023283
-3924.995413
-2796.032076
-2763.451421
-2864.646293
-2589.164183
-2675.685841
-2752.272414
-2596.158384
-2635.716232
-2551.741455
-2681.524188
-2699.809018
-2655.866849
-2980.111198
-2925.328696
-2905.858379
-1519.925388
-2204.255519
-2219.762124
-2163.758358
2445.791115
3129.323819
2211.374586
3174.678629
2663.388695
4070.8589
3405.385215
-3103.893711
-3106.162736
-3750.396714
-380.2046063
-918.1970194
-1460.778631
1560.16249
-503.9122705
351.6272505
-6016.978313
-6006.862748
-5865.190557
-6070.773924
-6223.44955
-6202.82891
-4519.044459
-4461.64166
-4400.60375
-4582.865848
-4520.721077
-4580.882484
-4401.111507
-4460.005286
-4514.248182
-4994.656424
-5079.97499
-5026.204038
-6255.40569
-6267.831563
-6095.767522
-5412.993988
-5334.624346
-5662.366978
-4778.57975
-5042.675581
-5125.38458
-4821.121631
-4941.708237
-4678.853461
-5028.917668
-5279.90352
-5306.556249
-5191.614656
-5242.065225
-4986.44693
-5912.498636
-5521.975649
-5477.603765
-5369.195667
-5323.905816
-5233.111826
-5709.93469
-5841.65481
-5789.027982
-4333.695687
-4285.867029
-4343.509904
-4175.849586
-4229.84875
-4275.905074
-4132.480634
-4181.935485
-4128.831853
-3762.953357
-3853.290867
-3939.491722
-3684.276353
-3768.738374
-3682.8347
-3943.396221
-3855.627943
-3766.257426
-4511.922326
-4603.687677
-4810.683391
-4336.872009
-4467.931648
-4383.190129
-4630.685128
-4550.469467
-4413.0001
-4014.461618
-4120.355784
-4031.782408
-4296.631267
-4208.795999
-4096.674135
-4449.342562
-4323.713156
-4418.422975
-2468.077046
-2384.72449
-2352.10428
-2440.739637
-2417.241083
-2503.060769
-2247.74984
-2332.404835
-2364.329591
-5437.396881
-5824.161016
-6237.785326
-2019.658199
-2035.686695
-1980.753398
-2114.818593
-2080.890996
-2064.286818
4133.005673
-2617.369087
-2591.933736
-2636.841194
-2491.696441
-2539.336555
-2555.741944
-2503.17316
-2522.471914
-2475.760985
-6101.625274
-6429.509031
-6567.878921
-6093.799003
-6271.662783
-5948.12515
-6672.08201
-6744.19287
-6439.170049
-5382.154585
-5676.782362
-5900.74386
-5143.681251
-5426.550686
-5158.702321
-6218.152682
-5771.737115
-5455.571884
-5914.892299
-6039.701046
-6028.458538
-6179.701417
-6154.260285
-6017.738827
-4640.383303
-4699.576959
-4770.723131
-4566.282756
-4632.957879
-4576.227324
-4970.211936
-4913.495945
-4836.730889
-3147.421925
-3196.491012
-3229.150861
-3136.724466
-3165.815027
-3118.423506
-3256.757823
-3211.115651
-3183.429559
-3510.477714
-3544.309818
-3496.031681
-3641.042116
-3592.983407
-3558.468436
-3319.283501
-3349.712451
-3302.76226
-3447.808903
-3398.406158
-3366.885376
-3458.701857
-3428.205262
-3480.771431
-1801.188899
-1857.958586
-1876.787672
-1831.120495
-1843.733853
-1793.62907
-1931.258395
-1888.443786
-1876.532502
-6063.48049
-6233.399294
-6242.678303
-6108.72358
-6147.298734
-5964.123584
-6564.310661
-6349.707584
-6313.323644
-6400.356012
-6380.814204
-6602.703058
-5363.310659
-5456.133296
-5412.930435
-5729.240477
-5670.442806
-5570.411612
-3894.485329
-3933.067929
-3884.540161
-4044.2066
-3985.491871
-3946.370079
-3705.099726
-3743.217167
-3690.819821
-3835.050633
-3792.3832
-3752.850421
-2800.270706
-2748.845332
-2728.479647
-2860.566948
-2876.590308
-2842.953532
-2103.838689
-1677.442616
-1572.299558
-1588.820666
-1636.884008
-1911.437679
-1165.09736
-1384.49916
-1380.119862
-1656.758159
-1489.161435
-1445.077456
-1856.854483
-1850.674052
-1992.070727
-1574.538744
-1711.796099
-1734.445143
3000.123944
3435.625719
2742.860946
3709.453304
3690.359677
3297.700369
4515.03545
4097.677157
4032.189137
-2560.054523
-2313.428889
-3556.643377
-280.7884445
-935.2334616
-1601.408661
1532.687462
199.0694454
599.1667769
-1556.051584
-1685.462761
-1325.851647
-2737.020821
-2120.3735
-1920.795089
-5590.558801
-5670.35125
-5455.032149
-6152.488803
-5896.626789
-5804.337015
-6065.129082
-5983.314761
-6238.002512
-1644.708526
-1650.970855
-1603.185031
-1743.668679
-1696.431592
-1692.023882
-1715.300559
-1704.908125
-1749.362201
-2102.648613
-2078.754904
-2163.276154
-1910.207598
-1994.448847
-2016.582769
-6441.373954
-6196.135376
-6136.952914
-6278.871603
-6241.704278
-6476.196798
-5817.218882
-6023.990154
-6071.214054
-1555.924326
-2239.352969
-2221.817014
-2266.332244
-2128.168121
-2175.341434
-2190.723393
-2148.101607
-2160.802061
-2115.740027
-4266.43481
-4515.892274
-4679.625304
-4912.65001
-4598.099606
-4368.155014
-2431.276988
-2387.333839
-2373.053924
-2426.754007
-2406.404264
-2449.449716
-2311.511845
-2358.930228
-2374.162543
-1719.534169
-2123.381662
-2198.219203
-1803.226307
-1997.808695
-1534.82139
-3169.765403
-2547.344796
-2489.299041
-2953.916091
-2978.497695
-2932.985173
-3071.124994
-3024.034442
-3000.557183
-3074.574661
-3049.903996
-3097.823121
-4077.042003
-4025.510716
-3982.598427
-4113.654268
-4070.43502
-4123.0576
-3967.046056
-4018.253746
-4060.250535
-1966.590234
-2505.883308
-2612.18598
-2010.007024
-2313.861945
-1723.626559
-3818.864699
-3017.677105
-2816.151734
180.9069994
94.69140555
93.70508587
6.766147193
-80.7177074
-79.31866474
-165.4965818
-245.7944183
-242.645434
-320.3089083
-388.1501782
-384.2091099
-448.8841029
-502.4918187
-498.6095724
-549.3196628
-589.8655853
-586.2137175
-623.9212798
-652.4258005
-649.6429023
211.3437987
166.0419168
164.1105855
29.27644192
-17.92400573
-17.40161468
-153.6281969
-197.6529892
-193.4761778
-317.6723029
-354.5271456
-348.1325631
-451.6214097
-480.2972231
-473.5517978
-571.9437232
-614.8917279
-599.4327793
-646.412694
-672.0690943
-659.8832716
-693.170082
-709.7001382
-701.5120117
219.0694652
167.020566
169.0772547
9.284938923
-42.45377731
-31.97429103
-190.1585267
-235.9854507
-221.572179
-362.5465985
-400.6201513
-385.9474467
-499.7824162
-527.4481799
-512.6623421
-630.0639113
-662.9147786
-636.0944688
-688.5356985
-708.6917725
-688.4607639
-724.6573707
-736.6275629
-722.6365378
219.8422776
151.1729846
156.3808084
-53.65865065
-117.6681469
-93.16718538
-287.6162454
-336.2824098
-304.1626007
-460.2683389
-495.1355791
-465.1899022
-585.732335
-611.0548303
-585.8783162
-716.6708258
-733.6866327
-695.4891989
-748.8841268
-760.1721098
-732.6529567
-768.4444815
-773.6939494
-754.5012044
233.1356752
124.8745567
132.1777244
-182.1241664
-269.7928474
-221.6600051
-475.0078256
-525.6995556
-467.2850079
-640.9418595
-667.6920564
-617.3070852
-725.2840869
-739.4821669
-702.6560525
-834.4323799
-823.8930331
-776.8018866
-824.4515438
-823.5003852
-790.7150045
-821.1278737
-818.6208591
-795.8163266
309.9833922
95.67130088
103.7268455
-463.2047344
-588.2839745
-483.6972275
-814.7904911
-853.0985787
-757.2131132
-907.4511523
-913.9221489
-845.4076938
-916.612076
-914.2047457
-866.9489258
-973.7057715
-927.6175028
-874.7792259
-909.1429846
-891.4938872
-857.4376933
-875.8104441
-862.6946218
-840.8537549
622.5658961
336.0470367
332.4948645
-1364.242849
-1340.6595
-1201.558555
-1253.70803
-1223.774832
-1143.184426
-1139.555564
-1113.887788
-1064.11898
-1110.983098
-1031.411541
-980.7857109
-989.7411711
-954.1595941
-924.2622933
-925.1491818
-901.957375
-881.7371892
-2893.425703
-2719.691645
-2487.935551
-2058.720608
-1911.595901
-1777.169105
-1600.202148
-1523.994026
-1454.941733
-1342.867487
-1293.700875
-1253.009216
-1212.189071
-1107.905995
-1074.577184
-1047.582936
-998.360477
-979.3614424
-958.1799853
-926.6119741
-914.5758862
-4066.106833
-3777.471425
-3734.982212
-2446.908428
-2235.228962
-2192.471365
-1798.8604
-1695.86648
-1670.226635
-1458.426399
-1395.616105
-1379.73899
-1245.703065
-1137.797574
-1129.684255
-1068.521223
-1012.357178
-1009.707351
-966.5994753
-930.429351
-929.217956
-3668.386756
-3470.920071
-3554.74731
-2337.15643
-2158.536477
-2210.45105
-1770.550852
-1674.890672
-1696.16222
-1449.195667
-1388.319666
-1397.420774
-1204.088441
-1111.297082
-1131.50359
-1045.023673
-990.8498584
-1005.99089
-946.1185548
-910.5169715
-921.4159925
-2721.763564
-2622.710564
-2736.574536
-1918.672382
-1811.145514
-1913.235005
-1559.007914
-1492.250828
-1548.990939
-1327.544533
-1280.984699
-1315.79166
-1099.14484
-1034.90869
-1078.489918
-981.3284821
-936.6958275
-967.438535
-898.9426044
-868.2140477
-890.2518934
-1755.561374
-1733.770761
-1837.433823
-1402.939975
-1363.006282
-1476.837879
-1255.756891
-1223.947666
-1294.660114
-1136.93876
-1109.801918
-1156.167845
-982.9671833
-899.9391861
-839.030602
877.2009594
-3668.760837
-3576.145041
-3865.83083
-3628.474715
-3691.059717
-3926.260711
-2849.422984
-2961.053122
-3092.079428
-1642.674972
-1650.529622
-1570.348735
-5796.385133
-5782.086393
-5939.459566
-5621.041829
-5501.279608
-5531.248885
-4969.651845
-5008.066303
-5097.195359
-5934.346852
-5793.945845
-5787.056793
-5558.057958
-5581.697975
-5708.34216
-3414.828072
-3500.262786
-3570.003266
-4958.341029
-4878.939941
-4919.359843
-1492.651622
-1953.358282
-2057.288279
-2110.500391
-3699.80122
-3519.142073
-3198.931048
-2639.177608
-2599.28719
-2678.566234
-2146.544746
-2217.443316
-2243.593452
-3307.445875
-3246.520468
-3330.084566
-2757.94121
-2837.895957
-2884.530281
1493.610254
1650.799773
1367.383235
1031.699738
629.5278466
619.6827804
-4549.463864
-4319.369551
-3929.035794
-5294.325067
-5325.079781
-5425.688468
-5309.500226
-5219.60409
-5250.825348
-5727.682333
-5734.73776
-5865.924697
-5810.441064
-5693.036863
-5702.189955
-3876.282703
-3827.84015
-3789.158981
-2886.336504
-2863.682226
-2910.763153
-2600.090938
-2642.132652
-2661.379853
-5666.189449
-5630.077546
-5822.986688
-5877.407715
-5724.98916
-5686.697646
-4590.641251
-4635.518526
-4708.693171
-4553.681664
-4490.846466
-4536.647335
-2528.934998
-2513.090504
-2554.4599
-2250.277283
-2012.899936
-2055.63141
-2010.762979
-1996.631782
-2066.88119
-1664.228464
-1689.438811
-1559.610791
-1447.960735
-1756.01404
-1791.801424
-2872.166754
-2546.644773
-2579.253998
-1952.887565
-1972.670277
-1891.425147
-4115.372147
-4327.242075
-4091.734464
-3508.827561
-3154.42161
-3100.484466
258.4645881
254.4183483
169.0236764
167.6731379
213.1584344
75.44259697
121.0367806
121.6646625
120.4208632
121.145422
74.55564302
-24.28550489
-19.49645265
27.30513204
-112.957456
-67.08903564
-72.64796588
-61.14132862
-63.31958534
-109.5982788
-210.7326633
-202.8677556
-159.0775672
-286.7358054
-246.249717
-254.7499508
-234.0523393
-239.039697
-279.753671
-373.3560019
-362.5851714
-326.2179668
-429.8989032
-397.7633876
-408.7356823
-382.443248
-388.6619196
-421.4405915
-499.7450962
-488.702411
-460.7776006
-539.2388327
-515.3491961
-526.063165
-500.6055656
-506.5507061
-531.2297366
272.8088373
268.5125218
160.7932659
164.2810152
219.0989307
53.28103313
109.0093038
101.7363937
118.4665166
114.4981877
62.02105124
-72.7287201
-55.9363564
-1.929837711
-159.2155394
-108.5392904
-127.5549456
-81.2996323
-93.22276871
-142.4133593
-276.9903571
-254.3717777
-207.9350697
-340.6476671
-298.6724838
-321.5102546
-265.6578253
-280.1237197
-322.2126955
-439.6205469
-418.2177784
-380.5513966
-486.6558477
-453.7599412
-474.3162376
-421.5636766
-436.4003858
-469.3629438
-563.5997323
-544.3307458
-516.9049598
-592.0224314
-569.3306265
-588.2061107
-538.5300183
-552.8487019
-575.9213176
294.9051864
287.1565722
139.0474668
145.3692386
220.7501116
-5.802495202
69.09948123
54.50973389
92.7366901
81.77363059
13.10468735
-181.1057656
-146.7550229
-78.12809183
-270.1435714
-210.9039455
-249.3460682
-150.6411072
-178.2394044
-234.9289905
-417.2243676
-373.7953181
-324.4064805
-459.2914643
-418.626649
-461.860806
-348.8816046
-381.1252822
-422.3459156
-570.7320238
-529.8757208
-496.2613619
-589.7482055
-561.0712414
-599.8007012
-498.7426942
-527.465042
-557.7062612
-669.048184
-638.6537614
-615.7457207
-676.7451202
-658.9439699
-687.0879585
-609.572129
-633.2368219
-652.7378737
356.2663952
332.2178454
110.9013857
117.3669943
240.8523284
-123.2125164
-5.394276996
-33.47183112
37.53264643
17.79650409
-85.51656015
-398.616813
-328.0094696
-231.5866385
-483.3437341
-411.8517948
-487.514494
-294.5333702
-348.0177076
-416.2112463
-670.7505407
-593.7694383
-543.2089459
-671.5046538
-636.3459502
-710.1164889
-511.6123483
-569.668588
-608.0003832
-781.3347414
-722.108267
-699.698678
-755.8799358
-740.5253798
-795.4798798
-643.1520493
-689.8644404
-708.9065915
-821.8613911
-779.294518
-768.630505
-795.7159024
-788.2250836
-827.0671698
-718.0344005
-751.8157356
-762.5575967
595.6836333
505.7943035
-61.26913952
81.61110866
353.095887
-407.3653244
-180.8178591
-286.1820041
-69.10364258
-115.5460317
-305.3251218
-888.0996809
-720.7445131
-586.2189151
-886.3515489
-818.4559908
-977.5741047
-576.8044604
-685.3661819
-759.7371737
-1074.860655
-958.6209064
-930.9405036
-984.0130649
-975.3379262
-1080.531817
-790.7241204
-878.7863982
-896.1334796
-1063.206596
-986.2401304
-987.7373998
-977.7821825
-983.166107
-1052.342254
-854.5272918
-917.400614
-917.6372109
-1013.838635
-963.5369578
-971.1362755
-946.7696779
-955.3159056
-1000.288254
-868.1609822
-910.9233575
-907.0070239
264.3309926
320.0942675
686.5080173
-352.8009402
-38.82454968
-179.7526522
93.37061734
42.96002542
-221.4582554
-1633.874318
-1486.751347
-1537.711092
-1389.571712
-1437.003988
-1559.850721
-1192.720828
-1313.048237
-1283.776141
-1380.909865
-1303.336685
-1345.044729
-1228.193451
-1264.478537
-1332.322262
-1123.596541
-1194.623541
-1166.475759
-1209.13872
-1162.48633
-1194.281819
-1104.588722
-1132.636411
-1173.957678
-1045.152439
-1089.49421
-1066.343282
-3134.852157
-2936.608289
-3147.228344
-2599.10348
-2757.300859
-2932.888773
-2122.919392
-2028.970951
-2202.198066
-1769.016051
-1887.21797
-1965.494439
-1678.792114
-1790.221095
-1687.819784
-1631.431576
-1582.775734
-1668.944896
-1440.957609
-1507.542668
-1549.837378
-1396.760536
-1456.842179
-1396.895373
-1356.206747
-1327.469618
-1381.335336
-1233.378921
-1278.404767
-1303.844425
-1212.882289
-1248.36424
-1206.605769
-3796.178396
-3797.12614
-4078.477524
-3314.225667
-3543.5004
-3551.021269
-3476.040123
-3522.269387
-3300.358321
-2242.145495
-2251.261524
-2461.942908
-1934.250514
-2078.165364
-2072.992981
-2024.823338
-2062.414337
-1919.292164
-1705.643119
-1708.602256
-1812.839164
-1538.814575
-1618.275801
-1616.301681
-1583.944054
-1606.639225
-1528.222934
-1404.17225
-1404.218069
-1467.990143
-1293.141021
-1346.266147
-1346.75563
-1324.529992
-1338.564196
-1286.354337
-3280.533709
-3378.890575
-3561.87387
-3044.339554
-3207.078023
-3121.642094
-3357.874474
-3287.413658
-3122.223274
-2007.147544
-2089.887762
-2251.864951
-1834.192616
-1952.179982
-1883.132412
-2049.450852
-2008.255068
-1880.362294
-1599.472889
-1642.599875
-1732.312333
-1492.694531
-1563.21415
-1526.24035
-1607.365859
-1590.850404
-1516.228996
-1345.8924
-1370.630482
-1428.916959
-1267.131626
-1316.917977
-1295.218969
-1341.084732
-1332.568622
-1281.217823
-2394.380123
-2508.687673
-2598.100322
-1590.589075
-1702.903623
-1792.46388
-1552.34422
-1623.364156
-1525.428244
-1803.759177
-1716.750622
-1633.312725
-1364.158849
-1430.963525
-1488.610675
-1329.899099
-1378.472992
-1319.19355
-1482.25786
-1432.413572
-1377.778859
-1200.962246
-1242.535109
-1284.54728
-1165.37747
-1202.936759
-1165.589942
-1268.540695
-1237.442243
-1196.440467
-1425.779725
-1325.023412
-1289.397953
-1257.114071
-1193.803278
-1164.859242
-1125.203943
-1083.197288
-1056.91271
-4752.618011
-4540.857397
-4469.016733
-4625.743057
-4575.343873
-4795.577162
-4535.431491
-4393.618843
-4430.317848
-4281.19648
-4330.679488
-4475.646981
-4873.454522
-4673.391679
-4641.183535
-4689.72629
-4673.058227
-4878.149295
-3370.723637
-3302.352292
-3371.065672
-4280.847598
-4158.188293
-4213.442506
-4024.91593
-4085.686153
-4210.106301
1008.656325
-447.3307607
-646.9930028
-524.5314916
-1036.097705
-811.3573001
-611.1962498
-1083.714947
-967.9337538
-1185.919102
-3101.920241
-3324.463034
-3414.093202
-3083.033247
-3217.86234
-3014.730442
-3736.055702
-3456.405419
-3308.806183
-3269.279167
-3472.750638
-3421.673213
-3538.334156
-3514.099244
-3311.60533
-3993.623607
-3740.557132
-3776.152018
-2715.006139
-2836.203345
-2735.132852
-3029.951422
-2934.842467
-2809.951403
-3213.711637
-3070.490525
-3177.471318
-3523.320815
-3490.321264
-3535.472019
-3397.715905
-3442.48114
-3476.449287
-1810.690662
-1730.156013
-1723.496067
-1759.455346
-1743.505493
-1826.297785
-1578.768494
-1660.979093
-1673.890113
-4443.032503
-4234.275121
-4112.539739
-4411.759945
-4316.348531
-4537.958559
-5934.206191
-5784.417881
-5763.352101
-4730.255645
-4561.487535
-4595.001802
-4477.217628
-4521.768657
-4686.900086
-5433.048478
-5468.60873
-5586.274445
-5258.459084
-5360.390836
-5325.397946
-5417.570149
-5390.966782
-5290.793664
-5142.14285
-5056.905163
-5093.178217
-5780.312181
-5778.939307
-5923.951164
-5356.870865
-5465.735616
-5443.214022
-5513.61738
-5492.537356
-5379.22728
-5730.901058
-5604.77512
-5630.047243
-4848.531624
-4656.43964
-4676.693048
-4620.421838
-4638.561626
-4826.724387
-3714.079326
-3678.16851
-3722.618972
-3583.8931
-3629.394941
-3666.983961
-3678.544107
-3594.649887
-3662.90798
-3448.054127
-3516.870392
-3601.119229
-3361.900836
-3431.055608
-3348.879111
-3597.969932
-3514.05862
-3441.729512
-3659.932285
-3586.539702
-3674.072684
-4785.284118
-4827.380339
-4909.84591
-4343.454825
-4293.597585
-4336.730125
-3987.787077
-3884.927907
-3949.291255
-3740.854409
-3807.661936
-3910.98922
-1497.273804
-2230.863294
-2166.242729
-2280.423859
-2050.371139
-2041.746058
-2083.4242
-1950.755501
-1993.94133
-2005.222348
-4110.794382
-3825.485681
-4053.358367
-3458.939768
-3629.092696
-3887.889211
-3082.165379
-3362.343979
-3224.98483
-3893.176751
-3710.696002
-3542.518617
-4000.932626
-3849.979639
-4043.827245
-2450.828622
-2523.399921
-2559.005519
-2638.063487
-2560.091687
-2528.532714
-2321.643952
-2297.213609
-2369.923274
-3081.190479
-3163.676522
-3221.388843
-3049.943838
-3107.330764
-3027.153736
-3267.427124
-3186.969384
-3130.66009
-2745.961422
-2792.472894
-2714.683398
-2948.607333
-2869.784884
-2822.861378
-2967.743215
-2918.37024
-2999.487577
1833.195052
1647.222512
2316.67319
2049.826971
1524.460709
1843.719949
2102.977208
-379.2672682
-622.9224972
-493.7568244
-1153.601244
-843.6792341
-577.678288
-1277.592623
-1063.231654
-1367.411801
525.8657403
611.3581946
1096.485894
-253.0771563
145.6006001
-58.51942882
317.3359153
260.3383024
-101.4918621
-5668.430852
-5428.697198
-5253.334716
-5702.433459
-5559.321749
-5814.430647
-5100.692342
-4711.073838
-5010.907474
-4330.461272
-4502.836864
-4846.175173
-5089.498823
-4898.66324
-5144.54556
-3336.125024
-3306.256114
-3350.565502
-3217.588305
-3259.916986
-3290.154788
-1865.466543
-1859.03197
-1902.700552
-1767.241881
-1812.130361
-1820.474546
-5467.404738
-5369.310159
-5396.728901
-5140.348255
-5174.371066
-5268.936332
-5884.527467
-5757.775144
-5760.896231
-5656.700344
-5666.683043
-5790.610511
-3907.632036
-3867.448433
-3917.120741
-3769.518796
-3818.188035
-3857.300177
-3740.645914
-3780.199229
-3732.676758
-2776.971839
-2818.999852
-2840.370334
-2887.715534
-2842.412551
-2822.262709
-2706.767811
-2688.388728
-2730.97473
2977.213055
2703.430435
2860.687252
2061.116368
2469.965761
2700.012513
2942.355842
3894.848207
3659.259328
-1266.385651
-959.1773106
-574.5222366
781.2832948
853.8634044
1539.628109
-232.7442614
305.3838188
108.5033164
-5760.764612
-5734.636986
-5896.128117
-4760.064831
-4688.938894
-4732.623377
-4390.378407
-4436.691376
-4501.545999
-2425.952299
-2467.491161
-2484.816718
-1804.312517
-1795.762802
-1591.725696
-1847.768614
-1917.309104
-1933.72782
-2240.941995
-2254.476319
-1994.696296
-675.9811279
-694.7932191
-694.8359952
-553.5714314
-573.3572529
-569.5617493
-597.0249866
-615.424333
-603.8890725
-669.7858621
-684.073836
-665.7488438
-771.7667286
-777.7301165
-752.6671615
-902.6845044
-898.4017883
-866.7764363
-1044.202136
-1024.094812
-992.876249
-1168.583606
-1134.357831
-1107.449669
-1238.657471
-1196.139235
-1183.102163
-1233.885888
-1191.003692
-1195.650112
-1157.731673
-1122.041964
-1142.374006
-1031.086632
-1006.691912
-1037.125152
-653.5785507
-794.6245566
-915.9825615
-4428.705814
-4401.736196
-4255.946138
-4301.90158
-4462.308255
-4449.97596
632.2570705
321.503014
307.587571
487.4753137
-1403.375211
-1247.017149
-1170.947518
-2373.729171
-2573.183463
-2445.925561
-2338.654537
-2423.25444
-2317.433872
-2632.320855
-2527.901907
-2439.167077
-1512.854133
-1617.338841
-1639.428748
-3163.356907
-3226.957351
-3294.843888
-4220.20392
-4366.033433
-4322.09523
-4504.409526
-4484.236033
-4312.799177
-2212.13861
-2103.910131
-2054.153257
-1938.698011
-1978.932713
-2177.678546
-2514.936134
-2523.01822
-2802.593841
-590.950167
-582.7500137
-561.9866692
-646.748654
-631.8117658
-612.642204
-727.0124937
-705.668113
-692.1391533
-836.723319
-806.792904
-802.0812122
-961.8445406
-930.1698301
-937.8689439
-1083.441618
-1051.752256
-1077.72943
-1172.668296
-1152.03596
-1191.639639
-1202.213255
-1197.89321
-1244.204181
-1163.941947
-1176.567418
-1220.761622
-1068.72077
-1094.628552
-1129.58467
-44.32975823
146.3647574
128.5742135
-7669.818777
-7681.045527
-8051.813045
-3423.93143
-3434.979722
-3442.79022
-1967.933252
-1981.241471
-1988.241888
-7530.487026
-7770.757597
-8149.993718
-6802.75664
-7172.838516
-9479.532781
-6782.788543
-6884.593019
-6969.837005
-6734.71713
-6822.384064
-6894.265638
-6640.622892
-6738.099985
-6821.481219
-5489.056238
-5532.636941
-5570.920498
-5636.734245
-5682.945076
-5723.380873
-5428.319937
-5463.567182
-5489.322624
-5260.490996
-5286.339207
-5309.452706
-3595.846438
-3597.586015
-3605.10511
-3548.021865
-3559.400796
-3568.541193
-2681.382575
-2682.325958
-2687.595275
-1837.077381
-1846.914874
-1853.213949
-6797.015224
-6866.524566
-6918.183205
-6969.291569
-7071.082662
-7157.455973
-6870.872995
-6965.659694
-7045.368157
-7012.194479
-7113.097087
-7205.690112
-6471.212311
-6543.952927
-6602.790575
-6590.606817
-6667.914757
-6733.256969
-6432.437769
-6507.750689
-6573.12319
-5819.003322
-5883.792263
-5939.888337
-5688.384033
-5750.782391
-5807.406742
-5847.25691
-5895.619695
-5930.216167
-5215.321355
-5246.526261
-5273.917295
-5075.435008
-5120.122054
-5151.533139
-4768.307692
-4803.220122
-4833.466981
-5033.336436
-5098.968027
-5155.241925
-4821.437168
-4854.378806
-4881.745965
-2720.001846
-2731.101445
-2738.481474
-1690.666816
-1694.413065
-1699.637909
-7788.692912
-7818.328752
-8304.735092
-3464.057218
-3481.416623
-3494.269441
-1937.285766
-1943.635438
-1954.769075
-4186.079714
-4201.954409
-4211.59034
-3376.473455
-3388.804841
-3394.760262
-3351.493251
-3364.153496
-3373.306764
4655.651477
4723.720336
4743.970285
-1779.444398
-1793.663244
-1802.496854
-1737.514589
-1739.219601
-1746.365365
-6815.858445
-6932.923766
-7034.98897
-6806.22078
-6898.197247
-6975.386768
-6701.295964
-6792.42208
-6868.480436
-6671.71588
-6760.711769
-6830.7603
-5544.83341
-5606.119356
-5661.862734
-5581.598331
-5620.365769
-5648.28308
-5386.114689
-5442.666498
-5492.986966
-5326.627819
-5368.35411
-5405.799421
-7612.116799
-7686.969147
-9357.59655
-7523.72042
-7628.677895
-8502.13546
-7824.715593
-7851.581046
-8556.7449
-3506.433445
-3527.771432
-3543.125139
-2642.58699
-2653.377795
-2662.001889
-2548.19881
-2561.439783
-2569.518841
-2603.423053
-2621.524966
-2635.47937
2630.02017
2579.229618
2373.414341
2436.500972
-1889.323749
-1896.6675
-1904.35064
-6945.908675
-7056.661736
-7139.616637
-6931.892661
-7074.56769
-7200.558682
-7061.500824
-7188.767084
-7309.512749
-6508.243034
-6586.220813
-6652.924351
-6541.907775
-6610.644054
-6667.304989
-6384.799697
-6445.789575
-6496.369831
-6347.997533
-6411.192269
-6465.444134
-5777.153524
-5831.401618
-5878.872909
-5725.203996
-5768.53939
-5800.385685
-5887.436963
-5938.1066
-5981.708208
-5925.92264
-5970.162059
-6010.330614
-5118.431423
-5147.807052
-5172.207874
-4709.487703
-4733.440146
-4754.615977
-4957.035744
-4994.142137
-5025.783009
-4877.651254
-4899.680281
-4917.891629
-3212.836695
-3227.212002
-3239.229575
-3270.847508
-3299.631113
-3323.119169
-3322.1552
-3352.222976
-3376.413113
-2378.785352
-2392.907152
-2401.815236
-2337.793554
-2338.503376
-2343.652685
4753.338863
4890.196486
5059.882189
3006.065858
2861.807014
2442.185741
760.5247642
181.1163319
-1363.382116
-2022.213723
-2032.865453
-2040.091545
-3789.450101
-3811.113236
-3822.408151
-3762.663977
-3797.363294
-3822.174557
-7261.939391
-7411.856886
-7563.018748
-4100.795449
-4122.988548
-4141.043124
-4149.328213
-4169.769727
-4189.835891
3862.171616
3880.529609
3836.408807
4277.140886
4292.47899
4272.407969
-2203.549952
-2215.266938
-2224.180363
-1625.062509
-1633.702982
-1638.465209
-1587.948941
-1586.88408
-1590.838438
-6175.368648
-6230.448998
-6274.606446
-6307.916264
-6369.894308
-6414.726643
-6284.043319
-6365.57942
-6442.327996
-6154.523218
-6225.192803
-6281.24933
-5972.659917
-6024.055262
-6065.673986
-6031.564343
-6091.415425
-6148.21875
-2887.509464
-2889.040663
-2893.834161
3618.135653
3619.580945
3560.819844
2912.94294
2833.570649
-2144.969889
-2153.492421
-2158.377149
-3932.459637
-3962.88556
-3984.668555
2787.008342
2739.493276
-7453.077875
-7656.554965
-7904.369432
-7434.270749
-7590.124407
-7820.125405
-5167.090159
-5207.477614
-5238.507239
-3966.681362
-3984.670529
-3994.23905
-3069.144684
-3083.164455
-3093.928423
-2853.028005
-2864.191387
-2871.381053
-3023.933488
-3045.167155
-3061.512362
4972.42984
5114.340781
5269.05327
-2436.226055
-2456.60316
-2472.603888
-2296.067886
-2305.949623
-2314.552853
-2068.908836
-2076.659794
-2084.557666
-7758.491264
-8034.507512
-8666.464672
-3829.279932
-3840.689696
-3848.521684
-3725.486202
-3757.566335
-3784.355662
-3652.994769
-3667.796684
-3679.054343
-7618.723175
-7765.05638
-8099.227583
-7301.393551
-7430.139166
-7591.234948
-7278.515764
-7435.240027
-7602.020147
-7251.143369
-7408.381843
-7564.272069
-4589.680957
-4623.002264
-4656.094768
-4636.025594
-4657.867045
-4672.457121
-4041.789916
-4057.942344
-4069.04571
-4525.212654
-4552.773437
-4576.125827
-4450.322511
-4468.863753
-4483.179448
-4721.662182
-5564.12951
-8677.627927
-2512.445299
-2513.826642
-2519.11815
-2474.549519
-2485.531839
-2493.715958
-2249.642338
-2267.130593
-2280.8757
-6207.582911
-6256.907913
-6300.360704
-6248.881225
-6306.917816
-6358.565495
-6129.558851
-6210.243023
-6282.541676
-6076.473706
-6132.315597
-6178.250217
3072.530325
3068.034142
2991.708347
3330.136328
3305.880583
3221.141417
-2111.611814
-2113.856771
-2121.106898
-7775.377571
-7571.235575
-8657.279385
-3880.665784
-3891.301077
-3903.473291
-7563.864389
-7671.476357
-7931.899428
-7366.208051
-7496.638194
-7681.582785
-7131.94928
-7250.772449
-7360.611229
-7192.655589
-7333.754454
-7471.113211
-7108.303721
-7227.965791
-7332.852959
-7097.286296
-7246.410139
-7370.712558
-3996.6915
-4010.810541
-4019.466417
-4349.63241
-4377.330592
-4398.977194
-4392.017688
-4410.767615
-4423.37529
-4298.732547
-4321.264915
-4339.333516
-4246.727502
-4261.828215
-4274.018329
-3108.645726
-3111.36088
-3118.254125
-3145.750803
-3153.324895
-3159.060561
-2778.052371
-2798.086932
-2813.970885
-2815.922035
-2838.225438
-2853.778078
-2977.271529
-2990.47189
-3000.490363
-2919.407532
-2927.193449
-2932.066812
-1847.489
-2535.112546
-5227.774775
)
;

boundaryField
{
    topAndBottom
    {
        type            slip;
    }
    inlet
    {
        type            zeroGradient;
    }
    outlet
    {
        type            fixedValue;
        value           nonuniform List<scalar> 0();
    }
    wing
    {
        type            zeroGradient;
    }
    front
    {
        type            empty;
    }
    back
    {
        type            empty;
    }
    procBoundary2to0
    {
        type            processor;
        value           nonuniform List<scalar> 
58
(
260.3344041
947.1321954
2683.031071
3669.495379
3906.290524
3490.116518
3389.665994
3807.95381
3097.694779
3389.665994
306.3336563
263.4112361
292.3509226
331.392077
311.2719097
379.1348795
340.7128836
512.4825615
398.2178985
847.7493414
578.8471388
1474.70486
1768.3547
2400.436669
3163.532532
2973.304289
3849.609123
3361.037654
3888.006354
263.4112361
1079.713196
301.3719027
297.034579
323.6133689
316.8259293
364.8776698
351.967029
462.9397229
425.6285194
790.0135812
768.1334704
669.0503649
1250.930458
1474.70486
1947.732819
2152.22942
2973.304289
3728.458834
3559.334854
768.1334704
2243.052494
2641.493055
2494.407564
2404.338961
2494.407564
2921.393257
2921.393257
2794.615113
)
;
    }
    procBoundary2to3
    {
        type            processor;
        value           nonuniform List<scalar> 
51
(
-889.6466666
-831.2480746
-732.8676558
-808.9814717
-713.5959915
-700.613461
-694.2727961
-1529.235222
-1445.173663
-1412.531006
-1521.098126
-1424.472961
-1445.173663
-1424.89744
-1540.771007
-1505.592137
-1544.686255
-1416.082323
-1344.950736
-1419.606221
-1514.442062
-1429.642366
-1505.592137
-1301.097112
-1325.631362
-1439.571834
-1508.732091
-1276.171599
-1250.644856
-1176.065919
-1152.45848
-1084.231506
-1061.96095
-925.1087973
-858.5784415
-808.9814717
-1413.941566
-1432.725759
-1200.36364
-1225.177795
-1106.66295
-1129.388677
-1017.349295
-1039.700396
-1416.397341
-995.1386991
-972.6814606
-1407.373094
-1548.206628
-1553.587665
-1558.580691
)
;
    }
}


// ************************************************************************* //
