/*--------------------------------*- C++ -*----------------------------------*\
| =========                 |                                                 |
| \\      /  F ield         | OpenFOAM: The Open Source CFD Toolbox           |
|  \\    /   O peration     | Version:  v2012                                 |
|   \\  /    A nd           | Website:  www.openfoam.com                      |
|    \\/     M anipulation  |                                                 |
\*---------------------------------------------------------------------------*/
FoamFile
{
    version     2.0;
    format      ascii;
    class       surfaceScalarField;
    location    "0.07";
    object      meshPhi;
}
// * * * * * * * * * * * * * * * * * * * * * * * * * * * * * * * * * * * * * //

dimensions      [0 3 -1 0 0 0 0];
oriented        oriented;


internalField   nonuniform List<scalar> 
5999
(
0
0
0
0
0
0
0
0
0
0
0
0
0
0
0
0
0
0
0
0
0
0
0
0
0
0
0
0
0
0
0
0
0
0
0
0
0
0
0
0
0
0
0
0
0
0
0
0
0
0
0
0
0
0
0
0
0
0
0
0
0
0
0
0
0
0
0
0
0
0
0
-6.689149999e-09
6.023639894e-08
0
0
0
0
0
0
0
0
0
0
0
0
0
0
0
0
0
0
0
0
0
0
0
0
0
0
0
0
0
3.152443116e-08
-8.542535687e-07
-2.829515451e-06
5.430690449e-06
1.087634951e-05
-4.903403978e-05
-2.492297197e-05
6.948644803e-05
1.436610711e-05
-0.0001285891192
-2.499617826e-05
0.00014366768
0
0
0
0
0
0
0
0
0
0
0
0
0
0
0
0
0
0
0
0
0
0
0
0
0
1.514339893e-06
-1.542945891e-06
-7.562697845e-06
1.120245428e-05
5.138911043e-05
-0.0001001436902
-7.884823399e-05
0.0001436445339
9.457908354e-05
-0.0002876727276
-0.0001241264935
0.0003339734728
6.919316825e-05
-0.0004473108736
-8.628562306e-05
0.0004732554764
0
0
0
0
0
0
0
0
0
0
0
0
0
0
0
0
0
0
0
0
0
0
0
-5.027054016e-07
4.680916098e-07
5.823014247e-05
-5.899286619e-05
-8.229861458e-05
0.0001027100246
0.0001802541177
-0.0002787334065
-0.0002166491008
0.0003437056628
0.0002179507595
-0.000528154481
-0.0002476728948
0.0005805439697
0.0001362502129
-0.0006968920586
-0.0001505523415
0.0007211341009
0
0
0
0
0
0
0
0
0
0
0
0
0
0
0
0
0
0
0
0
0
1.496223019e-05
-5.460251637e-06
-2.40807701e-05
2.383691448e-05
0.0001728428832
-0.0001464422137
-0.0002016556617
0.000203897651
0.0003208692947
-0.0003987415926
-0.0003538313881
0.000462683086
0.0003236157435
-0.0006167836417
-0.0003415748224
0.0006535021886
0.0001801827799
-0.0007211399054
-0.0001853503356
0.0007310946587
0
0
0
0
0
0
0
0
0
0
0
0
0
0
0
0
0
0
-4.424109287e-07
2.910452799e-09
1.008341903e-07
5.372555505e-05
-2.061215318e-05
-6.447019905e-05
4.659994419e-05
0.0002721185453
-0.0001731404666
-0.0002913414207
0.0002280809789
0.0004288066795
-0.000391561075
-0.0004449019058
0.000439388024
0.0003748273849
-0.0005430873005
-0.0003836275818
0.0005629307591
0.0001848368134
-0.0005789403157
-7.80727221e-05
-9.914719218e-05
0.0002894507435
0.0002818726731
0
0
0
0
0
0
0
0
0
0
0
0
0
0
0
0
1.856220286e-06
0
-3.984588639e-06
7.073542387e-07
9.373705182e-07
8.645993666e-05
-2.30898161e-05
-8.910115419e-05
4.521996491e-05
0.0003330894115
-0.000143889752
-0.0003383229558
0.0001832614392
0.0004769329804
-0.0002968952498
-0.0004812110313
0.0003282511172
0.000392305532
-0.000385594958
-0.000393234744
0.0003897279628
0.0001027863167
-0.0002031531898
-0.0001026048965
0.0002029717696
0
0
0
0
0
0
0
0
0
0
0
0
0
0
0
0
5.184310516e-06
0
-6.543473424e-06
1.017181422e-06
8.9434131e-07
0.0001026144417
-1.535687923e-05
-0.0001054577969
2.83178866e-05
0.0003569581815
-8.347551064e-05
-0.0003607077696
0.0001046950407
0.000492241499
-0.0001646108213
-0.0004943600573
0.000180538497
0.0003942375263
-0.0002069919416
-0.0003943110056
0.0002077995753
0.0001035621294
-0.0001094333194
-0.0001035457513
0.0001094169414
0
0
0
0
0
0
0
0
0
0
0
0
0
0
0
0
7.856343206e-06
0
-9.654554518e-06
1.996277541e-07
-1.379230964e-07
0.0001125091281
-2.395246803e-06
-0.0001153472336
4.291212259e-06
0.0003698357888
-1.220276778e-05
-0.0003734530302
1.521100954e-05
0.0004993973956
-2.355895405e-05
-0.0005013774982
2.573288784e-05
0.0003943388576
-2.910194128e-05
-0.0003943475037
2.908920296e-05
0.0001033760672
-1.994015344e-05
-0.0001033426393
1.133889679e-05
8.567828687e-06
0
0
0
0
0
0
0
0
0
0
0
0
0
0
0
0
1.161059954e-05
0
-1.384668796e-05
-1.628914928e-06
-2.304693304e-06
0.000124183687
1.39048577e-05
-0.0001272807447
-2.403202897e-05
0.0003844758167
6.501142713e-05
-0.0003882624304
-8.028651846e-05
0.0005073255398
0.0001221309885
-0.0005093453352
-0.0001328053103
0.0003943606849
0.0001489463767
-0.0003943612903
-0.0001491285634
0.0001031173038
6.914969515e-05
-0.0001030819606
-3.319851793e-05
-3.598652044e-05
0
0
0
0
0
0
0
0
0
1.653045669e-05
0
-5.07158098e-06
-5.898118624e-06
0.0001373467148
3.447851443e-05
-0.0001412626047
-5.772692428e-05
0.000400309
0.0001494498472
-0.0004048943307
-0.0001830303464
0.000515687426
0.0002734470556
-0.0005180533457
-0.0002958917285
0.0003943831652
0.0003273366539
-0.0003944305154
-0.0003273333352
0.0001028105771
0.0001581955707
-0.0001027659113
-7.769987552e-05
-8.054036108e-05
-0.000120813819
0.0001208060282
0.0001035699201
-3.106653614e-05
0.0001034133476
1.691332594e-05
1.411592986e-05
5.800903376e-05
0.0001031469194
-2.763355685e-05
-3.040509249e-05
0.0001470222832
0.0001028278225
-7.2137116e-05
-7.490241254e-05
-0.0002145791799
0.0002146184678
0.0001027470287
-7.350146109e-05
7.362221773e-05
0.0003943387459
-0.0001158726598
0.0001159016458
-3.109552219e-05
0.0001160551545
-0.0001094379962
-0.0001160504778
0.0001043866809
-0.0001045745164
0.0003943662487
-0.0001156145135
0.0001156442864
5.797926089e-05
-1.997347157e-05
-0.0001158393417
-0.00010325412
1.346056191e-05
0.0001032901175
-5.350928004e-06
-8.145631346e-06
-3.157805851e-05
-4.38857723e-06
3.148273818e-05
8.128007817e-06
-3.644110255e-06
3.15083918e-05
5.986244636e-06
-1.129881509e-05
-3.148404909e-05
5.288227738e-06
0.0002826948203
-0.0002827091325
0.0003942910097
-0.000115325144
0.0001153590154
0.0001469884118
6.911102747e-05
-0.0001155758458
-0.0001029300179
0.0001025624421
0.0001029919716
-4.992767175e-05
-5.26967241e-05
-1.539879907e-05
-2.680370423e-05
1.54364466e-05
2.676605671e-05
3.131662463e-05
-1.630478431e-05
3.324462179e-05
-3.12908537e-05
-1.696560841e-05
0.0001581670076
-0.0001152965809
-5.288814165e-05
9.723827109e-05
-9.725864311e-05
5.290851367e-05
-1.597274203e-05
-4.880764505e-05
1.589348335e-05
4.888690373e-05
1.57569718e-05
-3.86645347e-05
3.858082167e-05
-1.567325876e-05
2.842618158e-05
-7.891730723e-05
-2.838350673e-05
3.975085169e-05
3.91237807e-05
-2.86055013e-05
-5.896638184e-05
2.8536447e-05
2.994509577e-05
2.909034038e-05
-0.0001038994727
2.645460635e-05
-2.634107615e-05
0.0001037859425
-8.195901306e-05
8.202933295e-05
2.835586169e-05
6.662612835e-06
3.153095808e-05
-1.407377751e-05
7.388598408e-06
3.358730906e-05
3.147129871e-05
-3.359801097e-05
-3.14605968e-05
0.0001034847662
-6.452838656e-05
-0.0001034597249
6.450334525e-05
2.833760725e-05
-2.828754548e-05
1.710228036e-05
1.643496694e-05
-1.466727213e-05
6.655666969e-06
1.4674218e-05
-5.606194336e-05
-2.857537377e-05
2.839988567e-05
2.763193016e-05
-3.639698407e-05
2.836307154e-05
1.853639759e-05
1.783512219e-05
-1.559229398e-05
3.135314824e-05
3.046057033e-05
-1.490479996e-05
-5.060445036e-06
1.095350174e-05
-3.160892895e-05
-5.862186267e-06
2.461965745e-05
-0.0001032187197
-1.093406505e-05
-1.372099276e-05
1.483370341e-05
-1.485295516e-05
-5.041193282e-06
-1.443305295e-05
-1.562884513e-05
1.44696041e-05
-1.464581896e-05
5.964791467e-06
-4.285667335e-06
1.473079351e-05
-3.794048773e-05
1.583172803e-05
3.78657315e-05
-2.749487916e-05
2.744702829e-05
-1.53509482e-05
0.0001136056298
-0.0001029233649
-5.544654403e-05
-5.816573871e-05
1.473745078e-05
-1.467132435e-05
-2.756100559e-05
-1.524635643e-05
-3.805129908e-05
1.535716779e-05
-1.44141183e-05
-1.632371895e-05
-2.687983177e-05
1.481357831e-05
-4.975671987e-05
4.97349616e-05
-1.595098375e-05
-0.0001000058511
1.537680009e-05
-1.529212579e-05
-4.984139417e-05
-1.512782807e-05
-3.878306306e-05
-4.872589635e-05
1.529505139e-05
-0.0002515976959
0.0002528351555
0.0003940537373
0.0001160603864
-0.0001208190508
0.0001153719915
-0.0002028092675
-0.0001157159138
-0.0001034319764
-0.0001667814693
0.000166791789
0.0001034216567
-3.149385235e-05
3.147413747e-05
-8.193929818e-05
3.083139096e-05
-0.0001041179336
-3.061293007e-05
-7.572141919e-05
7.570291403e-05
0.0001035032713
3.148930346e-05
-3.641498882e-05
3.158265646e-05
-5.606091943e-05
-3.158368039e-05
3.1561047e-05
-5.894477238e-05
-7.891832206e-05
-3.149283752e-05
-0.0001545800092
-0.0001035218482
0.000154669881
7.466676039e-06
-3.353012847e-05
-7.518864709e-06
3.358231714e-05
-5.412176478e-05
6.237626143e-06
-6.985510962e-06
5.48696496e-05
-4.717493277e-05
-7.754838248e-06
4.714809709e-05
7.781673927e-06
-0.0002579454184
4.684559679e-05
-1.895425188e-05
-2.498952679e-05
0.0001280875274
0.0001269560729
-0.0001059608609
0.0001080256403
2.4389827e-05
-4.42753054e-05
1.508908362e-05
4.420371573e-05
-1.501749394e-05
4.04322597e-05
8.884329223e-05
-4.042266158e-05
-8.885289035e-05
-4.039650316e-05
9.727374515e-05
-9.729403329e-05
4.041679131e-05
-4.199848304e-05
7.120503871e-06
-1.977957479e-05
5.465755396e-05
-3.404523975e-05
7.500033175e-06
3.401188261e-05
-2.83773191e-05
-7.035049991e-05
2.842349806e-05
3.545571662e-05
3.484860432e-05
-9.023435713e-06
9.194260315e-06
-3.421606435e-05
9.023745179e-06
-4.114903629e-05
-9.873191924e-06
-8.997502611e-06
1.148256617e-05
-2.949201869e-05
2.700695513e-05
-3.368306475e-05
-8.870499431e-06
-6.759331647e-05
-2.843694033e-05
3.421351952e-05
3.343941817e-05
-2.810751729e-05
-9.509200661e-05
9.519566383e-05
2.800386007e-05
-9.000989579e-06
9.041766086e-06
-4.721570927e-05
5.978349754e-06
-5.252322929e-05
-7.576885242e-06
4.174402638e-05
8.720643132e-06
-4.144092434e-05
4.654380023e-05
-4.645623361e-05
-9.088556199e-06
-9.147962501e-05
-2.819628967e-05
9.156839739e-05
-8.07622857e-06
4.686519055e-05
4.155138757e-05
7.313142685e-06
-1.47059661e-05
-1.22808269e-05
1.232627653e-05
1.466051647e-05
8.259243534e-06
-1.680395832e-05
-8.251414184e-06
1.679612897e-05
-1.160503319e-05
-1.471794502e-05
1.161701211e-05
-2.848283173e-05
-4.765182736e-05
2.849768404e-05
2.417806511e-05
2.345890995e-05
-8.312759473e-06
8.304717727e-06
-2.311354845e-05
2.31215902e-05
-2.813456208e-05
-8.484423656e-06
2.762148313e-05
8.269527899e-06
-1.751187371e-05
1.750158935e-05
-2.240436533e-05
-8.305790296e-06
2.239739616e-05
-4.479668807e-05
-2.844471571e-05
2.275269955e-05
2.200587251e-05
-1.471676286e-05
1.00649519e-05
-1.008108523e-05
1.473289619e-05
1.072997142e-05
-1.466484424e-05
-1.078189004e-05
-1.453400905e-05
-1.12460759e-06
1.107970645e-06
1.455064599e-05
-4.256555322e-07
-1.452204085e-05
4.136873405e-07
-1.429651251e-05
3.226103964e-05
-3.223435761e-05
1.426983048e-05
3.282933469e-05
-1.443298888e-05
-3.269285831e-05
-1.517309497e-05
2.107556952e-05
-2.097572448e-05
1.507324993e-05
2.183239734e-05
-1.519331754e-05
-2.181217478e-05
0.0001000470277
-0.0001000650183
-1.426351625e-05
4.36205202e-05
-4.373755387e-05
1.438054992e-05
-1.415726512e-05
-4.438155653e-05
8.907387945e-06
-0.0001199987265
-9.834261822e-06
-5.570199724e-05
5.577374485e-05
6.165878528e-06
1.563154442e-05
2.184485623e-05
-1.56440033e-05
4.062462392e-05
4.438125043e-05
-4.061970513e-05
-4.438616921e-05
-4.058124355e-05
5.272873253e-05
-5.274164166e-05
4.059415268e-05
4.066107014e-05
3.321559895e-05
-4.065216028e-05
-3.322450881e-05
4.158536483e-05
-4.159481403e-05
4.063407312e-05
1.557877961e-05
2.112833433e-05
4.050589621e-05
7.772797385e-05
-4.049263069e-05
-7.774123938e-05
8.615788775e-05
-8.618197077e-05
4.045634273e-05
1.516982278e-05
4.353978103e-05
3.149820722e-05
-1.146670016e-05
2.214590511e-05
-3.144744076e-05
4.069661567e-05
2.210106965e-05
-4.068826031e-05
-2.210942501e-05
3.042320154e-05
-3.042913764e-05
4.066700624e-05
-1.188127903e-05
-1.590318874e-05
1.1996972e-05
1.578749577e-05
-1.38321989e-05
1.23138804e-05
1.372923607e-05
-1.221091757e-05
1.456977625e-05
1.352668553e-05
-1.453402627e-05
-1.356243552e-05
1.516857109e-05
3.292292546e-05
-1.526216186e-05
4.052745019e-05
6.661286504e-05
-4.050260258e-05
-6.663771266e-05
7.491682711e-05
-7.493401047e-05
4.052307956e-05
5.54700502e-05
-4.056806346e-05
-5.548323029e-05
6.385093682e-05
-6.387046085e-05
4.054697422e-05
1.51526381e-05
3.227697263e-05
-1.44422678e-05
2.948841752e-05
-2.956784644e-05
1.452169672e-05
-1.208834644e-05
-2.98802103e-05
1.217277437e-05
2.979578237e-05
1.239918546e-05
-2.786140206e-05
2.778159742e-05
-1.231938082e-05
-1.107572782e-05
1.111009032e-05
3.832121121e-05
-3.83555737e-05
1.023504593e-05
3.536859425e-05
-1.125113739e-05
-3.435250279e-05
1.533290832e-05
3.557062455e-05
-1.545424425e-05
-3.544928862e-05
-1.45178745e-05
1.826125896e-05
-1.817163667e-05
1.442825222e-05
-1.151910835e-05
-1.789554065e-05
1.152949937e-05
1.788514963e-05
-1.658494135e-05
1.646975634e-05
-1.176609401e-05
-2.717126654e-05
1.247494762e-05
2.709550438e-05
-2.508634391e-05
1.271388089e-05
2.500592457e-05
-1.263346155e-05
1.503147978e-05
2.471591422e-05
-1.496078724e-05
-2.478660676e-05
-1.474342121e-05
4.08357151e-05
-4.096625912e-05
1.487396524e-05
-1.102818026e-05
1.104543249e-05
4.118439025e-05
-4.120164248e-05
3.902429046e-05
-1.108220195e-05
-3.901781633e-05
1.073212779e-05
4.572584131e-05
-1.281231027e-05
-4.364565883e-05
1.412740802e-05
4.635912117e-05
-1.447965426e-05
-4.600687493e-05
-6.302608561e-06
-3.188940128e-05
7.248190797e-06
3.094381904e-05
-3.261261202e-05
-1.983765376e-06
2.829376884e-05
-7.849674418e-06
-5.142349548e-05
5.156631369e-05
7.706856209e-06
-5.084588267e-05
-7.645303085e-06
5.064151134e-05
-7.750209826e-06
-3.698118378e-05
8.390085603e-06
3.6341308e-05
-3.607645132e-05
-7.650775403e-06
3.597701689e-05
9.834621176e-06
-3.633925974e-05
-9.571812755e-06
1.198646555e-05
-3.689867447e-05
-1.187055041e-05
3.678275932e-05
-1.147722257e-05
-3.476275361e-05
3.463189589e-05
1.160808029e-05
1.151667106e-05
-3.990237863e-05
-1.181521887e-05
4.020092644e-05
-3.771240648e-05
3.765690936e-05
1.204196268e-05
1.016638287e-05
-3.731294547e-05
8.043185847e-06
-3.271430818e-05
-7.941489685e-06
1.142960742e-05
-3.158848057e-05
-1.171482852e-05
3.187370167e-05
-1.250319676e-05
-2.92540928e-05
2.938861746e-05
1.23686721e-05
-3.415257222e-05
-1.137949809e-05
3.405484774e-05
-3.207624867e-05
3.220097656e-05
1.130487954e-05
8.405861047e-06
-3.225207648e-05
4.227311991e-05
9.770672583e-06
-4.271152296e-05
-9.33226953e-06
1.155436604e-05
-4.305406479e-05
-1.153197975e-05
4.30316785e-05
-4.072132298e-05
4.080430733e-05
1.14336867e-05
-9.150760092e-06
-4.338136268e-05
4.298805902e-05
9.544063759e-06
-8.488056652e-06
4.161041647e-05
7.972733043e-06
-1.466305555e-05
-7.271328888e-06
1.39616514e-05
1.093152136e-05
-1.477625372e-05
-1.109428526e-05
1.493901761e-05
-1.255517989e-05
-1.292457286e-05
1.335455137e-05
1.212520139e-05
1.112637856e-05
-1.704108999e-05
-1.104376972e-05
1.695848115e-05
-1.520742516e-05
1.52185432e-05
1.092040331e-05
8.149147768e-06
-1.489739859e-05
1.472098386e-05
1.24978079e-05
-8.606950217e-06
-1.240613855e-05
8.515280867e-06
-1.212774475e-05
-6.469995734e-06
6.376216859e-06
1.222152362e-05
-1.194548653e-05
-1.270390221e-05
1.209420885e-05
-9.337871609e-06
9.243884999e-06
1.259179451e-05
8.344420654e-06
-2.512329873e-05
-8.340882856e-06
2.511976093e-05
1.220898358e-05
-2.541677585e-05
-1.210730804e-05
2.531510032e-05
-1.181098686e-05
-2.337957851e-05
2.328635423e-05
1.190421113e-05
-2.838339102e-05
-1.249831876e-05
2.837851303e-05
-2.616208749e-05
2.605553868e-05
1.231553238e-05
8.3608014e-06
-2.582972315e-05
2.581334241e-05
8.266142237e-06
-1.959981004e-05
-8.257067786e-06
1.959073559e-05
1.145585026e-05
-1.985498597e-05
-1.136814647e-05
1.976728218e-05
-1.774239165e-05
1.76646041e-05
1.120416611e-05
-2.265400566e-05
-1.171656847e-05
2.255958727e-05
-2.050296471e-05
2.041839739e-05
1.154041757e-05
8.29445308e-06
-2.024830228e-05
2.021999144e-05
1.209073054e-05
8.252821159e-06
-1.200836097e-05
-8.335190736e-06
-1.177281179e-05
1.036468169e-05
-1.044442197e-05
1.185255208e-05
1.249216349e-05
4.681100463e-06
-1.248598521e-05
-4.687278741e-06
7.530396797e-06
-7.629401985e-06
1.218973573e-05
1.147163322e-05
-1.139869342e-05
-1.39051387e-05
-1.116988404e-05
-1.598718257e-05
1.125387786e-05
1.106873114e-05
-1.169535244e-05
-1.11461905e-05
1.31475107e-05
-1.322040095e-05
1.154452348e-05
1.170036277e-05
-2.988844488e-06
-1.15905839e-05
2.879065615e-06
-1.126133581e-05
-9.029976999e-07
7.922361436e-07
1.137209736e-05
-5.767832731e-06
-1.20239175e-05
5.664005479e-06
-3.685255076e-06
3.576508372e-06
1.180910948e-05
1.079395322e-05
1.859640046e-06
-1.078537067e-05
-1.868222601e-06
3.401796369e-06
-2.936482828e-06
1.202684995e-05
-2.165271425e-07
-1.11489795e-05
1.041708383e-07
1.559445367e-06
-1.67335689e-06
1.090786475e-05
-3.26210199e-05
-1.149859048e-05
1.173180834e-05
3.238780204e-05
-3.062698029e-05
3.053508025e-05
-1.19964464e-05
3.023557515e-05
-1.437680808e-05
-3.030103487e-05
1.036351688e-05
-1.03310489e-05
-3.065944827e-05
-1.006575649e-05
1.025042318e-05
-3.280568659e-05
1.037349764e-05
-1.035869957e-05
-2.787620013e-05
1.035201451e-05
-2.986870793e-05
3.290945775e-05
-9.825310226e-06
-3.314990402e-05
3.472736703e-05
-3.445482529e-05
1.506036658e-05
6.419668983e-06
3.364210028e-05
-2.982672334e-05
3.258419975e-05
-1.117333248e-05
-2.071908846e-05
-1.321336312e-05
1.321817767e-05
2.071427392e-05
-1.759254817e-05
1.803589487e-05
-1.196245506e-05
1.888629542e-05
-1.465790253e-05
-1.87462674e-05
1.037912795e-05
-1.030137041e-05
-1.767030571e-05
-1.068882118e-05
1.046473817e-05
-2.049500545e-05
-1.106912175e-05
-1.668570364e-05
-1.821079683e-05
1.069438413e-05
1.041588099e-05
-1.040344214e-05
-2.509878276e-05
1.038312879e-05
-2.71808977e-05
2.202306935e-05
-1.0548916e-05
-2.216297452e-05
2.438672769e-05
1.043260778e-05
-2.440345448e-05
2.40099266e-05
-2.407634153e-05
1.509789472e-05
1.280163464e-05
2.429897395e-05
2.185928515e-05
-1.304957892e-05
-1.098086672e-05
1.100124546e-05
4.397400229e-05
-4.399438103e-05
4.188372014e-05
-1.102065834e-05
-4.189124206e-05
4.153085595e-05
-1.462101747e-05
-4.16532597e-05
4.579680312e-05
-4.569769359e-05
1.402829849e-05
1.078642161e-05
4.603711717e-05
-4.609141099e-05
4.462903866e-05
-1.093399698e-05
-4.46759084e-05
3.142630527e-05
-2.576097569e-07
-1.828985577e-07
-3.141145249e-05
4.075576266e-05
-2.068106025e-07
-4.074767172e-05
1.987196555e-07
-4.073377873e-05
8.156530993e-06
-8.161161048e-06
4.073840879e-05
-1.132163085e-05
4.078158181e-05
-4.07769588e-05
1.131700784e-05
-2.988906028e-06
2.984141619e-06
4.076052707e-05
1.820934529e-06
3.14461684e-05
-2.965405252e-06
1.095466266e-05
-4.072915029e-05
-1.095929111e-05
1.929236052e-05
-1.930444775e-05
4.070870291e-05
-9.315772321e-06
3.15396663e-05
1.933926515e-05
-1.485674959e-05
7.286339728e-06
-7.282167735e-06
1.48525776e-05
-1.320112819e-05
1.331235795e-05
7.419167041e-06
1.333886336e-05
4.807373235e-06
-1.346513613e-05
1.292959203e-05
3.811067691e-06
1.180116883e-05
2.0028089e-06
-1.194433768e-05
1.451959538e-05
2.30546642e-06
-1.456890427e-05
-2.256157533e-06
-3.283652259e-05
-7.504159914e-06
3.28218178e-05
-1.144007486e-05
-4.047179773e-05
3.21322978e-05
2.296811207e-07
5.442787284e-05
-3.457863699e-05
7.595947762e-06
3.44827224e-05
-3.476813699e-05
9.383760321e-06
-1.009067062e-05
1.032848812e-05
-3.500595449e-05
-9.867186298e-06
-3.443954867e-05
-3.134728386e-05
1.843395122e-05
2.43958988e-05
-1.098063187e-05
1.050804869e-05
-3.087470069e-05
-1.096370867e-05
-2.950894188e-05
-9.665669173e-06
-3.388458187e-05
3.300777009e-05
-9.480155826e-06
-3.319328343e-05
-8.699251935e-06
1.141932296e-05
-4.626913032e-05
-1.151766995e-05
4.636747731e-05
-4.392463642e-05
4.391376627e-05
1.15652362e-05
1.001894295e-05
-4.362963305e-05
4.72056321e-05
-9.108918649e-06
-4.617294202e-05
6.331886659e-06
-2.02023553e-05
6.107610074e-05
4.635360989e-05
6.843467327e-06
5.375221634e-06
3.640584705e-05
-4.068495942e-05
6.523782383e-06
3.953639868e-05
7.907887121e-06
-4.127970386e-05
-2.149270974e-05
4.391639309e-06
1.710107043e-05
-1.509210596e-05
8.74420224e-06
-1.514480602e-05
-1.107166952e-05
-1.38399774e-05
9.819540964e-06
-9.539376078e-06
9.606894738e-06
-1.687147698e-05
1.610343321e-05
-9.45679342e-06
-1.618601587e-05
-8.228728742e-06
1.608074777e-05
-9.047175621e-06
9.049992103e-06
-7.033032189e-06
7.030215707e-06
-9.052476797e-06
-6.317847079e-06
6.323148255e-06
-9.543509984e-06
-1.211293482e-05
1.058477529e-05
-9.181688367e-06
-1.0810098e-05
1.044827638e-05
-2.377129985e-05
8.306363939e-06
2.376965363e-05
-1.018321722e-05
1.026162068e-05
-2.384970331e-05
-1.011332621e-05
-2.318343946e-05
-1.078854707e-05
-2.830972368e-05
2.724421839e-05
-1.062524543e-05
-2.740752003e-05
-8.371683927e-06
2.713147866e-05
-1.82370288e-05
8.272728597e-06
1.823382811e-05
-9.668126148e-06
9.727173648e-06
-1.82960763e-05
-1.757310512e-05
-1.005333325e-05
-2.246435829e-05
2.16777497e-05
-9.991049031e-06
-2.174003392e-05
-8.305436863e-06
2.167739627e-05
-1.275323127e-05
1.286596906e-05
1.02519439e-05
8.14225838e-06
-1.309056541e-05
7.919208101e-06
-1.479911777e-05
-7.976839927e-06
1.284654585e-05
-1.287478886e-05
1.459801927e-05
1.241992613e-05
1.304146497e-05
1.0954329e-05
-1.263882912e-05
-1.206916064e-05
1.216901001e-05
-1.002847062e-06
1.246955005e-05
-3.088709992e-06
-1.236968454e-05
1.460185961e-05
-3.216100137e-06
-1.458248349e-05
3.196724023e-06
-8.973976641e-06
8.982640634e-06
-1.410822781e-06
1.402158788e-06
-8.963239426e-06
-7.143960381e-07
7.036588241e-07
-9.024868012e-06
-5.586332546e-06
5.558723762e-06
-9.016632196e-06
-4.894180315e-06
4.885944498e-06
6.607990252e-06
-8.173632782e-07
-5.790626975e-06
-8.950776041e-06
-2.12115378e-08
8.748152745e-09
6.644075092e-07
-8.929372229e-06
-6.858113203e-07
1.626863236e-06
-1.614413759e-06
1.45071459e-05
1.18098724e-05
1.550741797e-06
-3.143362588e-07
-1.197135153e-05
2.909407653e-05
-2.916715928e-05
1.224585712e-05
-1.298566684e-05
2.898328929e-05
1.309645407e-05
-1.286669089e-05
2.967680643e-05
3.758356536e-05
1.120061941e-05
-3.767409445e-05
-1.359629695e-05
1.374813367e-05
3.743172865e-05
-1.347214741e-05
3.819706166e-05
-1.392448185e-05
1.394368299e-05
3.534939311e-05
-3.669051575e-05
3.651416757e-05
-3.674103373e-05
-1.181718809e-05
1.175829837e-05
5.0025676e-05
-4.996678629e-05
5.089139622e-05
-5.098962757e-05
4.048321266e-05
1.106267869e-05
-4.050045886e-05
-1.318096594e-05
1.326820637e-05
4.039597223e-05
-1.308790534e-05
4.109132964e-05
-1.336634981e-05
3.891849285e-05
-3.976420836e-05
3.966606492e-05
-3.978373162e-05
-1.004975236e-05
4.074644691e-06
4.70880132e-05
-4.111290553e-05
4.874718705e-05
-4.703864104e-05
-1.18697761e-05
1.195196926e-05
4.564364815e-05
-5.363100389e-05
4.583587248e-05
-6.644331416e-05
-3.211303159e-05
3.185706247e-05
-4.325500766e-05
4.127124229e-05
-5.375736621e-06
-5.271632073e-05
4.980953341e-06
-4.916819173e-06
-5.122123838e-05
-1.019220791e-05
1.97695197e-05
-4.875341119e-05
-5.443587439e-06
-4.648121835e-05
4.173259788e-05
-4.591351197e-06
-5.026636495e-05
6.581797236e-05
-5.063980385e-05
-3.84155528e-05
3.536556354e-05
-3.528380944e-05
3.522898179e-05
-9.680665409e-06
9.251518744e-06
-3.228516152e-05
3.276254612e-05
-3.193516284e-05
-3.240642248e-05
-9.305495821e-06
-3.258108249e-05
-3.230605355e-05
1.116572347e-05
-7.672017595e-06
3.949435315e-05
-4.539132616e-05
3.635469433e-05
-4.495618105e-05
1.078847821e-06
3.983117463e-05
6.215494856e-05
4.097883034e-05
-4.155899987e-05
6.805641042e-06
4.069697168e-05
4.074403991e-05
-8.799094446e-06
9.095041001e-06
-1.495900211e-05
1.520670892e-05
-1.526160112e-05
1.232701934e-05
-1.543460469e-05
1.535502371e-05
-9.317760887e-06
-1.557363722e-05
-1.512011847e-05
-9.056902751e-06
9.068002205e-06
-8.442884171e-06
8.431784717e-06
-7.740163046e-06
7.733252397e-06
-9.096132541e-06
-9.905134499e-06
9.819578673e-06
-9.155684788e-06
9.127554452e-06
-1.03383958e-05
1.041208997e-05
-2.519699289e-05
2.442443113e-05
-2.450120625e-05
2.438991221e-05
-2.654663972e-05
2.65357572e-05
-1.051463928e-05
-2.665724588e-05
-2.593227247e-05
-9.78305476e-06
9.850788411e-06
-1.966754369e-05
1.89477362e-05
-1.900361732e-05
1.896339701e-05
-2.095067528e-05
2.09396915e-05
-9.924436016e-06
-2.10172883e-05
-2.032194989e-05
-9.03449278e-06
-1.192938206e-05
8.95551387e-06
9.742921559e-06
-9.735347796e-06
-9.042066542e-06
9.754202714e-06
-8.34647189e-06
9.723748203e-06
-9.71494971e-06
-1.045322047e-05
9.737790007e-06
-9.7493896e-06
9.660960032e-06
-5.994526265e-06
-1.232471591e-05
5.833256964e-06
1.012169572e-05
-9.866966563e-06
-6.24925542e-06
1.076228238e-05
-5.327865404e-06
9.782138402e-06
-7.657337674e-06
6.887933565e-06
-6.972761725e-06
6.752953382e-06
-1.459067807e-05
-1.132793801e-05
1.451992266e-05
9.664763865e-06
-9.655837555e-06
-1.459960439e-05
9.675011191e-06
-1.391538603e-05
9.652966267e-06
-9.641670501e-06
-1.599847833e-05
1.527961129e-05
-1.528248257e-05
1.520555114e-05
-1.184819766e-05
-1.161597051e-05
1.176881573e-05
9.704927073e-06
-9.687450901e-06
-1.186567383e-05
-1.115621314e-05
9.679594917e-06
-1.322498468e-05
1.253542102e-05
-1.2543277e-05
1.246397399e-05
-8.990103219e-06
-2.80458167e-06
8.999907275e-06
2.794777612e-06
-2.108107299e-06
2.100644714e-06
2.183186324e-06
-1.148150748e-05
-2.292262739e-06
1.073779081e-05
-1.066271178e-05
1.081227475e-05
1.058670462e-05
-1.050886451e-05
-1.486829944e-06
-1.596240065e-06
-9.009239861e-06
-4.200893356e-06
4.193501022e-06
-3.500502188e-06
3.491169603e-06
-8.135817249e-06
2.186734763e-06
8.696112276e-06
-2.74702979e-06
1.632991778e-06
-3.160818774e-06
-1.556952859e-06
-1.122970633e-05
2.00128852e-06
9.632219293e-06
-9.556180374e-06
9.950731456e-06
1.200303007e-05
-4.177230518e-06
1.629486417e-06
2.42663004e-06
-5.658341912e-07
-1.103173656e-05
4.485912487e-07
1.042590521e-05
-1.032733189e-05
1.018448767e-05
-1.907113101e-06
1.185163271e-06
-1.3280075e-06
1.061291455e-06
-8.871232245e-06
-1.386147485e-06
-2.08223307e-06
3.188176207e-05
1.188800593e-05
-3.203795966e-05
-1.24749482e-05
1.261116868e-05
3.174554158e-05
-1.234656714e-05
3.225942099e-05
-1.274176362e-05
3.041015297e-05
-3.12500887e-05
3.111949376e-05
-3.135852917e-05
-1.030153995e-05
-3.138803812e-05
-3.208907643e-05
-1.033533181e-05
2.852657362e-05
-2.854994138e-05
-2.915047657e-05
-1.078976924e-05
3.237428862e-05
-3.14098296e-05
3.702268231e-05
-4.781245156e-05
3.235246761e-05
1.108988369e-05
-1.350456573e-05
1.274308622e-05
3.311394712e-05
3.408121754e-05
-1.232410802e-05
3.256174062e-05
-3.229083983e-05
3.270981803e-05
-1.893634778e-05
-9.042109806e-06
1.767708717e-05
8.753205467e-06
-2.768955325e-05
8.985306996e-06
-1.790240724e-05
1.897415081e-05
-1.755152245e-05
-1.735384509e-05
-1.092343638e-05
1.720815972e-05
9.613663304e-06
-9.558378092e-06
-1.74091303e-05
-1.671371084e-05
9.380858114e-06
-1.860634794e-05
1.79262827e-05
-1.810380267e-05
1.769723044e-05
-1.039295028e-05
2.578683798e-05
-2.579732984e-05
2.648074339e-05
-2.649056488e-05
-1.045797056e-05
2.292611078e-05
-2.301705622e-05
2.36785051e-05
-2.370386789e-05
4.32702278e-05
1.101190823e-05
-4.328089058e-05
-1.281093245e-05
1.29045051e-05
4.317665515e-05
-1.270542158e-05
4.386849142e-05
-1.299626293e-05
4.179207773e-05
-4.257731621e-05
4.248555838e-05
-4.258606632e-05
4.565185869e-05
1.085629915e-05
-4.572173623e-05
-1.226045027e-05
1.244788869e-05
4.546442027e-05
4.572863615e-05
-1.260023763e-05
4.452385471e-05
-4.521684292e-05
4.506449398e-05
-4.529454075e-05
0
0
0
0
0
0
0
0
0
0
0
0
0
0
0
0
0
0
0
7.250943776e-08
0
1.692624163e-05
-7.242654208e-06
8.719438055e-07
-7.704756338e-06
0
0
0
2.898966332e-05
2.496100029e-06
6.924321766e-05
-1.576411775e-05
6.630533726e-06
-5.633408885e-05
0
0
0
8.027980468e-05
6.487223072e-06
0
0
0
0
0
0
0
0
0
2.215426341e-06
0
6.087572099e-05
-3.514630837e-05
1.685730759e-05
-3.248253383e-05
0
-4.194486266e-07
9.565843839e-05
2.894464894e-05
0.0002191389556
-8.946991283e-05
6.186961959e-05
-0.0001766801986
-3.04877166e-05
-1.99405089e-05
0.0002605547442
6.756805492e-05
0.0003644768468
-8.216425619e-05
6.219864477e-05
-0.0003344137445
-0.0001105036261
-2.839287776e-05
0.0003887072549
5.291539977e-05
0
0
0
3.961652626e-05
-3.082474204e-05
1.608546089e-05
-1.398899103e-05
0
-1.170991183e-06
7.665371348e-05
3.686196141e-05
0.0002360687966
-0.0001534804156
0.0001193320803
-0.0001771145842
-6.224145577e-05
-5.903240133e-05
0.0002978057185
0.0001444310465
0.0004786785737
-0.0002205645462
0.0001868253971
-0.0004210268567
-0.0002393464837
-0.0001202044933
0.0005316504688
0.0001868082013
0.0006525726491
-0.0001658418784
0.0001458049177
-0.0006192303878
-0.0004149166033
-0.0001032322525
0.0006785567197
0.0001203998715
-2.088255923e-06
1.593182181e-05
7.665828559e-06
0.0001290452573
-0.0001251153977
9.95370582e-05
-8.086680122e-05
-2.851760187e-05
-5.03277982e-05
0.0001852937074
0.0001428173075
0.0003763225288
-0.0002945857972
0.0002600515729
-0.0003144588276
-0.0002152992969
-0.0001890201373
0.0004388130268
0.0002878030717
0.0006083559901
-0.0003406217705
0.0003126124912
-0.0005564298784
-0.0004702513592
-0.0002532754994
0.0006512988615
0.0003003519733
0.0007378806853
-0.0002245748632
0.0002136036109
-0.0007167795523
-0.0006653565556
-0.0001841535388
0.000752195734
0.0001726958035
-1.6961292e-05
4.19330588e-05
4.224180185e-05
0.0001730858359
-0.0002122856493
0.0001965399052
-0.0001224066529
-9.593933078e-05
-0.0001503448925
0.0002304605753
0.0002531326825
0.0004030925369
-0.0004074926807
0.0003857700501
-0.0003470084573
-0.0003315777641
-0.0003297319887
0.0004550998105
0.0004084240881
0.0005764984721
-0.0004075389522
0.000393032233
-0.0005423698963
-0.0005739876673
-0.0003604556002
0.0006000247665
0.000365312408
0.0006143847087
-0.0002332801172
0.0002363096422
-0.0006172069892
-0.0007051700651
-0.0002324734546
0.0006123777416
0.0001868437805
-2.43785767e-05
4.847383481e-05
8.127694606e-05
0.0001567126431
-0.0002714982542
0.0002626177263
-0.000116050501
-0.0001244782813
-0.0002326277242
0.0001997671079
0.0003236161048
0.0003263511664
-0.0004617172251
0.0004522658459
-0.0002862743566
-0.0003377316215
-0.0004229498654
0.0003624281448
0.0004679103313
0.0004307844137
-0.000433140817
0.0004294625301
-0.0004163038091
-0.0005154037594
-0.0004187270359
0.0004366697442
0.0003909151484
0.0001154390657
-0.000214646254
-0.0005758174489
-0.0002364029839
-9.9185061e-05
-0.0002592106544
0.0002580376108
0.0001003581046
-5.554843193e-05
0.0002608556439
5.927563197e-05
-0.000264582844
0.0002902675531
6.136550774e-05
-0.0002893538781
-6.227918273e-05
-1.792904361e-05
3.346731781e-05
9.884421883e-05
0.0001000885301
-0.0002951134153
0.0002900265254
-7.542798794e-05
-0.0001067808316
-0.0002762354611
0.0001258669712
0.0003519351076
0.0001989894827
-0.0004799304662
0.0004763464478
-0.0001763755229
-0.0002614594696
-0.000466298104
0.0002185632767
0.0004893666715
-0.0004377443362
0.0004370758032
-0.0002454181056
-0.000373896866
-0.0004348430285
0.0003442035761
-0.0003938311073
-0.0003414952509
0.0003444779035
-0.0003448037477
0.0001666337943
0.000177895626
0.0002011023143
0.0003440473934
0.0001890563978
0.0001899696572
-0.0001031833661
-0.0001893911875
8.886728593e-05
-9.026366489e-05
9.386783418e-05
9.749820193e-05
0.0002025976433
8.924141229e-05
-5.91610806e-06
1.066387265e-05
0.0001101952031
3.051994719e-05
-0.0003082585301
0.000305214936
-2.322576977e-05
-6.311075593e-05
-0.0002989334991
3.807446952e-05
0.000366866682
5.919200951e-05
-0.0004889987072
0.0004869170674
-5.272053332e-05
-0.0001461338524
-0.0004825899668
6.471048009e-05
0.0004977654918
-0.0004391251449
0.0004388405095
-7.201968158e-05
-0.0002021738734
-0.0004381891591
0.0001629042546
-0.0003943297087
-0.0001623975596
0.0003448886274
-0.0003447820431
7.581603691e-05
8.698163339e-05
0.0001094940375
0.0003449809818
9.821318338e-05
9.81194325e-05
-0.0001035320229
-9.813316096e-05
9.104996667e-05
-9.105880676e-05
4.767383845e-05
5.045443414e-05
9.111368846e-05
5.607437711e-05
5.32788425e-05
9.473582922e-06
-1.649395965e-05
0.0001212531715
-4.509174726e-05
-0.0003232810407
0.0003195581459
3.469025801e-05
-9.304771511e-06
-0.0003119561764
-5.579089971e-05
0.0003808603195
-8.520262077e-05
-0.0004991044091
0.0004966211086
7.626687669e-05
-2.101312924e-05
-0.0004915042972
-9.276223266e-05
0.0005053905697
-0.0004404965209
0.0004401699066
0.0001025562277
-2.855638485e-05
-0.0004394888973
-1.5442922e-05
-0.0003943582867
1.534145389e-05
0.0003444871687
-0.0003443812906
-1.334634545e-05
-2.202454602e-06
0.0003445842857
2.005273014e-05
8.939355791e-06
-0.0001033175137
-8.822174133e-06
5.788968411e-06
3.008080179e-06
-4.386396312e-05
4.38727292e-05
-2.997672103e-06
4.389409475e-05
-1.13319855e-05
-4.38837401e-05
2.903749462e-05
-4.891581789e-05
0.0001355609737
-0.0001277371502
-0.0003396718447
0.000337053126
9.933644013e-05
5.014030514e-05
-0.0003271951358
-0.0001567210116
0.0003976327967
-0.0002350253805
-0.000509851326
0.0005075773107
0.0002115175791
0.0001094585154
-0.0005016942159
-0.0002546052192
0.0005137698745
-0.0004417994392
0.0004414238903
0.0002789257816
0.000146484844
-0.0004408171806
-0.0001936682876
-0.0003943541392
0.0001935001436
0.0003441167698
-0.0003440282682
-0.0001024346297
-9.132215942e-05
0.0003441977885
-6.902854418e-05
-8.018103799e-05
-0.0001030404319
8.030628317e-05
-3.878034941e-05
-4.156746242e-05
-4.37317667e-05
4.374230743e-05
4.15748241e-05
4.376561622e-05
3.320856028e-05
-4.375857755e-05
0.0001164502498
-0.0003444275627
0.0002463609397
-0.000512892303
0.0003234096242
-0.0004421571884
0.0003718676364
-0.0001802971661
-0.0001915288926
-0.0001915378923
0.0001656452367
0.0001915312102
0.0003439488385
-0.0001581099301
-0.0001692565326
-0.0001656350866
-0.0001782806243
-0.000102663191
0.0001693619055
-8.334403854e-05
-8.612058724e-05
-4.35352747e-05
4.355515686e-05
8.613800559e-05
4.360522113e-05
7.771261125e-05
-4.358985853e-05
9.115480045e-05
5.893800875e-05
6.182690747e-05
-0.0001321208372
6.756489158e-05
9.110184462e-05
6.460890145e-05
0.0001035675655
-0.0001321184826
1.410136111e-05
4.390380187e-05
-1.411106823e-05
2.247870457e-05
4.392008599e-05
-2.248413288e-05
-4.391465768e-05
0.0001034440364
-4.222507813e-05
2.249232327e-05
1.970206604e-05
4.37756059e-05
3.041321187e-05
4.380503329e-05
2.20916229e-05
-4.379558655e-05
0.0001031915001
4.690136006e-05
-2.207915704e-05
-2.486678375e-05
4.361374252e-05
7.490830572e-05
4.364203789e-05
6.660814248e-05
-4.363731533e-05
0.0001028822002
0.0001359238302
-6.659734468e-05
-6.938086323e-05
3.02958857e-05
-0.0001054253557
-0.0002531710815
-6.032276885e-05
-0.0002489969409
-9.829054066e-05
0.0002481024206
4.88377438e-05
-4.867092075e-05
0.0002901007301
0.0002586165058
4.908473488e-05
0.000344686118
3.119028022e-05
4.233010521e-05
-0.000118219657
6.462895836e-05
5.349477351e-05
-0.0001179277389
0.0001159849821
-6.455883998e-05
-0.0001159545286
0.0001535538944
-0.0001535330014
6.460806532e-05
-0.0001534513693
3.115794006e-05
0.0001534837094
0.0001536481145
-0.000153636411
0.000109482334
7.579299034e-05
0.000153576941
0.0001160041411
-7.574057819e-05
0.0003442786893
-5.788316062e-05
-4.677225649e-05
6.000939546e-05
-2.44882201e-05
-3.562377675e-05
5.985789398e-05
0.0001157509779
2.458536282e-05
-0.0001157166833
0.000153347474
-0.0001533132204
-2.452247375e-05
-0.0001532311141
-5.79098296e-05
0.0001532577831
-0.0001534264187
2.002777956e-05
-1.337146182e-05
0.0001533725904
0.0001157797383
1.343180152e-05
-4.383910302e-05
4.384427939e-05
8.151354617e-06
-2.121346829e-07
-4.385863904e-05
2.318578867e-06
2.179746159e-07
-2.563949744e-06
5.349230296e-06
3.141637062e-05
-2.977396321e-06
-3.454813344e-05
3.452928488e-05
5.368078855e-06
-3.457900019e-05
8.158874566e-06
-3.457038603e-05
-1.130882294e-05
3.458039388e-05
8.530227758e-06
-8.541303163e-06
-3.455931062e-05
3.903711011e-06
-3.146603093e-05
4.608498587e-06
0.000343982568
-0.0001469319439
-0.0001358109182
0.0002381247902
-0.0001134934698
-0.0001246770206
0.0002379372655
0.000115463741
0.0001135676046
-0.0001154257158
0.0001531319597
-0.0001531104468
-0.0001135149827
-0.0001530560511
-0.0001469461454
0.0001530702526
-0.0001532049359
-6.905472237e-05
-0.0001024600506
0.0001531573807
0.0001155003254
0.0001025258577
-4.368535116e-05
4.370015465e-05
5.271392905e-05
4.437098364e-05
-4.372149991e-05
9.14504248e-05
-4.435536717e-05
-4.714351792e-05
1.556357045e-05
2.466984091e-05
-1.551749713e-05
-3.442903156e-05
3.446328454e-05
4.997641794e-05
-2.464659725e-05
-2.536407367e-05
-3.439426238e-05
5.275928234e-05
-2.604371461e-05
-2.675033692e-05
-3.442846994e-05
3.444076411e-05
3.323232762e-05
-3.59873868e-05
3.601504601e-05
-3.445612915e-05
-3.137900653e-05
-1.763797502e-05
-0.0001530412977
-0.0001581246836
-0.0001915364998
0.0001530235623
0.00011527434
0.0001915586839
-9.441563123e-05
-4.350224206e-05
4.351496956e-05
9.726101764e-05
8.884296669e-05
-4.353494917e-05
0.0001802949366
-8.882490644e-05
-9.148321537e-05
-4.971352214e-05
-5.293648364e-05
1.509739792e-05
4.659246002e-05
-1.533073676e-05
3.427255454e-05
9.440057015e-05
-4.670726784e-05
-4.750651176e-05
-1.687757788e-05
-1.75817672e-05
-1.76037056e-05
4.901628509e-05
-4.899545073e-05
1.758287124e-05
-3.441014501e-05
3.445659771e-05
7.776668011e-05
-3.851470641e-05
-3.92984264e-05
8.062509304e-05
-3.433656216e-05
-3.998201628e-05
-4.071665961e-05
-1.542513756e-05
1.550268482e-05
4.075816783e-05
-2.846579674e-05
-7.61251309e-05
3.847759823e-05
3.772982268e-05
-1.251945785e-05
1.254407998e-05
-3.773702861e-05
1.220735071e-05
-3.968563337e-05
-1.242409597e-05
-1.291551335e-05
1.282162553e-05
-2.916020498e-05
1.228154352e-05
-3.143078626e-05
-1.243923783e-05
2.839199386e-05
-6.189360663e-05
3.135387468e-05
3.068418509e-05
0.0001014663704
-2.744927338e-05
-0.0001003581732
2.381486567e-05
-2.47389436e-05
0.0001023904483
0.0001051028571
2.249795115e-05
2.522234335e-05
4.146231092e-05
-1.316929359e-05
-8.496888251e-05
2.494156183e-05
4.219559924e-05
2.82552958e-05
-8.486831662e-05
3.153648459e-05
1.087173476e-05
-2.246444119e-05
-3.154881135e-05
4.080601973e-05
-4.080113837e-05
2.247382321e-05
1.409646479e-05
4.078647813e-05
-3.361902331e-05
4.083116712e-05
-4.082330576e-05
3.361116194e-05
-2.52637449e-05
2.525028796e-05
4.081947666e-05
1.3005024e-05
3.151902307e-05
-2.526838938e-05
-5.338943906e-05
2.809570202e-05
2.527804856e-05
4.392870143e-05
-2.527236034e-05
9.101498425e-05
3.084738149e-05
-4.392893645e-05
-4.704910734e-05
-2.831583774e-05
-3.085406312e-05
1.573669332e-05
1.514566206e-05
-1.195442753e-05
1.19085895e-05
-1.516158713e-05
1.201913744e-05
-1.708749538e-05
-1.197273204e-05
-1.28598409e-05
1.294864625e-05
-6.55880109e-06
1.320000303e-05
-8.688563451e-06
-1.31183898e-05
1.472670544e-05
-8.794626598e-06
-1.470351514e-05
8.771436301e-06
-2.856592198e-05
-5.326021965e-05
2.701293501e-05
2.623783285e-05
-1.275769635e-05
1.28258797e-05
-2.623027083e-05
-2.837580181e-05
-1.292310256e-05
1.20773709e-05
-1.780062511e-05
1.224342696e-05
-1.991299308e-05
-1.218541986e-05
2.838228297e-05
-3.921823854e-05
1.993439111e-05
1.9264636e-05
2.770130389e-05
3.139363225e-05
-1.421510237e-05
-3.44582797e-05
3.4484582e-05
2.767500159e-05
3.044305474e-05
-3.458568737e-05
1.096018893e-05
-1.376626664e-05
1.375718889e-05
-3.457660962e-05
-3.157704729e-05
-6.511808578e-06
3.574300266e-05
-1.64921961e-05
-1.927802614e-05
4.381475509e-05
1.928263872e-05
1.094433522e-05
-4.382877557e-05
-5.818647447e-06
-1.489649398e-05
1.444246439e-05
-1.446614705e-05
-5.794964789e-06
1.434673196e-05
-4.945460861e-06
1.363614344e-05
-1.357031194e-05
-1.569467664e-05
1.493415579e-05
-1.50010635e-05
1.370305116e-05
1.449895993e-05
3.891216799e-06
1.461435382e-05
1.256918306e-05
-3.784888083e-06
-5.861570449e-06
-1.276610318e-05
1.416832275e-05
-4.107258121e-06
3.563650365e-06
-3.355651053e-06
1.396032344e-05
1.465033362e-05
1.578641141e-05
3.565359757e-05
-1.586938443e-05
-3.448588349e-05
3.447021127e-05
7.215166653e-05
-3.566156863e-05
-3.647442568e-05
7.495856022e-05
-3.712082446e-05
-3.786702155e-05
-3.436161543e-05
5.549584881e-05
-2.742230334e-05
-2.810619242e-05
5.820085753e-05
-3.437840678e-05
-2.874978072e-05
-2.943428547e-05
-1.523849554e-05
1.527648728e-05
2.945042579e-05
0.0001247866042
-6.100037562e-05
-6.382739334e-05
4.365339266e-05
6.383958205e-05
5.545497614e-05
-4.367027711e-05
-2.823647441e-05
-1.459484681e-05
2.815999687e-05
1.397266702e-05
-1.386971999e-05
-2.833942144e-05
1.408007463e-05
-2.76684132e-05
1.467955131e-05
-1.453378872e-05
3.73068268e-05
1.480445316e-05
1.54410977e-05
3.722289689e-05
-1.698436373e-05
-1.439536298e-05
1.351897987e-05
-1.348607292e-05
-1.701727069e-05
-1.637505102e-05
1.418218214e-05
-2.698193928e-05
2.618292054e-05
-2.628584952e-05
1.428511112e-05
1.488965975e-05
2.61068391e-05
4.969777329e-05
-1.757808027e-05
-4.972339862e-05
0.0001000400207
-5.075028748e-05
5.061197232e-05
1.428050253e-05
1.446478436e-05
-3.95311465e-05
-1.49981888e-05
3.940150722e-05
1.439835893e-05
-1.426344051e-05
1.448607506e-05
4.748372773e-05
1.409036053e-05
1.495760549e-05
4.782117363e-05
0.0003448637558
0.0001208360286
0.000132116353
-0.0002978275901
0.0001545995229
0.0001432880753
-0.0002960740564
0.000116056573
-0.0001545668297
-0.0001160697525
0.0001536564231
-0.0001536408348
0.0001545839345
0.0001208333252
0.0001536508178
0.0001537663856
-0.0001536976811
0.0002010336098
0.0001666691415
0.0001536210759
0.0001160230839
-0.0001667479802
9.069433296e-05
8.194891507e-05
-9.066769305e-05
8.481623405e-05
-0.0001783267848
9.070200153e-05
8.805545134e-05
-0.0001780884943
3.124962526e-05
-9.131706592e-05
-3.141218435e-05
4.068417716e-05
-4.076104118e-05
9.077886556e-05
-4.0780882e-05
8.192345536e-05
4.080634171e-05
0.0001037367814
0.0001003476243
7.587198664e-05
-3.685888492e-05
-4.049986411e-05
9.381203172e-05
4.073997962e-05
3.091370391e-05
-9.475608526e-05
9.103716714e-05
3.643218819e-05
3.924854295e-05
-8.685290616e-05
4.483343967e-05
4.199782686e-05
-8.688165772e-05
3.153957882e-05
-4.481414383e-05
-3.152212306e-05
4.085273875e-05
-4.084841589e-05
4.482911681e-05
3.642759259e-05
4.083576273e-05
4.086306388e-05
-4.085448084e-05
5.606579407e-05
4.767888395e-05
4.084769325e-05
3.155675865e-05
-4.766900719e-05
3.150442677e-05
-6.758876781e-05
-3.150897542e-05
4.085392024e-05
-4.086877747e-05
6.757974881e-05
5.893476637e-05
4.086630626e-05
-7.885603009e-05
-4.082217253e-05
7.889732062e-05
-7.033955861e-05
7.034564179e-05
4.084783707e-05
3.150409394e-05
-7.035016709e-05
0.0001433335405
-0.0001432878232
9.092134845e-05
7.317447808e-05
7.606750633e-05
5.28961853e-05
-7.474841357e-06
-5.24068549e-05
5.269829971e-06
-6.353349651e-06
5.397970498e-05
5.487429848e-05
5.265181089e-06
7.510346061e-06
-4.840073277e-05
7.157667636e-06
7.676640551e-06
-4.829569939e-05
-0.0001246816068
1.400862777e-05
-1.350006529e-05
-0.0001209281771
1.099515548e-05
-2.639855738e-05
-0.0001171364127
0.0001185778598
2.495711028e-05
-1.081159345e-05
1.054435807e-05
-0.0001206609417
1.643695617e-05
-0.0001263095357
-1.480902723e-05
-9.687776119e-06
5.526221544e-05
1.654585603e-05
-0.0001118439428
-0.0001185445161
-1.226580388e-05
-0.0001150154724
-2.569837223e-05
0.0001143152873
-3.413030875e-05
8.888116286e-05
3.418882917e-05
-4.416710368e-05
-4.477257961e-05
9.147137083e-05
-4.534473333e-05
-4.598439171e-05
1.499132829e-05
4.590287275e-05
-9.150063738e-05
-4.041499493e-05
9.149297073e-05
3.729156236e-05
-3.732082891e-05
3.731983487e-05
3.733701464e-05
-3.733077933e-05
-4.828398351e-05
9.441675588e-05
9.441855226e-05
-1.225705751e-05
1.232275769e-05
-3.482845379e-05
-3.695434466e-05
-1.246378766e-05
-7.318434648e-05
3.698383679e-05
3.615821101e-05
-1.072686752e-05
1.018905226e-05
-4.061122103e-05
4.003185183e-05
-3.969140945e-05
-1.10673099e-05
-1.031313783e-05
-6.461374737e-05
3.261685245e-05
3.195194845e-05
1.218864132e-05
-3.198334647e-05
-3.420875642e-05
-1.220087331e-05
2.499583986e-05
4.712098907e-05
-2.474302015e-05
4.782185505e-05
-9.809258188e-05
9.834947814e-05
-9.753799519e-05
8.272112577e-06
-5.028554011e-05
-8.832455145e-06
2.157574554e-05
4.967910543e-05
4.900975466e-05
-1.02644254e-05
-1.165070208e-05
4.707905359e-05
1.146125844e-05
-2.087444478e-05
5.282174188e-05
5.262675511e-05
2.052880484e-05
5.208452227e-05
5.100722681e-05
7.701682117e-06
-5.085306502e-05
-4.152438943e-05
8.965328703e-06
-9.843007605e-06
9.800759761e-06
-4.148214159e-05
-4.109487968e-05
-1.008356516e-05
-4.642024476e-05
1.004757631e-05
4.553674205e-05
-4.537354091e-05
-1.024676631e-05
-9.72475617e-06
8.831672383e-05
-8.82577177e-05
2.480534299e-05
4.452830623e-05
4.536158992e-05
-1.312680655e-05
1.281399656e-05
-1.261176287e-05
-1.460888628e-05
-1.212179497e-05
-1.387648035e-05
-1.464696881e-05
-2.813658688e-05
1.450239245e-05
1.384180584e-05
-9.467446534e-06
9.47102616e-06
1.472312581e-05
1.327013984e-05
-9.408008414e-06
-1.178971987e-05
-1.328257321e-05
-1.248583882e-05
1.25471451e-05
-2.344088479e-05
-2.549143358e-05
-1.268303862e-05
-5.041739223e-05
2.554701346e-05
2.480214083e-05
-4.195508052e-05
2.129281774e-05
2.059983002e-05
1.230600235e-05
-2.05655401e-05
-2.271563724e-05
-1.242420724e-05
1.417862651e-05
-1.410943406e-05
-1.015027767e-05
9.371829372e-06
-9.44321637e-06
1.42500135e-05
1.478895324e-05
-1.148881897e-05
-1.464272543e-05
1.403874992e-05
-1.396982067e-05
-1.155774822e-05
-1.085257418e-05
1.376261216e-05
-1.372560903e-05
1.070967511e-06
-1.803944596e-06
1.76563077e-06
1.380092599e-05
1.456763592e-05
-2.74655378e-07
-1.450499523e-05
1.369107187e-05
-1.36634963e-05
-3.022309508e-07
3.791501831e-07
1.336087728e-05
-1.33358139e-05
3.166749807e-05
1.343892079e-05
1.431553273e-05
3.162179583e-05
-3.310650919e-05
-1.470885706e-05
3.338237737e-05
1.346693159e-05
-1.386362275e-05
1.461662679e-05
-1.475550011e-05
-2.083685115e-05
2.014059942e-05
-1.98456498e-05
1.432167717e-05
1.489372448e-05
2.032012487e-05
-2.261314371e-05
-1.515783852e-05
2.257766469e-05
1.475727886e-05
-1.469452845e-05
-2.267589413e-05
-2.181039604e-05
-5.042063229e-05
1.358913259e-05
-1.345819504e-05
4.30464802e-05
1.371930754e-05
1.450026553e-05
4.292676459e-05
-4.493300157e-05
-1.406555275e-05
4.48412892e-05
1.331589686e-05
-1.318440445e-05
-3.770255412e-06
-0.000116252157
5.662078386e-05
5.628772522e-05
-2.720358449e-06
-5.677254174e-05
-4.708547355e-06
5.771083369e-05
-3.448268759e-05
4.439743914e-05
3.448941677e-05
-2.183528711e-05
-2.256888121e-05
4.718851992e-05
-2.32424424e-05
-2.396548057e-05
1.559772835e-05
2.397576869e-05
-4.71751311e-05
-4.060600191e-05
4.716142787e-05
3.753183611e-05
-3.751844729e-05
3.754310604e-05
3.750425812e-05
-3.748661744e-05
4.996222876e-05
4.995037954e-05
-3.601332369e-05
-4.064297992e-05
3.600414333e-05
3.754190672e-05
-3.75401844e-05
3.754972553e-05
3.754510042e-05
-4.159680842e-05
3.88068641e-05
-3.880194808e-05
3.87979573e-05
3.877748047e-05
-1.962575876e-05
-1.547322768e-05
-1.617120513e-05
-3.448059676e-05
-2.042943183e-05
-2.115855658e-05
-8.058890309e-05
-4.046881879e-05
8.056509119e-05
3.742423588e-05
-3.738804594e-05
3.744967661e-05
3.734841364e-05
-8.621054954e-05
8.339648008e-05
-8.343611237e-05
8.338400402e-05
4.144949356e-05
-1.534377517e-05
-3.427085015e-05
-4.139508923e-05
-4.210673515e-05
-4.279802568e-05
-4.349454484e-05
-3.4505242e-05
2.212280032e-05
3.45283468e-05
-2.49358736e-05
2.49152136e-05
-1.214313626e-05
-2.489838332e-05
-4.067590498e-05
2.488602799e-05
3.759439075e-05
-3.757756046e-05
3.760776605e-05
3.756364263e-05
2.766108376e-05
2.765218502e-05
1.509997645e-05
1.210254669e-05
-1.279869643e-05
1.289760939e-05
-1.27058773e-05
-1.299633844e-05
1.363090004e-05
1.309467446e-05
-1.441155178e-05
1.431282273e-05
-1.425016871e-05
1.376570517e-05
1.38341697e-05
-3.436790757e-05
6.66280633e-05
3.432760699e-05
-3.295853977e-05
-3.362922295e-05
6.936299656e-05
-3.427207861e-05
-3.498861425e-05
1.562252482e-05
3.489125363e-05
-6.938506496e-05
-4.052019145e-05
6.940265383e-05
3.744523483e-05
-3.746730323e-05
3.743558548e-05
3.747422637e-05
7.215858967e-05
7.216147779e-05
-5.818530345e-05
-4.055461148e-05
5.817185147e-05
3.747399892e-05
-3.745844485e-05
3.744396737e-05
-6.387884274e-05
6.103101992e-05
-6.10454974e-05
6.102338266e-05
3.01910871e-05
-1.519400749e-05
-3.435231449e-05
-3.017257098e-05
-3.08990187e-05
-3.161025088e-05
-3.229329936e-05
1.376504947e-05
-1.365608949e-05
2.887861877e-05
2.880546868e-05
-1.321008255e-05
1.332326678e-05
-2.845304993e-05
-3.644403608e-05
3.643088953e-05
1.487458465e-05
1.477468914e-05
1.351948121e-05
-1.802792538e-05
-1.36631925e-05
1.760508577e-05
-1.757167748e-05
1.758488125e-05
1.164184856e-05
-1.253132464e-05
1.254452841e-05
-1.267410039e-05
-1.261117198e-05
-1.708391426e-05
2.639997539e-05
1.255571563e-05
-1.343683188e-05
1.355095775e-05
-1.36661143e-05
2.488978484e-05
1.378225402e-05
-2.570909206e-05
2.559393551e-05
-2.548601016e-05
2.541488266e-05
1.439303647e-05
1.449621455e-05
1.412200783e-05
-1.399693731e-05
4.025453955e-05
4.013031599e-05
-4.652855708e-05
4.70065083e-05
1.339767593e-05
1.303444915e-05
6.779174361e-06
-6.434099052e-06
-5.229049602e-05
-5.205848117e-05
-4.400064892e-06
2.87875713e-06
4.954108888e-05
-4.950975142e-05
6.058952665e-06
-1.057575612e-05
-3.659532396e-05
1.083182034e-05
3.547186187e-05
-3.571912987e-05
3.592992423e-05
-1.1737975e-05
-3.606249963e-05
1.129585124e-05
-1.108505688e-05
1.14832866e-05
1.087919592e-05
-1.068684869e-05
-3.521181545e-05
-3.534171017e-05
3.94383985e-05
-1.200397007e-05
-3.92496473e-05
1.132016694e-05
-1.157317788e-05
1.090987235e-05
1.160575241e-05
3.753444354e-05
-3.854372472e-05
3.857629925e-05
-3.850573211e-05
-3.856230776e-05
-1.105331841e-05
3.137204094e-05
-1.207510137e-05
-3.101176809e-05
1.084421907e-05
-1.140734096e-05
1.043275922e-05
1.181292239e-05
-1.193324681e-05
-3.046911926e-05
-3.017554853e-05
3.332274481e-05
-1.130421677e-05
-3.339802613e-05
1.051658283e-05
-1.038712145e-05
1.032768222e-05
-3.264052171e-05
-3.263985894e-05
-9.852482266e-06
-4.289432204e-05
1.003528135e-05
4.19259407e-05
-4.197766321e-05
4.212132799e-05
-1.14577085e-05
1.071911232e-05
-1.057544754e-05
1.085646878e-05
1.06193e-05
-4.143828912e-05
1.478295115e-05
-1.154712274e-05
-1.433011367e-05
9.924646198e-06
-1.040329617e-05
9.904661703e-06
1.121887529e-05
-1.170430132e-05
-1.43292269e-05
-1.375114825e-05
1.628523875e-05
-1.097251121e-05
-1.635649726e-05
1.020767013e-05
-1.010844726e-05
1.02946743e-05
1.000308643e-05
-1.567899804e-05
-1.573110594e-05
7.802832497e-06
-1.231394934e-05
-7.895021705e-06
1.129606265e-05
-1.12333932e-05
1.136845934e-05
1.117423146e-05
-1.111586167e-05
-7.092193931e-06
-7.184619646e-06
1.09520967e-05
-1.267537844e-05
-1.098062047e-05
1.17230273e-05
-1.158102859e-05
1.145665956e-05
-1.002950354e-05
-1.011308746e-05
2.461387139e-05
-1.200691626e-05
-2.471426317e-05
1.136602855e-05
-1.125336342e-05
1.148413598e-05
1.114273546e-05
-1.103982069e-05
-2.396033126e-05
-2.406303639e-05
2.753436141e-05
-1.241808878e-05
-2.761459139e-05
1.186445747e-05
-1.173761609e-05
1.16074022e-05
-2.678745977e-05
-2.689001617e-05
1.909495799e-05
-1.128671971e-05
-1.917638475e-05
1.056196471e-05
-1.047062404e-05
1.06617032e-05
1.038617328e-05
-1.838052706e-05
-1.846308066e-05
2.183705246e-05
-1.163218897e-05
-2.192143196e-05
1.09445917e-05
-1.084757316e-05
1.075815071e-05
-2.110671075e-05
-2.119848215e-05
4.970414902e-06
-1.191727348e-05
-5.077058917e-06
1.103818874e-05
-1.096195416e-05
1.088828094e-05
-4.274566576e-06
-4.382730581e-06
-3.101144316e-05
3.095016781e-05
1.354697139e-05
1.440108139e-05
3.365140576e-05
3.400291528e-05
1.944106371e-05
1.275126477e-05
-1.405461425e-05
1.365002816e-05
-1.417719149e-05
-1.309357451e-05
1.8455369e-05
-1.846589689e-05
1.902235054e-05
-1.938993681e-05
1.39540909e-05
1.460067248e-05
-2.418079946e-05
2.335904765e-05
-2.345290361e-05
2.329910385e-05
2.357198278e-05
1.290815697e-05
-1.390042851e-05
1.401950768e-05
-1.412830238e-05
-2.278468883e-05
-4.234674665e-05
4.222599472e-05
1.385811927e-05
1.306539172e-05
4.534540754e-05
4.530815328e-05
-3.452953832e-05
-1.917204347e-07
3.453836019e-05
-2.588359325e-06
2.588105886e-06
-9.56577951e-07
-2.587478952e-06
-4.073958178e-05
2.579389015e-06
3.763760886e-05
-3.763698192e-05
3.764460808e-05
3.763580989e-05
-3.763809638e-05
5.366906828e-06
5.365733837e-06
8.548305512e-06
-4.076794278e-05
-8.557321531e-06
3.766533849e-05
-3.765833614e-05
3.76735234e-05
3.765160812e-05
2.977141579e-06
-5.765991034e-06
5.759263011e-06
-5.773406743e-06
-5.750048909e-06
2.514086241e-06
-3.455009652e-05
-1.3746736e-05
-4.071938295e-05
1.373696866e-05
3.763719855e-05
-3.762674566e-05
3.761629211e-05
-1.931297381e-05
1.65177302e-05
-1.652818375e-05
1.650705017e-05
1.655015524e-05
-8.668328132e-06
-3.455463813e-05
1.44337433e-05
-7.332276986e-06
-1.438363405e-05
6.555724956e-06
-6.588128703e-06
6.64865053e-06
1.34166608e-05
-1.398627321e-05
1.404679504e-05
-1.389938316e-05
-1.403661188e-05
1.389852425e-05
-5.784781633e-06
2.98631695e-06
1.236990512e-05
-1.360233382e-05
1.323299972e-05
-1.293654729e-05
2.154854461e-06
1.278450173e-05
-2.426855965e-06
2.723308393e-06
-2.895966965e-06
1.378766487e-05
1.368636179e-05
4.534486281e-05
-1.150094285e-05
1.083104426e-05
-1.085972235e-05
1.077827681e-05
1.092008108e-05
4.385015396e-05
-4.459259958e-05
4.465295832e-05
-4.466199427e-05
-1.025580226e-05
9.548511047e-06
1.297841804e-05
-1.359741673e-05
1.370271141e-05
-1.34957505e-05
-1.380170284e-05
8.044578063e-06
-8.843366502e-06
8.74437507e-06
-8.678492663e-06
1.431589591e-05
1.390178681e-05
-1.294240598e-05
1.218784243e-05
-1.225587628e-05
1.235386035e-05
1.253003977e-05
-1.319373345e-05
1.329171752e-05
-1.339399569e-05
-1.166002638e-05
-1.696771189e-06
1.226954113e-05
-1.296837498e-05
1.303723456e-05
-1.290025453e-05
-1.310654447e-05
-3.157611269e-06
1.317544575e-05
2.392406153e-06
-2.461716067e-06
2.499238675e-06
1.38384486e-05
1.387756135e-05
1.365541886e-05
-1.583470827e-06
9.544272838e-07
-9.625047171e-07
9.910254088e-07
1.188013844e-05
-1.27517727e-05
1.278029339e-05
-1.283544061e-05
-3.573781655e-07
0
0
0
0
0
0
0
0
0
0
0
0
0
0
0
0
0
0
0
0
0
0
0
0
0
0
0
0
0
0
0
0
0
0
0
0
0
0
0
0
0
0
0
0
0
0
0
0
0
0
0
0
0
0
0
0
0
0
0
0
0
0
0
0
0
0
0
0
0
0
0
3.779882709e-08
0
-9.861815585e-09
0
-2.393617903e-07
1.017797279e-06
0
7.518776986e-06
-5.202420542e-06
-1.643473014e-06
3.132972669e-08
-1.606226883e-06
9.662314151e-06
3.187156522e-07
0
0
0
0
0
0
0
0
0
0
0
0
0
0
0
0
0
0
0
0
0
0
0
0
0
0
0
0
0
0
0
2.336364654e-05
-8.905959474e-06
-1.24861657e-05
7.76226741e-06
-2.149572567e-05
4.384057219e-05
9.806047591e-07
1.543384474e-05
0.0001242505726
-9.595568897e-05
-4.406512679e-05
2.829052118e-05
-4.715482277e-05
0.0001520126711
1.383856123e-05
9.043279976e-05
0.0002193201595
-0.000200607413
-3.800180491e-05
1.988508871e-05
-2.976727393e-05
0.0002332672636
1.171315072e-05
0.000155041096
0
0
0
0
0
0
0
0
0
0
0
0
0
0
0
0
0
0
0
0
0
0
0
2.815137978e-05
-8.409870527e-06
-1.964289947e-05
2.097088233e-05
-3.966155643e-05
5.864422538e-05
7.928017557e-06
3.197190818e-05
0.0001952699477
-0.0001442872935
-0.000110242548
9.665975135e-05
-0.0001297369433
0.0002488676497
6.687543263e-05
0.000190724109
0.0004057910622
-0.0003558939663
-0.0001552061755
0.000122647329
-0.0001511805053
0.0004513661243
9.51836743e-05
0.0003768053772
0.0005520359572
-0.0005252213438
-0.0001035553879
6.598374441e-05
-7.880789519e-05
0.0005714930072
5.323710825e-05
0.0004921874546
0
0
0
0
0
0
0
0
0
0
-2.327733197e-06
4.441693781e-07
0
0
0
3.122151812e-06
-3.019152425e-06
0
7.065617256e-06
-1.599696981e-05
1.859010067e-05
1.575326245e-06
8.02496402e-06
0.0001316362782
-8.36939343e-05
-0.0001129513597
0.0001196757443
-0.0001515469942
0.0001846527529
8.991491178e-05
0.0001559465524
0.0003828317095
-0.0003154550281
-0.0002530909607
0.0002374264226
-0.0002728718901
0.0004483975458
0.000201227007
0.0004081996998
0.0006176776394
-0.0005670736902
-0.0002752662732
0.0002338653159
-0.000257818893
0.0006613077947
0.0002076495603
0.000626481269
0.0007477951961
-0.0007261672158
-0.0001628230433
0.0001131778948
-0.0001218982662
0.0007627631711
0.0001028351607
0.0007382224015
0
0
0
0
0
0
0
0
0
0
-2.02233535e-05
1.379938139e-05
-2.972568542e-06
-9.953588577e-09
-5.30764164e-06
3.145814033e-05
-3.298953501e-05
-8.846394125e-06
5.731241879e-05
-7.277012236e-05
6.489486014e-05
4.208414252e-05
5.447547456e-05
0.0002181003909
-0.0001602074431
-0.0002286743827
0.0002509462516
-0.0002798853373
0.0002798281684
0.0002193940304
0.0002663208039
0.0004669116631
-0.0004060224654
-0.0003835723009
0.0003651702875
-0.0003930660767
0.0005272593377
0.0003370584403
0.0005228112992
0.0006446625074
-0.0006150835266
-0.0003537794454
0.0003126840537
-0.0003227475247
0.0006687171779
0.0002982032421
0.0006832555536
0.000696807245
-0.0006928184538
-0.0001873275787
0.0001360649687
-0.0001368749291
0.0006985433889
0.0001333992149
0.0007362101275
0
0
0
0
0
0
0
0
3.339393251e-07
5.746628012e-07
-4.102042894e-05
3.755105997e-05
-8.184468808e-06
-4.869678846e-06
-2.672006567e-05
4.933584777e-05
-7.383717669e-05
-2.318667165e-05
0.0001145409924
-0.0001269529008
8.387118228e-05
9.998718196e-05
8.170714279e-05
0.0002220903555
-0.0001720361528
-0.0003096150405
0.0003445247938
-0.0003633498015
0.0002734007962
0.0003281391213
0.000283162016
0.0004176437999
-0.0003741680202
-0.0004560781479
0.0004501974457
-0.0004589921081
0.0004547537206
0.0004362101632
0.0004807953272
0.0005192380641
-0.00050579254
-0.00038872576
0.0003400616757
-0.000343058799
0.0005241782405
0.0003357761478
0.0005719772889
0
0
0
0
0
0
0
0
1.091573028e-06
1.05470305e-06
-5.250624477e-05
4.970961854e-05
-6.969719198e-06
-8.051129507e-06
-4.279531787e-05
4.206764096e-05
-9.723311022e-05
-2.195469643e-05
0.0001467653974
-0.0001567656248
6.784472868e-05
0.0001433605475
7.351585024e-05
0.0001661235727
-0.0001312905378
-0.0003493727331
0.000392802505
-0.0004031190721
0.0002011855582
0.0003874170253
0.0002231171612
0.0002934416444
-0.0002661947481
-0.0004873756671
0.000480379651
-0.0004850257188
0.0003157428389
0.0004762301694
0.0003546193858
0
0
0
0
0
0
0
0
7.144092576e-07
4.834757416e-07
-6.002711422e-05
5.827039362e-05
-2.475619344e-06
-6.101590173e-06
-5.466509855e-05
2.270684013e-05
-0.0001078480685
-1.241955811e-05
0.000166486634
-0.0001693057317
3.546696334e-05
0.0001631114963
4.446594698e-05
8.284583353e-05
-6.619230063e-05
-0.0003638192254
0.0004139246846
-0.0004168489744
9.945377668e-05
0.0004104127077
0.0001258767943
0.0001420804525
-0.0001297121426
-0.000496082663
0.0004902872416
-0.0004915462862
0.0001519161674
0.000488759224
0.0001932284644
0
0
0
0
0
0
0
0
-5.522099893e-07
-1.046843072e-06
-6.903133502e-05
6.67537266e-05
4.249622184e-06
-1.013617694e-06
-6.219766291e-05
-2.343501471e-06
-0.0001183608861
1.33041798e-06
0.0001781068967
-0.0001816198958
-3.576581356e-06
0.0001747811448
6.63045329e-06
-8.042928392e-06
6.480226775e-06
-0.0003772442766
0.0004258163707
-0.0004293590416
-9.571620729e-06
0.0004224564736
1.818372208e-05
-1.348081645e-05
1.235138742e-05
-0.0005034396104
0.000495323372
-0.0004967862535
-1.438450118e-05
0.0004939015204
2.743262784e-05
0
0
0
0
0
0
0
0
-3.182838006e-06
-4.093469042e-06
-7.943029096e-05
7.808001776e-05
1.388209941e-05
6.32952545e-06
-7.145434764e-05
-3.187887508e-05
-0.0001303753591
1.858339207e-05
0.0001919380039
-0.0001954931618
-4.790758643e-05
0.0001883640552
-3.627984536e-05
-0.0001052059627
8.53595702e-05
-0.0003920162611
0.0004395686864
-0.0004430383539
-0.0001246934265
0.0004360673138
-9.531854457e-05
-0.0001730950613
0.0001593696784
-0.0005113375155
0.0005009855185
-0.00050238905
-0.0001836239337
0.0004995582394
-0.0001410400704
1.667409169e-05
-8.256748e-05
-6.59402144e-05
3.947378854e-05
0.0002078971607
-9.898940544e-05
0.0002034525784
-8.5440617e-05
-0.000210115113
0.0001719635097
0.0004548991393
-0.0002472361999
0.0004507004824
-0.0002158030453
-0.0003374351437
0.0003122616081
0.0005070913319
-0.0003562248076
0.0005054437561
-0.0003127834657
8.98829092e-05
0.0002139769709
-0.0002253255017
0.000226979204
8.82292068e-05
0.0001010678807
-0.0002236463537
-2.418112801e-05
-0.0002892634054
2.432755442e-05
-0.0002785005523
-2.386409911e-05
-4.225455375e-05
0.0001159311215
-0.0001284128976
0.0001284380478
-4.227970393e-05
-0.0001283801027
-3.112831708e-05
-0.0001285572057
0.0001285801321
-0.0001094609226
9.815550819e-05
-0.0001285422978
-9.817041612e-05
-0.0001160281306
4.686296532e-05
0.0001156826811
-0.0001281693452
0.0001282042915
4.6828019e-05
-0.0001281333096
5.794322534e-05
-0.000128353718
-1.999985633e-05
8.849625251e-06
-8.874825043e-06
-0.0001283285182
-0.0001158118905
0.0001358844831
0.0001153983626
-0.0001279127195
0.000127938027
0.0001358591756
-0.0001278856058
0.000146961298
-0.0001281050323
6.908275014e-05
-8.027107771e-05
8.023338703e-05
-0.0001280673416
-0.0001155406404
2.606366214e-05
1.547962356e-05
-1.611002859e-05
1.612997612e-05
-1.60943088e-05
-0.0001278579474
0.0001581393493
-0.0001693170128
0.0001692882623
-0.000127829197
-0.0001152516881
4.80728173e-05
1.564183968e-05
-1.639312719e-05
1.625243483e-05
4.821350967e-05
-1.64605386e-05
4.895431513e-05
-1.620578485e-05
1.627190011e-05
-3.932298643e-05
-1.618122481e-05
-1.559473798e-05
-1.687759511e-05
3.154252921e-05
8.071397377e-06
-3.459091916e-05
3.459856569e-05
-1.688524164e-05
-1.408430279e-05
-3.458916546e-05
3.45950653e-05
-3.360391082e-05
3.084383468e-05
-3.084144314e-05
-3.459155699e-05
-3.147082524e-05
1.405982263e-05
-1.402663583e-05
6.622480175e-06
-7.363482529e-06
7.329971955e-06
1.40933332e-05
1.469933387e-05
5.277652692e-06
-1.463524391e-05
1.398827391e-05
-1.395292714e-05
5.242305918e-06
5.926429545e-06
3.717403871e-05
1.588058621e-05
-1.627061005e-05
1.63238243e-05
-1.606958384e-05
-2.812496234e-05
-1.605081392e-05
-1.531591367e-05
-1.645588747e-05
4.973031047e-05
-5.050694882e-05
5.045187149e-05
-0.0001000210214
4.975764402e-05
-0.0001321242709
0.0001160661747
-0.0001285832492
0.0001285880174
-0.0001321290391
-0.000120822168
-0.0001284529401
0.0001280450421
-0.0002024013696
0.0001891601506
-0.0001285202661
-0.0001890928246
-0.0001159469507
-8.48451357e-05
3.145095655e-05
-3.458809704e-05
3.457373751e-05
-8.483077617e-05
-3.459815634e-05
-8.192923888e-05
-3.429072171e-05
3.390956949e-05
0.0001000113997
-3.395449711e-05
-3.095970357e-05
-3.923219926e-05
3.150326417e-05
-3.460387929e-05
3.460923181e-05
-3.923755177e-05
-3.642380281e-05
-3.465029653e-05
3.464927224e-05
-5.605989514e-05
5.327260369e-05
-5.327768224e-05
-3.464521798e-05
-3.157129635e-05
-6.184834959e-05
3.151578995e-05
-3.464001877e-05
3.46352686e-05
-6.184359941e-05
-5.893551891e-05
-3.460522568e-05
-7.891125272e-05
7.610122764e-05
-7.609191009e-05
-3.461454322e-05
-3.151674078e-05
1.986895759e-05
0.0001106546338
-0.000112199246
0.0001108506956
2.121750796e-05
2.304610625e-05
-0.0001108555252
-1.587317138e-05
1.590978343e-05
-4.478872512e-05
-1.585702587e-05
-1.496492986e-05
-4.823407135e-05
8.980138043e-06
-1.000117666e-05
9.823112091e-06
-4.805600678e-05
-4.716930962e-05
-9.389263533e-06
5.239016896e-05
-9.152677384e-06
-7.593571184e-06
1.400248104e-05
-1.409929665e-05
1.242309214e-05
-1.301857166e-05
1.314457235e-05
1.089510394e-05
-1.474131421e-05
1.415857627e-05
-1.418123875e-05
1.091776642e-05
1.167629173e-05
4.960822121e-06
5.607810382e-05
-5.535541787e-05
5.699163534e-05
3.324604652e-06
6.072676095e-06
-1.619561329e-05
1.620518241e-05
-2.256266434e-05
-1.620183016e-05
-1.562900295e-05
2.042567679e-05
-1.617496016e-05
4.284032544e-05
1.525626193e-05
-1.595501962e-05
1.599731938e-05
-1.603051228e-05
1.599489798e-05
-3.355073902e-05
-1.610899621e-05
-1.543052352e-05
3.161265411e-05
1.516177982e-05
-1.597857126e-05
1.598097449e-05
0
0
0
0
0
0
0
0
0
0
0
0
0
0
0
0
0
0
0
0
0
0
0
0
0
0
2.393955034e-06
0
0
-2.816560585e-07
0
2.513832231e-06
-9.716650494e-08
0
-3.594606587e-06
0
0
4.354405107e-06
4.256293741e-05
-6.433579264e-06
1.229945595e-05
-1.94437203e-05
1.341560614e-06
2.684937025e-05
-5.826230526e-06
7.737560044e-07
-1.549260404e-05
0
2.904012033e-06
5.547928193e-06
8.875576419e-05
-3.357029856e-05
3.893516214e-05
-3.776197218e-06
1.172698802e-06
-7.771416352e-06
-4.706466107e-08
0
0
0
0
0
0
0
0
0
0
0
0
0
1.431004012e-06
1.236977266e-05
0
2.32794447e-06
-1.152320172e-05
5.084187636e-06
2.946603532e-05
-6.980420451e-06
9.880750396e-07
-1.990438072e-05
0
1.79633688e-06
4.149061211e-05
0.0001349110488
-5.448629846e-05
8.48029175e-05
-0.0001185428451
3.839757319e-05
0.0001539504561
-5.280047793e-05
3.050060729e-05
-7.98728538e-05
-1.38565714e-05
6.859432328e-05
6.972770741e-05
0.0002994174914
-0.0001892983779
0.0002230971968
-0.0002539475794
4.405922141e-05
0.000280759742
-6.773718923e-05
4.703019427e-05
-9.079081817e-05
-2.940347136e-05
0.0001778336513
4.101340891e-05
0.0004065184956
-0.0003025630658
0.0003186796614
-2.659283491e-05
1.937190807e-05
-3.441811945e-05
-1.303026221e-05
2.852475933e-08
1.617079322e-06
0
3.034490775e-08
0
-4.833622846e-06
5.971095672e-06
2.184149206e-05
-3.722730637e-06
5.387890122e-07
-1.076628879e-05
0
6.412194943e-07
6.297799513e-05
0.0001232491845
-5.076369433e-05
8.98775389e-05
-0.0001371584794
8.746694664e-05
0.0001904636161
-9.13369677e-05
6.311982514e-05
-0.0001224898439
-3.894588502e-05
9.803156881e-05
0.0001649669837
0.0003601437491
-0.000247553615
0.0003062533486
-0.0003645170159
0.0001530143251
0.0004205124647
-0.0001792703404
0.0001442066111
-0.0002147806058
-0.0001107002568
0.0003030270714
0.0001798113042
0.0005787620363
-0.0004726440665
0.0005196380964
-0.0005605324218
0.0001246974083
0.0005946223491
-0.0001657101161
0.0001406232298
-0.000189791407
-0.0001153743219
0.0004914507599
9.125109861e-05
0.0006970892937
-0.0006214536804
0.0006407954636
-5.873065032e-05
5.078493845e-05
-6.612775116e-05
-4.257202131e-05
2.799867177e-05
4.263261957e-05
-8.654667256e-06
3.028782126e-05
-3.508159472e-07
-6.419490582e-05
7.444089501e-05
0.0001091444593
-5.994277335e-05
4.108743213e-05
-8.015624128e-05
-2.479105557e-05
4.692043382e-05
0.0001853791099
0.0002482586252
-0.0001628687475
0.0002185397394
-0.0002807675154
0.0002256967361
0.0003430229028
-0.0002257981368
0.0001892844554
-0.0002613679044
-0.0001556876682
0.0002478748074
0.0003074926714
0.0004985226384
-0.0004110507647
0.0004774595531
-0.0005384415582
0.0002840873148
0.000593322523
-0.0003147987741
0.0002831636519
-0.0003456738754
-0.0002497115214
0.0005102684423
0.0002795125595
0.0006881964804
-0.0006412892705
0.0006821367128
-0.0007147499056
0.0002001707925
0.000739845437
-0.0002494312432
0.0002321262758
-0.0002640612507
-0.0002121441636
0.0006974604406
0.0001287106527
0.0007610484055
-0.0007580540287
0.0007702728476
-8.228008672e-05
7.812771492e-05
-8.49926313e-05
-7.26643426e-05
8.392074624e-05
7.678499666e-05
-3.712918246e-05
7.166970974e-05
-1.257071919e-05
-0.0001177151527
0.0001744308341
0.000169685884
-0.0001375200494
0.0001209786111
-0.0001543499559
-0.0001008088228
0.0001084189813
0.0003058126578
0.0002886695191
-0.0002269734623
0.0002873599411
-0.0003484427576
0.0003598843853
0.0004080063133
-0.0003508620948
0.0003245041449
-0.0003733898033
-0.0002946919235
0.0003430477878
0.0004174263793
0.0005017245434
-0.0004642920034
0.0005169100254
-0.0005644586547
0.0003770287003
0.0006028918654
-0.0004116931951
0.0003910491003
-0.0004290776665
-0.0003703441747
0.000577275218
0.0003297470166
0.0006136982363
-0.0006293293264
0.0006468445742
-0.0006534110254
0.0002362878506
0.0006554124371
-0.0002829119229
0.0002821346102
-0.0002839887344
-0.0002751478065
0.0006840583466
0.0001367256104
0.0003008670409
-7.492716175e-05
0.0003110777598
-0.0006552664736
0.0006551171549
8.625769066e-05
-3.680799443e-05
-4.942541599e-05
0.0003002752218
4.94295629e-05
-8.618240726e-05
0.0001366673768
7.94611688e-05
-5.002043163e-05
8.321914519e-05
-2.448822972e-05
-0.0001227064737
0.0002495574462
0.000166843882
-0.00019873751
0.0001871190899
-0.0002066851207
-0.0001721549894
0.0001253410806
0.0003777337132
0.0002434318133
-0.0002138218656
0.0002617163416
-0.0003086108418
0.0004387183245
0.0003526701809
-0.0004214536417
0.0004072234877
-0.0004313149953
-0.0003884782952
0.0003240170746
0.0004677021773
0.0003934206584
-0.0003916425949
0.0004249175967
-0.0004507855758
0.0004253701973
0.0004684162634
-0.0004558357363
0.0004495603375
-0.0004617646226
-0.0004414601986
0.0004841731832
0.0003436171888
0.0004371346829
-0.0004773654058
0.0004783867123
0.0001090238494
-0.0002459372552
-0.000112083535
-0.0002928203983
0.0002927174505
0.0002452564221
0.000233233238
0.0002230431092
0.0002145560926
-0.0001395185316
-0.0002874965222
0.0005293993795
0.000269676585
-0.0001268669944
-0.000270747094
0.0002681778077
6.184491831e-05
-6.787455467e-05
-0.0002747704754
7.189793608e-05
-6.958066073e-05
-0.0002628767379
0.0001586383049
5.290213615e-05
-3.858000392e-05
6.125338428e-05
-2.042638435e-05
-8.762807954e-05
0.0002875813177
0.0001165705022
-0.0002240309859
0.000221813485
-0.000228949924
-0.0002107110837
9.807928671e-05
0.0004057026956
0.0001516548305
-0.0001468525973
0.0001772134788
-0.0002063735254
0.0004740420625
0.0002331215541
-0.0004479752525
0.0004454837166
-0.0004521933354
-0.0004362944148
0.0002350219947
0.0004866547647
0.0002342557335
-0.0002563135697
0.0002750248441
-0.0002884590256
0.0004364230541
-0.0004687304055
0.0004675617862
-0.0004700831307
-0.0004646011123
0.0003319395253
0.0001720650627
1.651808613e-05
-1.680299897e-05
2.612895379e-05
-9.258887183e-06
-3.685651362e-05
0.0003021189261
4.851136564e-05
-0.0002387500546
0.0002357300464
-0.0002417010564
-0.000232643689
5.016875248e-05
0.0004196762514
4.558733726e-05
-6.062979748e-05
7.266444305e-05
-8.413767372e-05
0.0004847844576
9.455840904e-05
-0.0004604631374
0.0004579374306
-0.0004629249631
-0.0004553334509
0.0001152989559
0.0004927398812
6.904346129e-05
-0.0001034847418
0.0001105239956
-0.0001154176941
0.0004385329512
-0.0004725742973
0.0004718246284
-0.0004732858456
-0.000471053478
0.0001587756099
0.0001849770676
-2.501977967e-05
9.27196107e-06
-1.412586527e-05
5.286836403e-06
1.963857224e-05
0.0003158558465
-2.558854976e-05
-0.0002527493188
0.0002491180572
-0.0002563974157
-0.0002453083925
-4.973729345e-06
0.0004327088587
-6.633143509e-05
3.170476923e-05
-3.775380832e-05
4.34763911e-05
0.0004941318856
-4.862441769e-05
-0.0004720088648
0.0004690470617
-0.000474987297
-0.0004659160559
-1.103053435e-05
0.0004981752489
-9.861558945e-05
5.299161607e-05
-5.639989346e-05
5.871752985e-05
0.0004398508456
-0.0004758693753
0.0004750354398
-0.0004766812879
-0.0004741328813
-1.50029638e-05
-5.782981904e-06
4.388230436e-05
-4.698983257e-05
4.699581908e-05
-4.697942449e-05
-4.700489049e-05
4.701180178e-05
8.558757276e-06
0.0002013064175
-7.268377547e-05
4.033339771e-05
-6.021245189e-05
2.376255855e-05
8.255733684e-05
0.0003310714085
-0.0001064398923
-0.0002701251973
0.0002640498498
-0.0002725496228
-0.0002602329588
-6.598734852e-05
0.0004480436659
-0.0001850364124
0.0001308288129
-0.0001547041833
0.0001770715304
0.0005042446241
-0.000196993449
-0.0004853583362
0.0004811419248
-0.0004878621505
-0.0004780900056
-0.0001430078505
0.0005039669566
-0.0002694404036
0.000213638186
-0.0002263255212
0.0002345307927
0.0004411262778
-0.0004792389506
0.0004783867536
-0.0004801990241
-0.0004775438448
-0.0001905110774
3.878795915e-05
4.375230558e-05
-4.685280361e-05
4.686041335e-05
-4.684544193e-05
-4.687176426e-05
4.688180661e-05
-3.599787136e-05
-0.0002772715391
-0.0001343918751
-0.0004915497517
-0.0002817652838
-0.0004811687736
-0.0003678718524
8.335703787e-05
4.358212302e-05
-4.667849163e-05
4.669149095e-05
-4.666107328e-05
-4.670848556e-05
4.672122129e-05
-8.055735568e-05
2.764219471e-05
4.37855962e-05
-4.688992599e-05
4.689856385e-05
-4.690781774e-05
4.69202836e-05
-2.487603764e-05
7.21498436e-05
4.362537671e-05
-4.672711447e-05
4.673984206e-05
-4.674969404e-05
4.676049185e-05
-6.939071521e-05
2.970483532e-05
-0.0001157931162
-2.892719154e-05
-7.648093223e-05
7.250588879e-05
0.0001167580427
0.0001141962048
0.0001079628134
0.0001054052119
-7.363985385e-05
-0.0002491118884
0.0002384608642
-0.0002395948292
0.000122223039
-3.151652105e-05
0.0002391699174
-0.0002363925774
8.780429501e-05
8.67948272e-05
0.0002789118443
-4.907671672e-05
-0.0002785060483
3.581956272e-05
-3.540827074e-05
3.665688742e-05
3.577140729e-05
0.0002582631303
-1.898107559e-05
-0.0002681858258
0.0002685489624
-2.303888889e-05
-0.0001284733996
0.000128490992
-6.457643239e-05
5.341284624e-05
-5.344819803e-05
0.0001409437935
-0.0001409141705
-4.230705369e-05
0.0001409711433
0.0001535067609
-8.690564723e-05
-0.000128524709
-8.692323601e-05
-7.577429518e-05
-0.0001282327834
2.455259472e-05
0.0001282655515
-3.570900048e-05
3.568050858e-05
-3.564929501e-05
-0.0001532877021
0.0001407640788
-0.0001407328652
0.0001407941998
0.0001407070218
-0.000140673626
4.680217554e-05
8.909351442e-06
-0.0001533964143
0.0001408862473
-0.0001408517209
0.0001408232315
-1.340049357e-05
2.226278526e-06
-2.254767929e-06
2.286426644e-06
-0.0001282968594
5.356552562e-06
4.385346067e-05
-4.69576991e-05
4.696332366e-05
-4.695197583e-05
-4.697358456e-05
-2.574210645e-06
-0.0001279741913
0.0001135423738
0.0001279994221
-0.000124759251
0.0001247230867
-0.0001247026393
-0.000153084828
0.0001405275754
-0.000140507128
0.0001405549665
0.0001404734461
-0.0001404582935
0.0001358254936
-8.020426824e-05
-0.0001531817057
0.0001406455983
-0.0001406164795
0.0001405862692
-0.0001024913533
9.134648443e-05
-9.137669468e-05
9.141010981e-05
-0.0001280339265
4.994356984e-05
4.370696435e-05
-4.681055298e-05
4.682645107e-05
-4.679334802e-05
-4.682982547e-05
-4.714689232e-05
-1.614291154e-05
1.61661552e-05
-2.537700909e-05
-0.0001692718393
-0.000153025991
0.0001404436278
-0.0001404272047
0.0001404096777
-0.000191546494
0.0001802842226
-0.0001803017497
0.0001802817939
0.0001803175884
-0.0001278133582
9.440663258e-05
4.352688924e-05
-4.663669937e-05
4.66413176e-05
9.440201435e-05
-4.66317898e-05
9.725610808e-05
-4.664301303e-05
-9.14849108e-05
-1.606353429e-05
1.594872646e-05
-4.731761122e-05
1.694694769e-05
-1.698808329e-05
4.828287948e-05
4.003826283e-05
-1.612497826e-05
-1.608347004e-05
-3.848455406e-05
1.252290193e-05
-1.313809174e-05
1.313113592e-05
-1.314529767e-05
-1.310407527e-05
3.915084134e-05
-3.000598256e-05
1.265205955e-05
-1.330000814e-05
1.323912135e-05
-1.336987274e-05
-1.312436008e-05
1.304744851e-05
3.079894636e-05
-3.460473703e-05
-2.246727295e-05
3.460756879e-05
1.967208893e-05
-1.967826027e-05
1.019836025e-05
1.968232213e-05
-4.079653027e-05
-1.968693023e-05
3.769726892e-05
-3.769320705e-05
3.770381918e-05
3.768568539e-05
-1.68927633e-05
-1.690281544e-05
3.083931166e-05
-4.081523593e-05
3.770714194e-05
-3.770927342e-05
3.771439306e-05
3.769111182e-05
2.526299532e-05
-2.809593291e-05
2.807777131e-05
-2.809169218e-05
-2.808838904e-05
-3.460217473e-05
-1.575108969e-05
1.192857325e-05
-1.287853692e-05
1.286414055e-05
-1.289446199e-05
-1.289845144e-05
1.291323641e-05
1.640065606e-05
-7.269844695e-06
1.30338713e-05
-1.350815164e-05
1.35682789e-05
-1.344447256e-05
-1.362451497e-05
-8.742123471e-06
1.367807499e-05
7.979540201e-06
-8.035776267e-06
8.067216113e-06
1.412477305e-05
1.415408588e-05
-2.695696709e-05
1.289283062e-05
-1.330275414e-05
1.335872206e-05
-1.329519212e-05
-1.334578888e-05
2.764486334e-05
-1.851385302e-05
1.212814326e-05
-1.294773349e-05
1.297027806e-05
-1.300125271e-05
1.302265075e-05
1.923366134e-05
1.650132966e-05
4.38204756e-05
-4.692489619e-05
4.693402975e-05
-4.694170567e-05
-1.372866868e-05
1.391463057e-05
3.854147577e-06
-4.58760849e-06
4.549311923e-06
-4.481343685e-06
1.266779616e-05
-1.324470524e-05
1.331267348e-05
-1.337961346e-05
5.175365939e-06
-1.629148993e-05
1.628351887e-05
-3.644209131e-05
2.876604228e-05
-1.603455236e-05
-1.601841204e-05
6.100674482e-05
4.36700305e-05
-4.677268057e-05
4.677904977e-05
-4.678491592e-05
-5.817160486e-05
-5.042647081e-05
1.698117144e-05
-0.0001285825927
0.0001285934096
-0.0001545776465
0.000143291401
-0.0001432859763
-0.0001780123611
-0.0001285527372
-0.00017797989
-0.0001667073078
-3.448397157e-05
-9.093093161e-05
3.409783726e-05
8.82189455e-05
-8.812917957e-05
8.809582133e-05
-4.080141118e-05
3.765734178e-05
-3.769070001e-05
3.750527573e-05
3.770031159e-05
-3.770609511e-05
-8.482116458e-05
3.719420056e-05
9.412310689e-05
-9.773831744e-05
9.807363308e-05
-9.758399485e-05
-3.346485888e-05
-3.461777414e-05
-4.482559996e-05
3.462923027e-05
4.19739394e-05
-4.198248173e-05
4.19894607e-05
-4.084004972e-05
3.773186599e-05
-3.772488703e-05
3.773538284e-05
3.771818284e-05
-3.924425595e-05
5.328039235e-05
-4.085603069e-05
3.774614876e-05
-3.774343866e-05
3.77520477e-05
3.773726626e-05
4.767700053e-05
-5.04460967e-05
5.043992431e-05
-5.043192993e-05
-3.463722361e-05
-3.462732858e-05
-6.758212369e-05
3.462068446e-05
6.460693285e-05
-6.459899283e-05
6.459715913e-05
-4.085703515e-05
3.774204062e-05
-3.774387433e-05
3.773966575e-05
3.775129516e-05
-6.183617858e-05
7.608313942e-05
-4.083780562e-05
3.772002721e-05
-3.772879789e-05
3.77330356e-05
7.035227193e-05
-7.318450953e-05
7.318874725e-05
-7.319699332e-05
-3.46227893e-05
-1.229573007e-05
-0.0001226314339
-0.0001203643172
-0.0001215559204
1.173596125e-05
-1.526238935e-05
-0.000122245042
1.595151094e-05
-1.531760468e-05
-0.0001206057264
-0.000110557916
1.489379671e-05
5.543743361e-05
-1.933949585e-05
1.963227542e-05
-1.78173356e-05
-0.0001160447852
0.0001136241642
-0.0001118092244
0.0001133577524
-0.0001160100183
2.276603593e-05
2.103653803e-05
4.533455171e-05
-1.586720749e-05
-3.541706604e-05
1.239811356e-05
-1.304711768e-05
1.308576826e-05
-1.302696715e-05
-1.311580554e-05
3.612817373e-05
-3.26271591e-05
1.217594147e-05
-1.301605049e-05
1.300574385e-05
-1.302220404e-05
3.342295798e-05
-9.470798231e-06
8.864363558e-06
4.936206852e-05
1.068802077e-05
-4.763241141e-05
-5.195037024e-05
-9.018525347e-06
-1.336794229e-05
1.24307906e-05
-1.340363795e-05
1.318026801e-05
-1.359230868e-05
-1.300095581e-05
1.402111805e-05
1.417569956e-05
9.449412475e-06
-1.018017185e-05
1.017463267e-05
-1.015604669e-05
1.331309907e-05
-1.371947905e-05
1.373806503e-05
-1.370573683e-05
1.095009462e-05
-2.413417547e-05
1.261828419e-05
-1.317259939e-05
1.321648902e-05
-1.315457423e-05
-1.323961224e-05
2.477901761e-05
-2.125796854e-05
1.236548874e-05
-1.305694068e-05
1.309178988e-05
-1.311751193e-05
2.198015046e-05
-3.674494047e-06
-4.082531495e-06
-1.711384768e-06
8.859494412e-07
-2.584232185e-06
-5.687867222e-05
-5.823797002e-05
5.680156235e-05
1.888196981e-06
2.326782925e-05
-1.617644332e-05
-1.602906571e-05
-4.213848148e-05
3.419491657e-05
-1.618615825e-05
-1.599989592e-05
-3.091794014e-05
0
0
4.975510899e-05
9.44436012e-05
-2.437434786e-05
-0.0003110861693
-0.0003001198521
-0.0002230118613
0.0001148045733
-0.0001279548807
0.0001279861287
8.195570012e-05
-0.0002708874974
-7.483029643e-05
0.0002789403127
0.0001802919439
-0.0001782858465
-1.690451057e-05
4.3905497e-05
-4.70166634e-05
4.702547877e-05
-4.70314539e-05
4.70396443e-05
1.969609091e-05
-0.0001094359504
2.887631089e-05
-3.38894257e-05
3.241628873e-05
5.346853306e-05
0.0001409914783
0.0001410231112
9.818803873e-05
-0.0001536112663
0.000141083501
-0.0001410658784
0.0001411049125
0.0001410418064
-8.694730804e-05
-2.80919272e-05
-4.704533252e-05
0.000143289631
-0.0001536423905
0.0001411154657
-0.000141111811
0.0001411217537
0.0001411160697
-0.0001321247803
0.0001889348447
-0.000153576128
0.0001408862914
-0.0001410442713
0.0001410835874
-0.000177940574
1.900867137e-05
-0.0001221906225
-1.720308393e-05
0.0001257044999
0
0
0
0
0
0
0
0
0
0
0
0
0
0
0
0
0
0
0
0
0
0
0
0
0
0
0
0
-1.248714108e-06
8.145335649e-06
-1.710155655e-06
3.8984417e-07
-3.610704677e-06
-1.48553694e-08
2.55071013e-07
-7.688360364e-06
3.267049396e-05
-1.019319862e-05
8.055886845e-06
-1.181295946e-05
-5.757992191e-06
6.532145467e-06
-7.822245833e-06
4.869954618e-05
-1.644467304e-05
1.59055298e-05
-1.799227353e-05
-1.268084828e-05
8.084158797e-06
-3.820507053e-06
5.649892745e-05
-2.127970641e-05
2.021480396e-05
-2.234927438e-05
-1.919163017e-05
5.011933939e-06
2.337361831e-06
6.451737867e-05
-2.65489161e-05
2.513697682e-05
-2.800346211e-05
-2.36910532e-05
-5.846532779e-07
1.12023741e-05
7.389296696e-05
-3.399793511e-05
3.116820198e-05
-3.48640079e-05
-2.95719385e-05
-8.585642971e-06
-3.700012337e-05
-1.917717217e-05
3.681225709e-05
-0.0003110819067
-0.0001275478276
0.0002336715391
-3.055159454e-05
0.000116060899
3.340360588e-05
7.138530562e-06
-6.959819308e-06
3.326155209e-05
5.261324633e-06
-5.119270837e-06
3.910999372e-06
-3.806228657e-06
3.388605637e-05
7.264356807e-06
3.379829326e-05
5.34908774e-06
3.980288845e-06
-3.839157093e-05
-6.068912967e-06
6.104910199e-06
-3.842073391e-05
-4.429775768e-06
4.458938743e-06
-3.273583905e-06
3.295170559e-06
-3.437951389e-05
6.139131211e-06
-6.11212011e-06
-3.439292232e-05
4.493117055e-06
-4.479708628e-06
3.322091313e-06
-3.302295413e-06
-3.906101212e-05
-6.025717179e-06
-3.908259669e-05
-4.408191191e-06
-3.251940922e-06
-4.119401613e-05
-6.033244942e-06
6.02561859e-06
-4.118621788e-05
-4.408770279e-06
4.400972031e-06
-3.252144781e-06
3.251908835e-06
-4.365448422e-05
5.849514144e-06
-5.840688749e-06
-4.367198314e-05
4.277271344e-06
-4.259772423e-06
3.146898238e-06
-3.137842122e-06
2.821468707e-05
6.807871146e-06
-6.728789381e-06
2.815255454e-05
5.003977827e-06
-4.941845297e-06
3.714964425e-06
-3.663980405e-06
3.091516717e-05
6.83652302e-06
3.089815175e-05
5.020993245e-06
3.732069042e-06
3.618469404e-05
-7.496458032e-06
7.653071992e-06
3.606897019e-05
-5.534701257e-06
5.650425108e-06
-4.11945203e-06
4.214809687e-06
3.583619578e-05
-7.355636921e-06
3.573569562e-05
-5.434201099e-06
-4.038971667e-06
-2.049119414e-05
-6.290041897e-06
6.286230582e-06
-2.049099063e-05
-4.604145039e-06
4.603941532e-06
-3.403696361e-06
3.403689144e-06
-2.718095463e-05
-6.295069793e-06
6.295126728e-06
-2.718090942e-05
-4.613369939e-06
4.613324721e-06
-3.40817609e-06
3.40822076e-06
-2.509877939e-05
6.290284045e-06
-6.290287422e-06
-2.509871711e-05
4.608431281e-06
-4.608493553e-06
3.403473829e-06
-3.403411846e-06
-2.216687596e-05
-6.286140462e-06
-2.216295527e-05
-4.608065722e-06
-3.403832631e-06
-2.44034511e-05
6.290280667e-06
-2.439881702e-05
4.6037972e-06
3.408107622e-06
-2.986006443e-05
6.172472308e-06
-2.988007156e-05
4.51312418e-06
3.335653619e-06
-3.315002241e-05
6.1795633e-06
-6.179444907e-06
-3.314393155e-05
4.520181321e-06
-4.52627218e-06
3.342244147e-06
-3.342400532e-06
-2.787109011e-05
-6.300179815e-06
-2.787621185e-05
-4.6082482e-06
-3.413304221e-06
-2.992395316e-05
-6.18446143e-06
6.239706657e-06
-2.996814041e-05
-4.525165709e-06
4.569352955e-06
-3.34730714e-06
3.37492862e-06
-3.279349855e-05
6.167375257e-06
-3.279324552e-05
4.519928297e-06
3.330242418e-06
-3.067082389e-05
-6.173085814e-06
-3.068207962e-05
-4.513909977e-06
-3.330381566e-06
-4.397811913e-05
-6.057635689e-06
6.041373786e-06
-4.396998673e-05
-4.432901762e-06
4.424769362e-06
-3.268132565e-06
3.259899096e-06
-4.189113736e-05
-6.033349646e-06
-4.188345904e-05
-4.416448594e-06
-3.252056109e-06
-4.465936764e-05
-6.074176444e-06
-4.465943633e-05
-4.432833076e-06
-3.276481081e-06
-4.618649767e-05
5.944600831e-06
-4.625567727e-05
4.346450945e-06
3.207101804e-06
3.271046299e-05
-6.848464503e-06
3.262390341e-05
-5.032711254e-06
-3.738156844e-06
3.620471865e-05
8.436633932e-06
-8.23550553e-06
3.604891948e-05
6.258324873e-06
-6.102525699e-06
4.675830657e-06
-4.557501208e-06
3.929668499e-05
8.676347622e-06
3.911282075e-05
6.442189111e-06
4.818146557e-06
5.416929768e-05
-7.976930365e-06
5.397105722e-05
-5.904285246e-06
-4.404449375e-06
3.196803308e-05
-7.812665642e-06
3.184587988e-05
-5.782132048e-06
-4.305008372e-06
3.444503706e-05
7.30204214e-06
3.44070585e-05
5.387066304e-06
3.99886566e-06
-3.768128627e-05
6.112102014e-06
-3.769538386e-05
4.473036333e-06
3.295272812e-06
-3.674105183e-05
-3.674772413e-05
-3.978388116e-05
-6.025567644e-06
-3.979110955e-05
-4.400962796e-06
-3.244457144e-06
-4.050040791e-05
-4.050039867e-05
-6.643408747e-05
-5.84991545e-06
-6.642489479e-05
-4.268965099e-06
-3.138035082e-06
3.184512099e-05
3.183340298e-05
4.03095975e-05
-9.039636658e-06
9.474079072e-06
3.997555433e-05
-6.721363825e-06
7.055406995e-06
-5.032785917e-06
4.033368265e-05
4.005450793e-05
-1.006303168e-05
1.066567809e-05
3.919798169e-05
9.770450532e-06
7.283731393e-06
3.606211318e-05
3.520596989e-05
3.507426295e-05
3.517538701e-05
3.512825222e-05
-1.75513398e-05
6.28604793e-06
-1.755132083e-05
4.603922568e-06
3.403851279e-06
-2.649043159e-05
6.294993438e-06
-2.648560698e-05
4.608500112e-06
3.40826543e-06
-2.579262383e-05
-2.579261727e-05
-2.301292372e-05
-6.290272959e-06
-2.301286207e-05
-4.608127375e-06
-3.403771266e-06
-2.370386018e-05
-2.370819035e-05
-3.140362732e-05
-6.185647192e-06
-3.140361139e-05
-4.526288107e-06
-3.342376376e-06
-2.856065016e-05
-6.289471038e-06
-2.856621484e-05
-4.602683521e-06
-3.408089299e-06
-2.920024095e-05
-2.923357152e-05
-3.209470497e-05
6.173003797e-06
-3.208291155e-05
4.508134884e-06
3.336129051e-06
-3.138812014e-05
-3.139389523e-05
-4.328085675e-05
6.041339957e-06
-4.327258831e-05
4.416500926e-06
3.259858724e-06
-4.257807601e-05
-4.257802368e-05
-4.532009776e-05
-6.048619436e-06
-4.533697294e-05
-4.415957895e-06
-3.267691085e-06
-4.582575483e-05
-4.589526178e-05
2.69852895e-05
-6.52985973e-06
6.551525359e-06
2.696893196e-05
-4.78717616e-06
4.803533703e-06
-3.547827574e-06
3.558769115e-06
2.761648978e-05
-6.524866387e-06
2.761167112e-05
-4.782357494e-06
-3.547934812e-06
2.307363146e-05
-6.315189102e-06
6.36314784e-06
2.304308465e-05
-4.628847563e-06
4.659394375e-06
-3.421841176e-06
3.447919869e-06
1.750484784e-05
-6.267922626e-06
6.264664128e-06
1.750464034e-05
-4.588349367e-06
4.588556868e-06
-3.392496895e-06
3.389187768e-06
2.23809445e-05
-6.298737448e-06
2.236415881e-05
-4.612061872e-06
-3.409324887e-06
6.335303498e-06
-6.28634793e-06
6.274192688e-06
6.343878696e-06
-4.603483339e-06
4.59490814e-06
-3.403673103e-06
3.395803262e-06
1.0587086e-05
6.264755056e-06
-6.267065768e-06
1.058902818e-05
4.587493726e-06
-4.58943591e-06
3.391196593e-06
-3.39121893e-06
1.680233215e-05
-6.274125807e-06
1.680542486e-05
-4.591442071e-06
-3.395686812e-06
9.823914917e-06
6.260381103e-06
9.828552038e-06
4.582856604e-06
3.386564503e-06
5.571117371e-06
-6.29874154e-06
5.580270078e-06
-4.612636046e-06
-3.410458525e-06
7.039233451e-07
-6.304267854e-06
6.304003333e-06
7.042030903e-07
-4.617117833e-06
4.616838088e-06
-3.413956333e-06
3.41402058e-06
8.745626498e-09
-6.304265328e-06
8.773983535e-09
-4.61714619e-06
-3.414046831e-06
-4.702971007e-05
-5.867977982e-06
5.859047015e-06
-4.702041608e-05
-4.278166821e-06
4.268872836e-06
-3.147063629e-06
3.156001042e-06
-4.99571734e-05
-5.877590876e-06
-4.995715435e-05
-4.278185871e-06
-1.110836575e-05
2.577487808e-05
-6.412133532e-06
6.450597857e-06
2.574114062e-05
-4.694453559e-06
4.728191021e-06
-3.479080637e-06
3.4983999e-06
2.510493922e-05
-6.397311822e-06
2.509527745e-05
-4.684791795e-06
-3.469506482e-06
1.957303828e-05
6.321049139e-06
-6.303351824e-06
1.955888171e-05
4.630921356e-06
-4.61676479e-06
3.420562339e-06
-3.417529187e-06
2.023540518e-05
6.305635392e-06
2.024715283e-05
4.619173716e-06
3.416756749e-06
8.433255285e-06
6.268943043e-06
-6.270413611e-06
8.43320875e-06
4.591182171e-06
-4.591135636e-06
3.39313356e-06
-3.393177263e-06
9.125795863e-06
6.270701632e-06
9.127566915e-06
4.589411119e-06
3.393093196e-06
1.471043922e-05
-6.28712239e-06
6.297667035e-06
1.470256864e-05
-4.604340179e-06
4.612210761e-06
-3.405213086e-06
3.410393983e-06
1.394105425e-05
-6.266525247e-06
1.392542278e-05
-4.588708703e-06
-3.392217246e-06
3.492015891e-06
-6.302916419e-06
6.30207013e-06
3.493356077e-06
-4.61662058e-06
4.615280393e-06
-3.412989205e-06
3.412910032e-06
2.795986328e-06
-6.304125135e-06
2.795821071e-06
-4.616455323e-06
-3.413648896e-06
-2.746584759e-06
6.303603923e-06
-6.304048955e-06
-2.74722963e-06
4.616761815e-06
-4.616116944e-06
3.413941234e-06
-3.413978149e-06
-2.082288733e-06
6.303659586e-06
-2.082519976e-06
4.616993058e-06
3.413910908e-06
-4.782562644e-05
-4.783879037e-05
2.434131823e-05
6.60610593e-06
2.429761545e-05
4.847236488e-06
3.597105628e-06
4.114855883e-05
4.105395002e-05
2.71012906e-05
-6.494678322e-06
2.708136609e-05
-4.762432981e-06
-3.527964511e-06
2.373528865e-05
6.397512822e-06
2.370508729e-05
4.689595736e-06
3.469486025e-06
1.822331945e-05
6.275172786e-06
1.821627952e-05
4.595596795e-06
3.39958503e-06
2.167302281e-05
-6.294363987e-06
2.166889436e-05
-4.607933429e-06
-3.405276598e-06
7.033985345e-06
6.27042305e-06
7.037750325e-06
4.59114316e-06
3.394691908e-06
1.044807808e-05
-6.266867462e-06
1.044798182e-05
-4.589339657e-06
-3.393058191e-06
1.609526177e-05
-6.288639807e-06
1.610720706e-05
-4.603387358e-06
-3.401318915e-06
1.710541755e-05
6.256033983e-06
1.710977915e-05
4.578495005e-06
3.384480224e-06
4.887867172e-06
-6.300664213e-06
4.889764423e-06
-4.614533298e-06
-3.412335924e-06
1.402321333e-06
6.303840786e-06
1.402315402e-06
4.616844018e-06
3.413649548e-06
-5.791288468e-06
-6.302692227e-06
6.303353721e-06
-5.792106859e-06
-4.61537557e-06
4.616193961e-06
-3.413491798e-06
3.413239732e-06
-4.176976088e-06
-6.302946656e-06
-4.176998681e-06
-4.615352978e-06
-3.413549525e-06
-6.86106852e-07
-6.303969796e-06
-6.862248652e-07
-4.617028177e-06
-3.414013026e-06
-1.600706293e-05
6.304922354e-06
-6.296337756e-06
-1.601865363e-05
4.619262804e-06
-4.607672108e-06
3.413231232e-06
-3.410318776e-06
-1.529384076e-05
6.316280535e-06
-1.53025081e-05
4.627930149e-06
3.419089212e-06
-1.115420713e-05
-6.303663709e-06
6.301657697e-06
-1.115219184e-05
-4.616995165e-06
4.614979875e-06
-3.413144526e-06
3.413129647e-06
-1.185666636e-05
-6.312671173e-06
-1.185202966e-05
-4.621631871e-06
-3.417710688e-06
-5.325555173e-06
-6.305256887e-06
-5.323359956e-06
-4.617548195e-06
-3.414646906e-06
-6.241984834e-06
-6.312527473e-06
-6.237196664e-06
-4.622336365e-06
-3.419336569e-06
-1.045505898e-05
6.303496213e-06
-1.045674083e-05
4.616661719e-06
3.413279246e-06
-9.754500806e-06
6.308607419e-06
-9.758104039e-06
4.620264951e-06
3.416620587e-06
-1.671689616e-05
-6.293152435e-06
-1.671386938e-05
-4.610698883e-06
-3.407317189e-06
-1.740897835e-05
-6.293304376e-06
-1.74121419e-05
-4.607535341e-06
-3.407283233e-06
-4.110377397e-05
-4.110386623e-05
-5.098004433e-05
2.649167673e-05
2.645743477e-05
2.439011321e-05
2.439491715e-05
1.893521798e-05
1.891404998e-05
2.095096291e-05
2.096220319e-05
7.733261835e-06
7.73326936e-06
9.823412842e-06
9.823484304e-06
1.536405094e-05
1.537287434e-05
1.231652807e-05
1.230631438e-05
4.19490694e-06
4.195654035e-06
2.100360367e-06
2.100749063e-06
-3.161514008e-06
-3.161436991e-06
-1.386457694e-06
-1.386492814e-06
-1.391540218e-05
-6.322062093e-06
6.322078246e-06
-1.391558252e-05
-4.630646115e-06
4.630826455e-06
-3.424683117e-06
3.424525101e-06
-1.460538594e-05
-1.460810191e-05
-1.322249842e-05
6.31959198e-06
-1.322001824e-05
4.628346281e-06
3.424696668e-06
-1.253635619e-05
-1.252964178e-05
-7.657394109e-06
6.317429857e-06
-6.317373422e-06
-7.657437966e-06
4.627087413e-06
-4.627043556e-06
3.421941096e-06
-3.421907806e-06
-6.967859342e-06
-6.963108294e-06
-8.348243754e-06
-6.315601558e-06
-8.34983168e-06
-4.62545563e-06
-3.420325052e-06
-9.049060682e-06
-9.05425136e-06
-1.860969835e-05
6.293082163e-06
-6.289731757e-06
-1.861329683e-05
4.607468618e-06
-4.603870138e-06
3.407085508e-06
-3.407318075e-06
-1.810402489e-05
-1.810409161e-05
-1.790247832e-05
-6.289660673e-06
-1.790227935e-05
-4.60406911e-06
-3.403671041e-06
-2.769316599e-05
-2.769331253e-05
)
;

boundaryField
{
    topAndBottom
    {
        type            calculated;
        value           uniform 0;
    }
    inlet
    {
        type            calculated;
        value           uniform 0;
    }
    outlet
    {
        type            calculated;
        value           nonuniform List<scalar> 0();
    }
    wing
    {
        type            calculated;
        value           nonuniform List<scalar> 
133
(
3.315678137e-05
3.372900379e-05
-3.844232056e-05
-3.441271822e-05
-3.910423968e-05
-4.118598193e-05
-4.368103926e-05
2.810157052e-05
3.088104713e-05
3.597361254e-05
3.565521526e-05
-2.049098341e-05
-2.718095409e-05
-2.50987791e-05
-2.2162819e-05
-2.440345081e-05
-2.989363387e-05
-3.314377517e-05
-2.787108372e-05
-2.999576189e-05
-3.278124379e-05
-3.069900519e-05
-4.396175326e-05
-4.188354771e-05
-4.465108781e-05
-4.631588084e-05
3.25558316e-05
3.593059003e-05
3.897050485e-05
5.381800539e-05
3.174643887e-05
3.438848169e-05
-3.769548611e-05
-3.675474673e-05
-3.979859333e-05
-4.049294698e-05
-6.642470183e-05
3.182731518e-05
3.971804301e-05
3.983986857e-05
3.498406427e-05
3.508814621e-05
-1.755148297e-05
-2.648565165e-05
-2.578776368e-05
-2.301292344e-05
-2.3703854e-05
-3.140363555e-05
-2.857142976e-05
-2.926673219e-05
-3.208879819e-05
-3.138814774e-05
-4.327254794e-05
-4.257022106e-05
-4.534576294e-05
-4.595585107e-05
2.695799042e-05
2.761177835e-05
2.301700595e-05
1.750794947e-05
2.235164252e-05
6.351748537e-06
1.058905052e-05
1.680861478e-05
9.833184129e-06
5.587055501e-06
7.041388435e-07
8.86448154e-09
-4.702935349e-05
-4.993859083e-05
2.572182136e-05
2.50857033e-05
1.955584856e-05
2.025095842e-05
8.433252452e-06
9.127607279e-06
1.469738774e-05
1.391242694e-05
3.49343525e-06
2.796480761e-06
-2.747192715e-06
-2.08248965e-06
-4.784551312e-05
2.425927893e-05
4.098707525e-05
2.706139579e-05
2.368352114e-05
1.820588226e-05
2.166484607e-05
7.038861679e-06
1.044982108e-05
1.611283916e-05
1.711186343e-05
4.891641822e-06
1.402686433e-06
-5.791854792e-06
-4.176940954e-06
-6.862586702e-07
-1.602156608e-05
-1.530836608e-05
-1.115217696e-05
-1.184746349e-05
-5.322262575e-06
-6.232507001e-06
-1.045689043e-05
-9.76144538e-06
-1.671687097e-05
-1.741217585e-05
-4.108590027e-05
2.642787016e-05
2.439489669e-05
1.889610582e-05
2.097368334e-05
7.734784005e-06
9.82351931e-06
1.538194941e-05
1.229857735e-05
4.196228144e-06
2.100749716e-06
-3.162175408e-06
-1.386594931e-06
-1.391542451e-05
-1.461369581e-05
-1.322018981e-05
-1.25226558e-05
-7.657471257e-06
-6.960503766e-06
-8.351414435e-06
-9.057955825e-06
-1.861306426e-05
-1.810428933e-05
-1.790592639e-05
-2.769313229e-05
)
;
    }
    front
    {
        type            empty;
        value           nonuniform List<scalar> 0();
    }
    back
    {
        type            empty;
        value           nonuniform List<scalar> 0();
    }
    procBoundary0to1
    {
        type            processor;
        value           nonuniform List<scalar> 
49
(
0
0
0
0
0
0
0
-1.752234319e-05
9.999892655e-05
-5.288121712e-05
-4.037851254e-05
-1.171895674e-05
-0.0003944827599
-0.0001656385547
-0.0001151791216
-0.0001530249547
-4.349523516e-05
-1.515381064e-05
-1.413939379e-05
-3.727739203e-05
0
0
-0.0001395918593
-0.0002094368568
-0.0004097461421
-0.0004593496139
-0.0005205191758
-0.0005088125166
-1.640081014e-05
-1.584596025e-05
-4.97424737e-05
-0.0003494823053
-0.0002823006236
-0.0005160959916
-0.0004954393693
-0.0004425171122
-0.0004821564515
-0.0001278011683
-0.0001403996835
-1.757224174e-05
-1.695577076e-05
-4.661279045e-05
-0.000178283529
-8.129498893e-05
-3.61661479e-05
-3.165627148e-06
-5.887174114e-06
-5.096115473e-05
-4.297075473e-06
)
;
    }
    procBoundary0to2
    {
        type            processor;
        value           nonuniform List<scalar> 
58
(
0
0.000289116979
0.0001209256004
5.076232093e-05
5.639560625e-05
4.994089698e-05
-1.798743775e-06
5.311110401e-05
3.91760994e-05
6.761671614e-05
9.405295778e-05
0
5.695060991e-07
0.0004174176431
0.0001620862846
0.0007082733062
0.0005037346606
0.0007658495115
0.0007484206286
0.0003000730587
0.0007384003007
0.0002583662719
0.0001241730443
0.0001188404096
5.669576266e-05
3.799406809e-06
5.724547618e-05
5.538037291e-05
5.456059343e-05
0
0.0002781835234
4.235759928e-05
1.114186248e-05
0.0003285894601
0.0002418630858
0.0006525099454
0.0005833367446
0.0007772800162
0.0007715896456
0.0006550928747
2.4409397e-05
0.0006989505295
0.0002677237522
-9.133402741e-06
0.0001214270987
0.0001190637426
5.649587109e-05
5.781707067e-05
5.653968728e-05
0.0003110511202
5.290297238e-06
6.155230215e-05
7.508048069e-06
3.896965729e-05
3.58377965e-05
4.108894785e-05
1.175201579e-05
3.938848696e-05
)
;
    }
}


// ************************************************************************* //
