/*--------------------------------*- C++ -*----------------------------------*\
| =========                 |                                                 |
| \\      /  F ield         | OpenFOAM: The Open Source CFD Toolbox           |
|  \\    /   O peration     | Version:  v2012                                 |
|   \\  /    A nd           | Website:  www.openfoam.com                      |
|    \\/     M anipulation  |                                                 |
\*---------------------------------------------------------------------------*/
FoamFile
{
    version     2.0;
    format      ascii;
    class       surfaceScalarField;
    location    "2.37";
    object      phi;
}
// * * * * * * * * * * * * * * * * * * * * * * * * * * * * * * * * * * * * * //

dimensions      [0 3 -1 0 0 0 0];
oriented        oriented;


internalField   nonuniform List<scalar> 
5999
(
0.000478740035
0.91617126
0.0006343130513
0.916544427
0.00080114517
0.9164831679
0.0003955478554
0.9164747533
0.0005808440247
0.4583363934
0.0004091544279
0.4582833774
0.0005233768809
-0.0005067542398
-0.0006560060312
0.458249261
0.0007567449985
-0.0008561105414
0.4581920281
0.0009990824348
-0.001153423358
0.4581658289
0.001317594436
-0.001497305476
0.4581506578
0.001681647718
-0.001857459235
0.4581728008
0.002019658427
-0.002163877394
0.458233279
0.002262098345
0.001320251359
0.9148510086
0.002169221715
0.9156954566
0.002638162601
0.916014227
0.0009693209286
0.9166715122
0.001472082765
0.4579291842
0.001165356098
-0.4581252194
-0.4580800663
-0.001434183647
0.4577470848
0.001767165113
-0.4578939175
-0.002173153856
0.4574124677
0.001243148087
0.001411455572
-0.228870384
-0.001489700767
0.2287474437
0.001612641123
-0.002115874661
-0.2288013172
0.2286435759
0.002273615966
-0.002869769696
-0.2287669268
0.2285774243
0.003059272188
-0.003669208662
-0.2288095157
0.2286222856
0.003856438769
-0.004328640205
-0.2289422924
0.2287950052
0.004475957795
0.001696467619
0.913154541
0.004462813275
0.912929111
0.00757822223
0.912898818
0.003366308265
0.9140068426
0.006876583541
-0.4577668678
0.4574485437
0.003684632325
-0.4573933632
-0.003847586485
0.4578269023
0.003414047454
-0.4567522288
-0.003751868455
0.456222072
0.002067686792
0.002214338415
-0.2281481401
-0.002531907516
0.2278853243
0.002794723246
-0.2278681245
-0.003716331085
0.2275200203
0.004064435287
-0.2276938565
-0.005237513999
0.2271538913
0.005781723924
-0.2276489731
-0.007774718505
0.2269784776
0.008464579758
-0.2280789975
-0.01035406061
0.227598497
0.01084843665
0.0007152795658
0.9124392614
0.001581024406
0.9120633661
0.003162912503
0.9113169299
0.003827296814
0.910522919
0.002819539278
-0.456507588
0.4558822294
0.004452655467
-0.4591200817
-0.005896079095
0.4557925135
0.009223647263
-0.4573286578
-0.01081521866
0.4584878065
0.003139553525
0.006516516406
-0.2269105742
-0.003353476684
0.2265750812
0.003688969731
-0.2260269669
-0.00519735225
0.2248784933
0.006356574664
-0.2239987135
-0.01061465399
0.2224764956
0.01218437509
-0.2237469128
-0.01692899133
0.2222885522
0.0184362813
-0.2253358882
-0.02238802848
0.2243161874
0.02343249648
0.0002983258111
0.9121409356
0.0007098477032
0.9116518442
0.001408419025
0.9106183586
0.001969021755
0.9088780834
0.001084232911
-0.4554064131
0.4544245596
0.002950875209
-0.4540590902
-0.003628351015
0.4531110283
0.004576412918
-0.4519426663
-0.005836182485
0.4506861447
0.003682674179
0.003410029949
-0.2267641866
-0.005827586085
0.2246295088
0.007963049197
-0.220831862
-0.01479812019
0.2210416699
0.01464621649
-0.2168108846
-0.01764907144
0.2147343206
0.01980870667
-0.2170867354
-0.02619415594
0.2151774053
0.02816748127
-0.2205376853
-0.03343896661
0.2190630454
0.03493937563
-6.675203998e-05
0.9122076877
2.379171974e-05
0.9115613005
0.0004722275848
0.9101699228
0.0007256617785
0.9079905065
0.0006341426847
-0.4533546399
0.4528309378
0.001249363856
-0.4522814351
-0.002458111024
0.4512083038
0.003531242337
-0.4493665346
-0.004475091999
0.4478567914
0.002996357605
0.002988477554
-0.220115556
-0.004685497209
0.2184724005
0.006359329429
-0.2111170087
-0.01275369597
0.2088028639
0.01516253371
-0.2101382577
-0.02466372816
0.2063301518
0.02857418024
-0.2114992687
-0.03526121881
0.2110782373
0.03573989073
-0.2144550571
-0.03965605729
0.2140807285
0.04004303637
-0.0006164722186
0.9128241599
-0.001055305962
0.9120001342
-0.001248964929
0.9103635817
8.824070665e-05
0.9074492002
-0.0007958992692
-0.4525577609
0.4520964532
0.0005495483691
-0.4498855483
-0.0009656389593
0.4492832435
0.001567943818
-0.4470572172
-0.002823420974
0.4462261323
0.001783036851
0.001871963688
-0.2135674878
-0.004411909888
0.2118937713
0.006143622333
-0.2014144452
-0.01244913303
0.2005152027
0.01346729469
-0.1996083571
-0.01989902342
0.1979312626
0.02167825012
-0.2033451162
-0.02713920776
0.2010798706
0.02943867019
-0.2060331966
-0.04542762251
0.1043756634
0.09853056923
0.02210462168
0.02644996485
-0.00122478734
0.9140489472
-0.002365548813
0.9131408957
-0.003255877225
0.9112539102
-0.001615386136
0.9081710441
-0.002362335036
-0.4520114193
0.4519499445
-0.001553911387
-0.4489506241
0.001539588937
0.4487610884
-0.001350053202
-0.4444031826
0.001080578573
0.443491389
-0.0001126558106
-4.915746354e-05
-0.2076913315
-0.001711726506
0.2066900813
0.002785005093
-0.1950109264
-0.00688582662
0.1937371437
0.00828573494
-0.1940055593
-0.0126381991
0.1927950849
0.01394860639
-0.197891853
-0.01673044237
0.1974841671
0.01714993598
-0.08977820094
-0.01102905291
0.08953563446
0.0112716194
-0.001848651251
0.9158975985
-0.003616330263
0.9149085747
-0.005443816677
0.9130813966
-0.003170638092
0.909828678
-0.003930812501
-0.452204667
0.4524516328
-0.003417603962
-0.4488347221
0.003718751698
0.4491300422
-0.004014071778
-0.4430273712
0.004316265119
0.4428882156
-0.00189555737
-0.00226672523
-0.2039018161
0.0008526461167
0.2030800638
5.325259586e-05
-0.1900941389
-0.003424369028
0.1890630912
0.004592359909
-0.190767548
-0.007414156458
0.1903465524
0.007937364293
-0.1986312723
-0.007589954381
0.1994821644
0.006744546052
-0.09329971154
-0.00130178062
0.09398607104
0.0006154211189
-0.002437380735
0.9183349792
-0.004997211144
0.9174684051
-0.007525661735
0.9156098472
-0.004732585418
0.912534082
-0.005498480269
-0.4530199021
0.4535882951
-0.005300978392
-0.4495975096
0.005973005067
0.4503760087
-0.006751504129
-0.4430073718
0.007555833138
0.4433122537
-0.003692166224
-0.004145151138
-0.2009713134
0.002879829598
0.2002951556
-0.002109745196
-0.1864089024
-0.0006942639034
0.185644509
0.001605869982
-0.1896603258
-0.003452829118
0.1896354399
0.003584130994
-0.2025785516
-0.001949726425
0.2037101745
0.000821383436
-0.09758200595
0.001461849698
0.09797810385
-0.0009091039738
-0.0009488436314
-0.003092904981
0.9214278842
-0.006204129258
0.9205796294
-0.009519865234
0.9189255831
-0.006215122954
0.9161737547
-0.006944415004
-0.4544504676
0.4553135569
-0.007078212213
-0.451302768
0.008131248753
0.452359103
-0.009187583807
-0.4439500199
0.01041858647
0.4447418391
-0.005448077751
-0.005726223599
-0.1984122919
0.004500301204
0.1978137782
-0.003796752523
-0.1836150676
0.001309820401
0.18301047
-0.0005472971402
-0.1899279964
-0.0007030982054
0.1901320093
0.0006089790457
-0.2071239124
0.001654928388
0.2082561953
-0.002785905491
-0.1003282588
0.002981125159
0.1006066273
-0.001614242126
-0.001645251528
-0.003672939747
-0.007405501799
-0.01134589569
-0.007515965884
-0.456406593
-0.00859790471
-0.4536704616
0.009869858898
-0.01126739925
-0.4453274378
0.01281890117
-0.006527359596
-0.007565936069
-0.1960326934
0.005449889792
0.1954110093
-0.004710934483
-0.1813667159
0.002287126275
0.1808697669
-0.001621509767
-0.1910455397
0.000844846556
0.1914712611
-0.001158286393
-0.2116839254
0.004185919782
0.2128535372
-0.005355403232
-0.1024490067
0.004338082811
0.1027212264
-0.002285094082
-0.002325208367
-0.001915959763
0.001187319428
-0.09257107121
0.001223926784
-0.09716686697
-0.0007991306984
-0.0008399350571
0.002816596277
-0.1000352466
-0.001542501612
-0.001567106884
0.004162458941
-0.1021827559
-0.002195573933
-0.002233135868
-0.01292492916
0.01360439686
-0.09045766865
-0.003083156437
0.001995669589
-0.2014872625
0.09806946695
-0.09766802168
0.0008224815173
-0.09418846433
-0.001883431633
0.09477011535
0.0008800569898
-0.002008111704
-0.205994127
0.1007600883
-0.1004633734
0.002519881374
0.001081115774
0.09845020087
0.09906992834
0.002101730078
-0.09872592551
-0.001209920666
-0.001235812244
0.04912209567
-0.0009812613278
-0.04885727382
0.001770048237
-0.001053608757
-0.04812288976
-0.0007455177227
0.001404452713
0.04819958944
-0.0007356346767
0.003591507024
-0.004788216416
-0.2104868393
0.1029329717
-0.102659747
0.003889234237
0.002698306754
0.1010429067
0.101408574
0.003474940482
-0.1011449641
-0.001852374797
-0.001886175638
0.02514833519
-0.0009837766453
-0.02520853223
0.001043973688
-0.04933489916
-0.0009500597948
0.001944959306
0.0493694254
-0.001029425752
0.004055327309
0.1032157272
0.05186464886
0.002454259969
-0.002538121455
-0.05178078738
0.02705118542
-0.002008710392
-0.0267990207
0.001756545671
-0.02616647885
-0.0009941742509
0.001148572712
0.02601208039
-0.04182215513
3.44448899e-05
0.04247716717
-0.0003347393795
-0.0003547175516
0.04578961529
0.001065762857
-0.04535187144
-0.0008116148037
-0.0006918918951
-0.006818224675
-0.03854300957
0.03843864435
0.006922589891
-0.0003568145038
-0.000299129296
-0.04116621133
-0.0007092254028
-0.04803904364
0.001355736472
-0.0007303571896
-0.001198434572
-0.04710800265
0.001074795273
0.04723164195
-0.09574779693
0.0003665603565
0.09625257243
-0.0008713358488
-0.04691988312
0.04699992046
-0.0006070429961
-0.0006714289186
0.0241371901
-0.0007246862214
-0.02412172928
0.001058369372
0.04606909907
-0.0007405230333
-0.0005973301229
0.001156069456
-0.04683823111
-0.0006023538509
-0.0006353676159
-0.0009540092861
-0.04934333447
0.001889912703
-0.0009274681124
-0.001041968771
0.00176186999
0.04928228407
-0.0008800896156
0.002290037332
0.0994094858
-0.001301482373
-0.00132811242
-0.02489692832
0.02496410494
-0.001109145388
0.02448056459
-0.0009012954999
-0.02453327837
0.02412883864
-0.0007371662625
-0.001194586159
-0.02468360349
-0.001034121805
-0.02629169951
0.00115934247
-0.0009933873435
0.001061877722
0.02507984481
0.003643322407
0.1016677922
-0.001932238408
-0.001970302217
-0.02533974327
0.0252016459
-0.0008552899759
0.02677241197
-0.0008041597136
-0.02700237406
0.02446070439
-0.0009301995976
-0.0008471626333
-0.02547635728
-0.001448039119
0.001495040741
0.0270041838
-0.002582493617
-0.02757307422
0.02738676861
-0.00126173351
0.02651155361
-0.0007333158932
-0.002257480194
-0.02732430442
-0.009541455588
0.00887378805
-0.1979572316
-0.0935954909
-0.002508933199
-0.09179038546
-0.01070063801
0.09146197055
0.09041803239
-0.005866536936
0.005292566726
-0.08984406218
0.04227436344
-0.0417298135
-0.0009013644531
-0.03960545392
-0.006735941862
0.03952317111
2.963492816e-05
-0.0005706396848
-0.09520679218
-0.04699222166
0.001040288462
-0.0456726646
0.0007775622416
0.04595347173
-0.04533239448
0.0007254927331
-0.0004894949989
0.04279830333
-0.004528014225
0.09108834766
0.003857698957
-0.01959935101
-0.0001062475615
0.01952473513
0.0001808634401
-0.00453598986
-0.01518918232
0.0149397293
0.004785442877
0.0007159544907
0.01739326593
-0.0009833368591
-0.01712588357
-0.03314333076
-0.09343241855
0.04553362059
0.04404739585
0.01844024437
0.0185544885
-0.007921903844
0.008876963006
-0.03949806873
-0.001117614809
-0.02485239329
0.001261032354
0.02470897575
-0.05095631197
0.002606092577
0.05101254848
-0.002662329092
0.05122822418
0.002757174099
-0.002828138789
-0.05115725949
0.004617073982
-0.01862997676
0.02634694684
-0.01233404405
-0.0001784648998
-0.01964988812
0.0002290020121
0.0439972033
0.0006682188904
-0.04355219635
-0.0005559724309
-0.0005572534006
0.02166832335
-0.02194001438
9.32261281e-05
-0.02043711108
0.002997698926
0.02205648614
0.02214435801
-0.02412541838
0.001956000791
2.505958105e-05
0.0001731264489
0.02138894934
0.0008008309902
0.04440985367
-0.000590636399
-0.0006228449612
0.03920617596
-0.003280111178
0.002730290358
-0.03865635513
0.01794553662
-0.01749247151
0.0002628893788
-0.01640990466
-0.003996158256
0.01587007305
-0.003103270596
-0.01968379231
0.002349951827
-0.001428396768
0.000772510724
0.01860142266
-0.002254601525
0.03984188334
0.00161889414
0.01799994163
-0.002035072461
-0.003102928743
-0.01863031862
0.02398149674
0.0006746718269
-0.0007797370744
-0.02387643149
-0.02057255938
5.15035304e-05
0.02051580482
5.251027586e-06
0.0007125140745
0.0240309535
-0.0007619708332
0.04653571203
0.001080897902
-0.04640671841
-0.0006287005223
-0.000581190995
0.02094073845
-0.02096316426
3.625879623e-05
-1.383298366e-05
0.0005980764082
0.02147289451
7.338709708e-05
-0.02062133311
5.161349129e-05
-2.839757327e-06
4.271172069e-05
0.02089536989
2.656840045e-06
0.001096866648
0.0466518945
-0.0006209349659
-0.0005921141506
0.02486913279
0.0008529717809
-0.0008396925119
-0.02488241205
0.000923394204
0.02479704021
-0.0008513016301
0.02413313424
0.0008139341364
-0.0008145593234
-0.02413250905
0.0008226606075
0.02413802093
-0.0008275473065
0.02451245998
0.00130420434
-0.001369346007
-0.02444731831
0.001554259141
0.02482846318
-0.001870262338
0.02609079539
0.001210484153
-0.00142842688
-0.02587285267
0.001104596533
0.02614811667
-0.001161917803
0.002800089719
-0.002863288419
0.02458616798
0.001063570643
-0.0007902900551
-0.02485944856
0.02433235732
-0.0008638041515
-0.04200633486
-0.02047647006
0.03777100272
-0.005799838435
0.006037164044
-0.01542650792
-0.02546427134
0.001064990029
0.02550387785
-0.05006184972
0.001891448219
0.05012364847
-0.001953246965
0.05029008637
0.002008381376
-0.002063132348
-0.0502353354
-0.04979818742
0.001750836682
0.0498666085
-0.001819257762
0.001861079796
-0.001924552218
-0.0499983773
-0.02534352943
0.001089742241
-0.05076405429
0.00240425293
0.05081348348
-0.002453682121
0.002549210344
-0.002595892936
-0.05090962938
-0.02501166169
0.001222839042
-0.04935125171
-0.0008759051969
0.001800484329
0.04935006678
-0.04950956732
0.001606845211
0.04958593446
-0.00168321235
0.001712508434
-0.00178264602
-0.04972804983
0.023647722
-0.0003146524635
-0.02391405033
0.0005809807923
-0.000302094953
-0.02467373203
0.0005523166056
0.02442351037
-0.02467375735
0.0009252014902
0.02462130325
-0.0008727473917
-0.02481816091
0.001353329411
0.02501909064
-0.05050974086
0.002245456793
0.05056143701
-0.00229715294
0.002359353518
-0.002412886444
-0.05071052136
0.002049867314
0.05034451547
-0.00210429641
0.002181120943
-0.002236931496
-0.0504539303
-0.02475373207
0.001239775499
0.02477702518
0.001018994713
-0.000875199219
-0.02492082068
0.02424296863
-7.253148532e-05
-0.02450833949
0.0003379023487
-0.02520673823
-0.0001212160731
0.0003556003179
0.02497235398
0.02270176483
-0.02284619197
0.0001499923495
-5.565203591e-06
-0.02617181776
0.00222458693
0.02391941079
2.782003544e-05
-0.02686963093
0.001596841602
0.02716272406
-0.001889934725
0.02471376474
0.001210894118
-0.00140153665
-0.02452312221
0.02291304446
-0.002127673502
-0.02286180063
0.002076429675
-0.0003722784693
0.0006472144412
0.02337278603
-0.0001134625984
-0.0254425257
0.0003492500737
-9.778856417e-05
-0.02615383126
0.0003379274717
0.02591369236
-0.02587876312
0.0009637382341
0.0257466584
-0.0008316335131
0.02569004407
0.0009949725201
-0.0007192931253
-0.02596572346
0.02223478733
-0.02234587588
8.658772125e-05
2.450082335e-05
8.419130669e-05
0.02256664022
5.093330015e-05
-0.01940467464
0.004404319738
0.0149443719
5.59829994e-05
-0.02431558773
0.002541659758
0.02520351539
-0.003429587414
0.01776611283
0.001151058651
-0.01906143388
0.0001442623926
0.003897800726
0.01373431774
0.0001339943654
0.01542416107
-0.001765983597
0.001462107807
-0.01512028528
-0.001000643631
0.0159327672
0.0004920375008
0.0199067946
0.0003739769892
-0.02051585406
0.0002350824654
-2.266260896e-05
0.01974043281
0.0001890244026
-0.02282347879
0.0003155299504
0.02248528623
-0.02212192231
0.0006910545784
0.02212561457
-0.0006947468416
0.02194047703
0.0006820809562
-0.0006109632442
-0.02201159474
-0.0209521441
0.0008196499285
0.02139554665
-0.001263052485
0.0007382201444
-0.0008373927242
-0.02202274972
-0.02318064398
0.0007311421837
-0.01994455897
0.003864732804
0.01997762689
-0.02231432354
0.001343639936
0.02292134604
-0.001950662438
0.02465726537
0.001132477398
-0.001470497031
-0.02431924574
0.0007132269627
0.02188640603
-0.0006591559612
0.001125346824
-0.001452011656
-0.02198765871
-0.02057967533
0.001786175006
-0.000374352049
-0.02028173395
0.0005901936315
0.02006589237
-0.01985184683
0.0002648197148
0.02002220488
-0.0004351777644
0.0006766581435
-0.001115719906
-0.02051308233
0.02028295412
0.0009354002898
-0.0009133770261
-0.02030497738
0.01983972826
6.887380778e-05
-0.01983179783
0.001361246841
0.01845151831
1.903267164e-05
-0.02234662202
0.00144524401
0.0227422192
-0.001840841196
0.02607461333
0.002039799368
-0.003046540676
-0.02506787202
-0.02263408924
0.0005444240849
0.02249566953
-0.0004060043825
0.0009706809995
-0.001027561402
-0.02228974161
-0.02027307093
0.0003818224599
5.945064862e-05
-0.02611347004
0.0004554468727
0.02591949219
-0.0002614690272
0.02532779038
0.0004353430014
-0.0002338091458
-0.02552932423
0.001500474645
0.02647045505
-0.001896316363
0.0005122413979
-0.0003227459717
-0.02630296546
-0.02111499373
1.739846911e-05
0.02108557598
1.201928381e-05
-0.02438724976
0.0005314624015
0.02423654108
-0.0003807537263
0.02378613222
0.0005198142486
-0.0003743289151
-0.02393161755
0.0008743549897
0.02472995254
-0.0009470421608
0.0005486470138
-0.0004035525621
-0.02453234421
-0.02116218773
1.787896606e-05
2.931503456e-05
-0.02076308204
1.765336505e-07
0.02069717644
6.572906279e-05
-0.0232093504
0.0005136661751
0.02306129008
-0.0003656058563
0.0005287985726
-0.0003880678905
-0.02277481992
0.0005210814999
0.02364306142
-0.0003780106989
0.0005141954142
-0.0003669318126
-0.023356614
-0.02082253744
6.185246577e-06
5.327015112e-05
-0.0261448738
0.0003156904358
0.02592402664
-9.484327802e-05
0.02527749753
0.000267422717
-5.036329685e-05
-0.02549455695
-0.02696468566
0.002011701953
0.02706473303
-0.002111749323
0.0003864121433
-0.0001310882501
-0.02640019769
-0.02442204977
0.02421155894
-9.160411776e-05
0.02353981491
-7.436610784e-05
-0.02378010126
0.0002686173697
0.02505965019
-5.077003024e-05
0.0002977594145
-8.846096099e-05
-0.02463134823
-0.02442366243
0.0004478816071
0.02419015211
-0.0002143712926
0.02347616389
0.0004768431664
-0.0002354497056
-0.02371755735
0.0004283277958
0.02510743031
-0.0002079677308
0.0004402036704
-0.0002096171582
-0.02465424894
-0.02250221505
0.00198367638
0.02256707552
-0.002048536845
0.003214422176
-0.004472410246
-0.02570669759
0.0005030448086
0.02323081069
-0.0002576915991
0.001159654401
-0.0009446120235
-0.02271725743
-0.0004763826514
0.02266331589
-0.02325298906
0.001066055823
-7.008446038e-05
0.000348201461
0.02396485163
0.001035118973
0.02463779857
-0.000895892357
-0.02180107561
0.02168969935
4.129180051e-05
0.02085415912
-0.02134677942
1.623765116e-05
-0.0221770145
0.02208192107
-2.612264464e-05
-0.02191957342
4.596633005e-05
0.00147577297
0.01937600446
2.381687877e-06
0.001854450869
-0.002487184859
-0.02623689694
-0.03083017029
0.004668089537
-9.737001906e-06
0.002203566134
0.02193552273
-0.002183939254
0.02741216876
-0.02732448082
0.002096251309
-0.004407364498
0.003262282861
0.02405812609
0.00134592253
0.02501725424
-0.001649412028
-0.02166961329
0.02168218754
-0.004419938751
0.02382164952
-0.02601625878
1.067000736e-05
0.02326625456
-9.871812098e-05
-0.001441678473
-0.02235560832
-0.0225521914
0.02245672881
-2.325974694e-06
-0.02227114388
-1.933321347e-05
0.0007511262659
0.02306384057
6.682678525e-06
0.0001041102031
-0.02265559372
-7.078819272e-07
0.0009643626776
-0.0008417603302
-0.02600136547
-0.02640630762
0.0003565865583
0.001116245887
0.02704704914
0.02176390391
-0.02189014194
0.0001362638717
-1.002584385e-05
9.752614012e-05
0.02212543116
1.183003791e-05
0.001006477973
0.02541287868
-0.0007293125824
0.001996170837
-0.00225627722
-0.02405548135
-0.02091609995
0.001429859941
8.156537818e-05
0.0001743499485
0.02161642466
-2.687069764e-05
-0.04843531177
-0.0008503236598
0.001587533888
0.04852076215
-0.04880172393
0.001300173016
0.04889682394
-0.001395273021
0.04918325165
0.001424916819
-0.001518381444
-0.04908978702
0.001103404171
-0.04839938788
0.04850327413
-0.001207290426
0.001250185572
-0.001351433439
-0.04870047607
-0.0008063579679
-0.04835708438
0.00154206471
0.001463866647
0.04927420425
-0.001554819244
0.001576047357
-0.001650468038
-0.04943514664
-0.0009255954042
-0.0493459854
0.001773300879
0.02504414746
0.0008289466445
-0.0008572990322
-0.02501579507
0.02668469562
-0.02692358
0.0006252965273
-0.02683999052
0.001658647559
0.02719304491
-0.02585369291
0.002228124563
-0.02320796569
0.001624053498
0.02356758857
-0.02421952544
0.0009478528813
0.02433383854
-0.001062165979
6.055761951e-05
0.01945125602
1.292149023e-05
0.02240008826
0.003701464259
0.0002453943193
-0.0128391053
0.0005050612458
-0.00018980622
-0.01971338068
0.0002532987748
8.574953963e-05
-0.02221557014
0.02213017253
-0.02244242455
0.0003980015608
0.02182005735
0.0004033413116
0.004168532122
-0.02832095694
2.700643776e-05
0.02513008849
-0.02391430396
0.002952747592
0.0252617187
0.00182437058
0.02152207833
0.0004711054754
-0.0003686513185
0.02124562024
0.0006451094032
0.02108085564
-0.01870400581
-0.0004502118598
0.01896997
0.0001842476722
5.346578842e-05
-0.0003308506752
-0.01957446194
-0.02014155106
0.0007952174019
-0.003337684654
0.01933921233
0.001998413955
-0.01649809135
0.02326469286
-0.01010428616
-0.002022971226
-0.01651019258
-0.01631371744
0.0003716833941
0.0006334881018
-0.01736447329
0.0004172677541
-0.01927018899
0.001273358474
0.01424137579
-0.01420634752
-3.502827335e-05
0.02937138183
-0.02069827857
0.005568272529
0.02503883319
0.004324925815
7.622828731e-06
0.02218761286
-0.02235450379
0.0002183944586
-6.73519588e-05
0.02198842156
0.0002665432562
0.02044693164
1.521223508e-06
0.02177007039
-0.0218224638
8.214944625e-05
-2.97560352e-05
0.02173594809
7.341662858e-05
-3.929432823e-05
0.02298440641
0.00205052441
3.902370306e-06
0.02229448947
0.0006905451792
-6.282414349e-07
-1.338483578e-05
-0.02103339827
8.36188433e-05
0.02374061659
-0.02391879033
0.0001647889004
0.02359110328
0.0001857721163
0.02495742489
0.0009023702192
-0.0001402638627
0.02466109223
0.0004365965273
0.02125445668
7.817396337e-05
5.380076996e-05
-0.02065857201
-1.656187318e-05
0.02250750554
-0.02265348419
0.000199779416
0.0002046152466
0.02344059011
0.0001932248897
-4.72127351e-05
0.02329289224
0.0001949106047
0.02085679477
-8.63761063e-06
0.02568498856
-0.02594007774
0.000522511896
0.000560066501
0.02644031956
0.0009348445531
0.0249613302
-0.0008520272952
0.0009017669144
-0.0008650116993
-0.02471051257
-0.0249230422
0.000547069589
0.0005245188303
0.0254290871
0.02366951049
-0.02385842513
0.0006657578115
-0.02441926449
0.0006331052848
0.02423404081
-0.0241382596
0.0007882768169
0.02413179966
-0.0007818168792
0.0212833451
-0.02134645404
2.862100953e-05
3.44879316e-05
0.0212145109
3.150897094e-05
3.732522682e-05
0.02164668339
1.188356641e-05
7.738112571e-05
0.02158537189
1.279485972e-05
4.851664066e-05
-0.01462808089
0.01457779738
5.028351117e-05
0.0211406648
4.17938518e-05
3.205224481e-05
6.85439813e-05
0.02104497127
2.714955551e-05
0.000906362492
-0.0009590186813
-0.02416686925
-0.02318998297
0.001141671676
0.0006887373757
0.02348381792
0.000355858737
-0.0001243561906
-0.02473984203
0.02476228005
0.0006387387726
-0.02504516009
0.02446320472
0.0006369776825
0.0002846761021
-0.02313286574
1.997663269e-06
0.02679046938
-0.02718991407
0.0006841207861
0.02646225237
0.0004782093628
0.02760521376
-0.02757000033
0.002189373507
-0.0007723100473
0.001187609736
1.423500677e-05
0.02302663832
-0.02384294649
0.0008004804826
1.582769653e-05
0.0003198773921
-6.40260249e-06
7.935162073e-05
-0.02245469918
2.947168539e-05
0.02556572836
-0.02585678188
0.0003704051371
0.02527538786
0.0003769282277
0.02615235751
0.0003940861648
-7.618319249e-05
0.0003717588266
3.575785177e-05
0.02612307365
-0.03082874252
0.00468679481
1.887406548e-05
0.002258624192
2.150296417e-05
0.02188446684
-0.02194369717
0.004463550065
-0.01489461125
0.005950335573
4.97606465e-05
0.0002809675945
0.0001088545537
0.0136374695
9.684824041e-05
0.01321508779
-0.002079203594
-0.01272418486
0.01358922828
-0.001080736168
0.01640731057
-0.01919152822
0.001410753373
0.01448619835
0.0008162047787
0.001104907441
0.01377620354
1.823395873e-05
-0.006744843419
0.00132951874
0.001628409967
0.0002558242357
-0.0001168895172
0.0001439416512
0.02205457997
-0.02103263635
0.002842789189
-0.005294139456
0.003434415465
0.0007821479119
0.02100976037
0.001018007784
0.001763299023
-0.0199206638
0.01823314274
0.0007741440305
0.002744522658
0.0005995064013
0.00177875761
0.0114525986
0.001010628523
0.001348312438
0.0001161190812
0.0004534201925
-0.01769085693
0.0004425027194
0.0006111596252
0.02060522157
-0.02120263307
0.001958658346
-0.004270724599
0.004177667595
-2.555379964e-05
0.0001152021523
5.865855541e-05
0.0216850389
0.0004185848113
0.0008642282887
0.02188505808
-0.02195642781
8.064990368e-05
-9.280177697e-06
7.815165413e-05
-1.555736625e-05
0.02206267522
0.0002272423353
4.57192172e-06
0.0001081302452
-1.882838271e-06
0.02409196648
-0.02425503332
0.0001804653133
7.25340782e-06
0.0001659227386
5.943111551e-05
3.049535375e-05
6.177359512e-05
0.02443592238
0.0002556652018
0.0001987680234
0.02280544289
-0.02297638464
0.0001711182761
-3.483553267e-05
0.0001867942387
3.768901547e-06
3.913941894e-05
-4.882088341e-06
0.02314364332
0.0001883883333
0.0001734439338
-7.671892217e-05
0.02571304899
0.00028769657
-0.02236406605
0.0222913098
-3.962671176e-06
-0.02244952437
-9.384957326e-06
-0.02220615349
0.02212842993
2.736026132e-05
5.278659002e-05
3.236972097e-05
0.0002712786318
-0.0007106134797
0.02672137951
0.001053967004
-0.02355338331
0.02281361841
2.915142036e-05
-0.02570892496
4.379232662e-05
-0.02257214989
-8.462728048e-06
0.0002569425195
-1.547399932e-05
0.0005781243365
-9.258399426e-05
0.02399959611
0.0003045468235
-0.021738408
0.02166263452
-1.681051467e-05
-0.02181797167
-1.204044292e-05
-0.02158188421
0.02148243612
2.508198128e-05
8.477389313e-05
-4.023580431e-06
0.0003042687379
-5.609313247e-05
0.02484032944
0.0002754138832
-0.02205126405
0.02196540208
2.97688389e-05
2.639584624e-05
-0.02189504478
-1.138785514e-05
8.034379687e-05
-9.986495479e-06
0.0002893250154
0.02140616766
2.056424701e-05
-0.02146810035
4.136843768e-05
2.68563393e-05
3.285728666e-05
-0.0002209344325
0.02395527391
0.0004558126332
-0.02395057726
0.02375649917
-0.02414438431
-0.02355840152
0.02335446078
0.0002267186616
0.0004644352185
0.0215311514
1.910199224e-05
3.511850343e-05
1.602965042e-05
4.702140075e-05
0.01898841386
0.001388760668
-0.02040932715
3.215262155e-05
0.004327938815
3.23941567e-05
-0.004296159482
0.02371003191
0.003153203085
-0.02136020532
0.02139198465
-0.02201998149
-0.03021467693
3.334172225e-05
0.005755105104
0.003758439426
-0.0003180040697
0.02297710276
0.0005717119909
-0.02313856304
0.02288910295
-0.02254601862
-0.0004185748998
0.0004878645318
-0.0001447801997
0.0007477098669
0.0208626792
3.751187156e-05
3.477714633e-05
0.00059032387
-0.02365480127
-0.0001885116625
0.02351390547
-0.02383561115
0.0009120295447
0.02323897529
0.001340986005
0.02415366555
0.0006577406283
-0.0004098630014
0.0007279174062
-9.981264299e-05
0.02156062494
2.92617673e-05
2.533385869e-05
0.02199202404
0.0001268267592
-3.69297318e-05
-5.190557182e-05
0.01489587741
0.004477629105
2.497946103e-06
0.01492569935
-2.982194079e-05
0.006003769348
-0.02190824029
0.02634643488
-0.02435852571
0.004015860184
0.003444524083
0.0232498289
0.002192712527
-0.004504911543
0.003396214729
-0.01479531925
0.03060141411
0.005876092688
-0.01480397623
8.656978797e-06
-0.01924345193
1.953695098e-05
0.004577081412
8.073915562e-06
-0.0001831924105
0.02290397091
0.0005454760577
-0.02136758227
0.02117141228
1.297758168e-05
1.613573153e-05
-0.02070024068
1.511027278e-05
0.0004611911698
9.980431524e-06
0.001009553769
0.02236403607
0.0001003908527
-7.698111686e-06
0.0001079825495
-1.509035831e-05
0.02279499134
0.0002665420848
2.307146863e-06
0.0001383389363
1.058680884e-06
0.0001145726461
-0.02201091927
6.204690804e-06
0.02439493229
-0.02469294331
0.0004125836699
0.02408846576
0.0004427304001
0.02498543977
0.0003874742246
-0.0001049990088
0.0003974954725
9.512874275e-06
0.0005267165265
-0.02139258978
-5.022670015e-05
0.02272220735
-0.02332814511
0.001132654284
0.002208370129
0.02375106145
0.0005117542596
-0.0002618687402
0.0006847850781
-3.803385702e-05
-0.002283852785
0.002519062981
-0.2283833503
0.003337213058
0.2279505515
-0.2282453831
-0.00304238142
-0.2289038479
-0.001923790562
0.2287117638
0.003639524944
-0.2281704364
0.004645093248
0.2277369003
-0.2280938092
-0.00428818435
-0.2288530208
-0.002660616621
0.2286438677
0.004986394364
-0.2280351004
0.006289552794
0.2276423473
-0.2281166392
-0.005806754164
-0.2288565291
-0.003467489852
0.2286548103
0.006755213342
-0.228103515
0.00812466434
0.2279534787
-0.2283706586
-0.007695714945
-0.228928848
-0.004197195372
0.2287974031
0.008482052441
-0.2284263488
-0.003136908439
0.003489277606
-0.2272629434
0.004739665647
0.2263964202
-0.2268396805
-0.004296405355
-0.003388775748
0.2276229961
0.00541688838
-0.2267017417
0.008914714707
0.224357289
-0.2255968095
-0.007645147923
-0.004812189165
0.2273123098
0.01024254539
-0.2252898602
0.01435657726
0.2236394265
-0.2249647995
-0.01298722614
-0.007083543957
0.2269687734
0.01567350823
-0.2250213338
0.01914729921
0.2247714829
-0.2257972483
-0.01809219211
-0.009770469448
0.2273866908
0.02006309239
-0.2262287963
-0.01063859535
0.01201050133
-0.2281360926
0.009179474699
0.2240221339
-0.2234751463
-0.009694199453
-0.004538809658
0.2257397291
0.01032465546
-0.2219307441
0.01597367825
0.2173055616
-0.2193152208
-0.01389130835
-0.009098369694
0.2228825712
0.01809227158
-0.2188538264
0.02424033026
0.2167147535
-0.2186366767
-0.02224985627
-0.01537107824
0.222133142
0.02614277609
-0.2189271557
0.03119307684
0.2193768096
-0.2208908423
-0.02964297532
-0.02118774672
0.2236034411
0.03259159818
-0.2219096397
-0.004471034298
0.006101331578
-0.221723992
0.01258237778
0.2128888436
-0.2152660887
-0.01012991635
-0.01624285197
0.2255102322
0.01534454893
-0.213791877
0.03197607916
0.2099906574
-0.2180390916
-0.02382478063
-0.01585095738
0.2155888944
0.03538620477
-0.2134441149
0.0352357433
0.2108118263
-0.2109635835
-0.03500860745
-0.02412581659
0.2147182134
0.03538534887
-0.2115881186
0.03765131646
0.2136806468
-0.2145116189
-0.03679317503
-0.03179718693
0.2177705543
0.0390472962
-0.2158332539
-0.004669499236
0.006501668718
-0.2153479357
0.01148471638
0.2046037783
-0.2063617643
-0.009626658177
-0.01044893233
0.2106676484
0.01456953716
-0.2043852101
0.02097967622
0.1996050315
-0.2015333138
-0.01894011387
-0.02066817749
0.2061009383
0.02295156936
-0.2014779527
0.0295469358
0.2021813428
-0.2043955514
-0.02727280896
-0.03622676329
0.2118491561
0.03260183348
-0.2063585386
0.04238532121
0.2074544518
-0.2104095367
-0.03942959585
-0.03944299928
0.213489393
0.04572676825
-0.2093746437
-0.002711404443
0.004002787426
-0.2089123249
0.008887903269
0.1970872637
-0.1987124143
-0.007144471504
-0.01022247625
0.2024849627
0.01066375512
-0.1966618159
0.01539273198
0.1933805186
-0.1946990736
-0.01396029657
-0.01703200175
0.1968528919
0.0167751154
-0.1952873539
0.02025912136
0.1971235452
-0.1978564922
-0.01948604377
-0.02502038063
0.2001154557
0.02069756949
-0.1983140006
-0.09231846579
-0.01239684882
-0.03716921136
0.1991960407
0.09552174102
-0.01889112645
0.01988664984
-0.09651726439
0.0965155165
0.03071875098
-0.09805177349
-0.02918249399
0.02742882434
-0.1030856777
-0.02365910946
0.09931596282
7.19730887e-05
0.0008942780022
-0.2047860955
0.004546459232
0.192147524
-0.1932920793
-0.003272429502
-0.005487301843
0.1958083631
0.005791390972
-0.1912040847
0.008868424945
0.1894553332
-0.190198951
-0.008007056822
-0.01120809735
0.1920643204
0.009499612286
-0.1912970681
0.196914197
-0.1965364501
-0.009887181009
-0.01610203985
0.1965319828
0.01415516669
0.1976061571
-0.01426790185
-0.195320343
0.1952105584
0.006831053226
0.007433898111
0.009486074807
-0.196237975
0.008581500838
0.008957884023
0.0895128812
-0.008935130762
-0.08740156587
0.08736022305
0.004154015987
0.004845210852
0.01150795177
-0.08763789824
0.002535524596
-0.001781107488
-0.2016346405
0.001079537295
0.1883493929
-0.1892046626
-8.497158113e-05
-0.002243600087
0.1910983589
0.002044817055
-0.1872299329
0.004131283322
0.1874036946
-0.1877825724
-0.003629234122
-0.006644953691
0.1888048712
0.00437333207
-0.1897971398
0.1996764378
-0.1988434842
-0.003886773714
-0.008080070953
0.1974353894
0.004920026466
0.2004430603
-0.005876079661
-0.19752848
0.198686088
0.001717167542
0.002045250935
0.003056100415
-0.1964845416
0.002644507193
0.000155612652
0.09462069952
-0.0007902411283
-0.09329369633
0.09401500715
-0.0003115599849
-0.0002541381789
-0.09249251549
-5.443202031e-05
-0.0001313277001
0.004163922601
-0.003462813125
-0.1990112353
-0.0009213154181
0.1852934163
-0.1860011067
0.001780057022
0.0002714378213
0.1875261267
-0.0001284648852
-0.184252693
0.001253683093
0.1866297421
-0.1867444417
-0.001009729308
-0.003042252537
0.1871180359
0.00121696618
-0.1897821974
0.203732369
-0.2026573115
-0.0001690292523
-0.002866823024
0.2006222177
-0.0002212493757
0.2048541035
-0.0009199621341
-0.202247656
0.203396265
-0.0007779437294
-0.000591914644
-0.2010686294
-7.375254004e-05
-0.0002838906515
0.09835930262
0.001689308173
-0.001015002899
-0.001055504045
0.04890350409
-0.04880823742
0.001154918904
-0.04850669414
0.001004407003
0.0486056913
0.005963786221
-0.005362959211
-0.1965202857
-0.002980606776
0.1826962159
-0.1833610099
0.003807195879
0.002141852182
0.1846153722
-0.002196484872
-0.1819858676
-0.0008559855339
0.1866643067
-0.1867427103
0.001068196673
-0.000512963877
0.1865702539
-0.0009534399616
-0.1908366945
0.2085441831
-0.2072135203
0.002282250544
0.0005590589635
0.2048531904
-0.00350645561
0.2093884889
0.002375088607
-0.2067352043
0.2078280394
-0.002371084125
-0.002228206569
-0.2056405217
-0.001867263011
-0.002013325069
0.1008813761
0.003139823122
-0.001691243663
-0.001723328236
0.05017268599
-0.05010841564
0.001796809453
-0.04990291597
0.001682460794
0.04997129186
0.003069030209
0.1820801974
0.0008474184842
0.1867972492
0.002818877848
0.2099309924
0.004681851469
-0.002895469544
-0.00296821724
-0.003604721055
-0.1057094336
0.003312567636
-0.2100616818
-0.003203181787
-0.003317098806
0.1054638271
0.1057627321
0.1030013307
0.004514256594
-0.00237773762
-0.002416623262
0.05112977642
-0.05107302229
0.002492456219
-0.05089748887
0.002344901595
0.0509568402
-0.09160942845
9.57981988e-05
0.0002084341926
-0.001896109665
0.0005492151303
-0.09066599318
0.000403459265
-0.09182062187
-0.002646558996
-0.001057071196
-0.04840546503
0.0009558420879
-0.0009003358178
-0.04807237289
0.0007862221342
0.04818648658
-0.09672935739
0.0009637898532
-0.0006792933442
-0.0007220060912
-0.04983241873
0.001642011202
-0.04960991674
0.001530845833
0.04968591611
-0.09972864068
0.002645444012
-0.00146132924
-0.001490720702
-0.05083900473
0.002300869385
-0.0506531451
0.002174999687
0.05072360221
-0.1019239236
0.003985430036
-0.002108098424
-0.002136163893
-0.04002591705
-0.007501440721
-0.02592161088
0.08929379662
-0.01757251215
0.09415992128
0.0189343319
-0.1044794703
0.1015151762
0.03039311841
0.03237584594
-0.09508951351
-0.1998691977
0.0002817974537
0.0005144403809
-0.003350679142
0.001217836213
0.0009497332668
-0.004390576095
-0.0963430485
-9.49684551e-05
0.09680457731
-0.09837163126
0.09867704694
0.0009124205356
0.09972979068
-8.598335265e-05
-0.09936200988
-0.09698543981
0.09726877859
0.002772761638
0.001317914126
-0.09797237784
-0.09584492128
-0.0004684922849
-0.2045298244
-0.00164151951
-0.001477289497
0.001159045528
-0.001061959656
-0.001230645218
2.121636913e-05
-0.09951780248
0.001962695608
0.0998451442
-0.1009855349
0.1012575041
-0.00133392888
0.1021429547
-0.001943941676
-0.1018405325
0.1000228835
-0.0003668453746
-0.001109713367
-0.1006537652
-0.09917352803
0.001757455625
0.0492794689
-0.04918715131
0.001332599237
0.00120260395
0.04900107316
0.001897702735
-0.001113472836
-0.001150852779
0.001720424512
-0.04863840376
-0.0009914416903
0.04891202688
-0.04877800665
0.001586404277
0.04906032963
0.001621745491
0.04829483484
0.001307332687
-0.04819771481
-0.001450400862
0.001357206157
0.04838802955
-0.0007610233838
0.04827831456
-0.0007681025906
-0.2089342631
-0.003018583026
-0.002897052049
0.004174324321
-0.002577487792
-0.002703060296
0.003076615929
-0.1018556485
0.003380909505
0.1021180614
-0.1032493556
0.1035065713
-0.002834703468
0.1043672631
-0.003321584847
-0.1040642613
0.1024022638
-0.002126572135
-0.002662141706
-0.102958298
-0.1015865155
0.003205807482
0.05041512996
-0.05035887398
0.0019521254
0.001828444966
0.05023568924
0.003307189681
-0.001768616538
-0.001802161106
-0.02539975642
0.001027488503
0.02533600615
0.05002578142
-0.05000637599
0.002071213687
-0.001057542401
-0.001033076715
0.05004409151
0.002106780484
-0.001070178681
-0.00105491189
0.04959690094
-0.04953897259
0.001887030957
-0.002047917319
0.001930298769
0.04971451949
0.04960541114
-0.001073008937
0.104641925
-0.003477843641
-0.003911945398
-0.1052715772
-0.1038117475
0.004555241657
-0.002411856905
0.05140649451
-0.05133514758
0.002685827175
0.002535085016
0.05120078398
0.004700254146
-0.002476655621
-0.002512360364
0.05158777902
0.05170231348
-0.02491443341
0.001980726627
0.02547536654
-0.05065510868
0.002870495256
-0.001707650139
-0.001656806321
0.02561559645
0.02553347344
0.02561323876
0.001438065222
-0.001491437806
-0.02555986617
0.05061746037
-0.05065594048
0.002470435748
-0.001262623766
-0.001169331865
0.002517620179
0.0505704839
-0.001260071554
-0.001210572158
0.02551844359
-0.02568050827
0.001157037202
0.04305219833
0.0003004873434
-0.0004479767465
-0.000427541756
0.02174771345
-0.02160856568
0.0005990723782
-0.02085029657
0.0005369656315
0.02113298086
0.02387999766
-0.02363426706
0.0008867467999
-0.02243533246
0.0009698590602
0.02280911334
-0.0448503222
0.001017453454
-0.0007635926336
-0.0007554100573
0.005509269807
0.03836177657
-0.005432402026
-0.03673622842
0.03685317818
0.005392320044
0.007355920669
-0.0371695592
-0.04068996488
-0.0005941160052
0.02081131317
-0.0001757104748
-0.03988626692
-0.000363167775
-0.04051221169
-0.0008297101086
-0.04772244053
-0.0006601152262
0.001238568569
0.04785650127
-0.04797279073
0.04808371379
-0.001011258868
-0.00116209486
-0.04829436421
0.0006848334187
-0.0474714235
0.04759891671
-0.0008123266239
0.0008348415571
-0.0009414049266
-0.04786622736
-0.0006990806161
-0.04755967741
0.001210989323
0.0006746148932
-0.0005586917079
-0.0005927081448
-0.04796219528
0.0007246639494
-0.09524861322
-0.0007203320584
0.04785407628
0.04792836657
0.04717579532
0.001266831285
-0.0006596923614
-0.0007830137835
0.02296347249
-0.02284782045
0.0008550289598
-0.02297054467
0.0006113604926
0.02290360826
0.0251328269
-0.0252951763
0.0005976924062
-0.02574262144
0.0005975981742
0.02560047014
-0.02412879305
0.0007119191465
0.0241160141
-0.0006991401993
0.04625971202
0.001051363967
-0.0006721313828
-0.0005698455289
0.02386854234
-0.02392905389
0.000609158573
0.0007825809199
0.02397177173
-0.0230468557
0.0006051096026
-0.02327437987
0.0005905166861
0.02319752936
-0.04674982415
0.001132598716
-0.0006043400768
-0.0006166655938
0.001855308285
-0.04934956211
-0.0009238791479
0.04949255301
-0.04945267358
0.001815428853
0.001843493125
0.0491710683
0.00165113132
-0.001749447488
0.001668270577
0.04925224521
0.04932978285
-0.0009679996281
0.002475110008
-0.001384528213
-0.001409736681
-0.04953144799
0.001497578615
0.001378865382
0.04936447016
-0.000983483987
0.02506749931
-0.0256681909
0.02574512143
-0.00106041452
-0.0254518527
-0.001325483586
-0.02434989816
0.02423315214
-0.0007845494848
0.0008844934465
-0.0007657844527
-0.02446860715
-0.02457625304
-0.0007693216886
-0.02412996129
-0.02460280648
0.0006237456653
0.0006004126618
0.02496074203
-0.02507541857
-0.001571020291
0.001226984035
-0.001658117581
-0.02464428502
-0.02451022821
-0.02613840224
0.00140603546
0.02632920838
0.05066363852
-0.05055572444
0.002451645633
-0.001359882413
-0.0011996773
0.002451969231
-0.001289789539
-0.001154481652
0.05006667907
0.002147468788
-0.001088214384
-0.001081841963
0.002184665324
0.05008822274
-0.001096856582
-0.001109352419
0.02487967941
-0.02495058924
0.00108990454
0.003813916018
-0.002016113511
-0.002053933853
-0.05059197658
0.002119952418
0.001993948827
0.05047104845
-0.0008628158417
0.02506316541
0.001001296331
-0.02533182824
0.02510581484
-0.0006368024453
-0.02555555858
-0.0006315596391
-0.02738121296
0.02705526261
0.0009721396774
-0.02766923186
-0.02716415124
0.001133916861
-0.001010052201
0.02444133084
-0.0241380017
0.024091793
-0.0009638434923
-0.0008350491583
-0.0257778808
-0.0006248404057
0.0008397975335
-0.0006176381859
-0.02600004015
-0.02561213517
0.0009755754242
0.001476618137
0.02560850031
-0.001471879683
0.002732278897
-0.0007665947379
0.001106813221
-0.02692010373
-0.02738135676
-0.0007129252946
0.02624148486
0.00098299405
-0.02671603289
0.02637486642
-0.02738021276
0.003495720787
-0.02618913873
-0.02642232756
0.002593743927
-0.1956761871
0.003785861958
0.004279571582
-0.01128631878
0.005680826883
0.005139863203
-0.01162994075
-0.09196681208
-0.005010220799
0.09244901865
-0.09598760437
0.09607619354
0.005592237711
0.003404793053
-0.0966043709
-0.09614698243
0.09592499788
0.009708059352
0.006667242413
-0.09582379356
-0.09158819496
-0.006245154052
-0.08793114923
0.002068698086
0.08876344738
0.002391570493
-0.006969372408
0.003385092162
0.003013354065
-0.007300553389
-0.0402069146
-0.002716619388
0.04066893247
-0.04271793953
0.04284334877
0.003259682922
0.04372106764
0.00172151491
-0.04337388446
0.006459265115
0.005657571246
-0.08484090022
0.04188999473
0.0423420209
0.003890294967
-0.04245421851
-0.03984580742
-0.003641218355
-0.09466293545
-0.0005973942682
-0.0005589231886
0.000237317993
-0.0004181971937
-0.0004670490967
-0.0003487746599
-0.04656488154
0.0009391710952
0.0467225771
-0.04683132698
0.04699481842
-0.000581688638
-0.0007558930129
-0.04731292476
-0.04600125902
0.0462149115
-0.0002680844978
-0.0005132119669
-0.04662967499
-0.04638605364
0.0009020699986
-0.04417218432
0.0004041830984
0.04456883222
-0.04493994218
0.0452093329
0.0002798244102
-0.0001632288791
-0.04574223194
-0.001583241099
0.04399499615
0.001309312591
-0.0008076688664
0.0004841387337
-0.04461641205
-0.0437497996
0.0002458341661
0.002775188265
-0.003507462477
-0.08969313277
0.0009946589854
0.001344772474
0.003410625208
0.01492958869
-0.003400484598
-0.01402565342
0.01393765976
0.003498618879
0.004933919575
-0.01417413012
-0.01667732466
0.0007735647557
-0.01604013605
-0.01660409652
0.0002517777042
-0.01802024805
-0.04552228978
0.04467038221
-0.02114452959
-0.04342029847
0.04147423278
-0.01210272887
0.01368096324
-0.04305246715
0.04257525728
-0.04570656453
-0.01801322234
-0.04602554105
-0.01841520998
0.04642050297
0.01637957073
0.006097266097
-0.03350073026
-0.01118584966
-0.01697242416
0.03907121138
-0.01144894477
0.0407636396
0.01215953795
0.05046568596
0.002698608376
-0.05047365199
-0.001309674073
-0.001380968279
0.002820512443
-0.001438518771
-0.00157141639
-0.02464668718
0.001728424603
-0.002724487284
0.05108400953
0.002653026235
-0.05078401895
0.05088004411
-0.05074773966
-0.05098340217
0.05107005803
-0.001476729425
0.002767137191
0.002693887237
0.02194762613
-0.0219177966
0.0006522514341
0.0006084415688
0.02183032646
0.000506448109
-0.0005092519846
-0.0004971941513
0.0220661811
-0.02101871851
0.001950236339
-0.002623780666
0.001810769168
0.02287919259
0.02313416973
0.0009263508647
-0.000659269507
-0.0007075498925
-0.02218701514
0.0008770294986
0.000673644892
0.0219872082
-0.03737463654
0.000840660772
0.03814976479
0.001114501333
-0.003963537322
0.003442078957
-0.004258115884
-0.01619316557
-0.001333537957
0.0165260599
-0.035129652
0.001495201917
0.001123241774
0.01787629595
0.01807699132
0.000495563281
-0.01835890832
0.03476836367
0.003965807307
0.003583224696
-0.034961475
0.002781731696
0.002249300013
-0.01599423518
-0.001964913987
0.001359898197
-0.01977033203
0.02031910327
-0.02010616632
0.001146961249
0.001650336591
0.01881758931
0.0002298298483
-0.01827490843
-0.001131852251
0.0005326996924
0.01941674187
0.01946798437
0.0007974340028
-0.001467762357
-0.03904007977
4.712642288e-06
0.000278367309
0.02545916478
-0.02478631665
0.001366951247
0.001084874243
0.02332384226
0.02382498301
0.02381185152
0.001352244836
-0.0008643157511
-0.0009489682928
0.0006601852795
-0.0006931509333
-0.02409582739
-0.02586085077
0.0006304707292
0.001137563004
0.02582207642
0.02357219197
-0.02364361376
0.0005912360365
0.000607487075
0.02379251766
0.001069373724
-0.0006444486387
-0.0005719314809
0.001117859389
-0.0006129807335
-0.0006028083059
-0.0233509167
0.0005907322486
0.0005951747241
0.02349809875
-0.02530149074
0.02518638426
-0.0007245860318
0.0008452803627
-0.000724563642
-0.02542220746
-0.0249627271
-0.0008509983568
0.02477213337
-0.02506388148
0.02494672515
-0.0007338420255
-0.0007287988538
-0.02406636708
0.02402561928
-0.0007738115256
0.0008035539195
-0.0007612796776
-0.02410864132
-0.0241353131
-0.0008500903433
0.02413778762
-0.02398898924
0.02396507753
-0.0008261786287
-0.0007909172657
-0.02400249568
0.02397413568
0.001085583128
-0.02417604927
-0.02451676218
0.001155026996
-0.002435389918
0.02545327349
0.001810579601
-0.02429658587
0.02525741068
-0.02658982147
0.02691489321
-0.00175349862
0.001675356502
-0.002331787265
-0.02593339071
-0.02549011786
0.001292621695
-0.0009772883118
0.02610195705
0.001023447925
-0.02695309304
0.02683413829
-0.0008583335638
-0.001200117626
-0.001436178942
-0.02466023275
0.02431267309
0.0007574186743
-0.02500506775
-0.02513626301
0.001034233119
-0.001041168174
0.02412409901
0.001249426482
-0.0239606232
0.0236042401
0.01805658605
-0.01774513753
0.009760920797
0.009671070193
0.01802756321
-0.007860341731
0.01702713161
0.008889796173
0.04997665814
0.002009455309
-0.04991760436
-0.001062586733
-0.001005922355
0.002037432847
-0.001050431836
-0.001016718861
-0.02545091131
0.001015517572
-0.001991799632
0.05018464478
0.001930803321
-0.05002981347
0.05007544669
-0.04997360513
-0.05012427907
0.0501679272
0.002022381308
0.001971690689
-0.001855480589
0.0499333742
0.001788714895
-0.04974582026
0.04982063844
-0.04967804706
-0.04990235299
-0.001995804349
0.001883148777
-0.00196486333
0.001818145674
0.002076293363
-0.001286613848
0.02514416533
0.02501748882
0.04982594952
-0.001065018694
-0.001022440489
-0.002495579533
0.05085921844
0.002449844569
-0.05068626716
0.05070830781
-0.05066951354
-0.05072578935
-0.002617843247
0.002545813939
-0.00256329548
0.002495403007
0.001176417894
0.02534850367
0.05052223324
-0.00126437662
-0.001250668194
-0.001273207658
-0.00129605434
0.04940601495
0.001750807092
-0.04935633772
-0.001826102246
0.001779443619
-0.000923830664
-0.001718640816
0.04965589666
0.001648678615
-0.04949358997
0.04955439278
-0.04942599523
-0.04961719996
0.001752621673
0.001680468503
0.0005621960098
-0.0241719776
0.02412720206
-0.02433079051
0.02392363337
0.02453333358
0.0007530225028
-0.02473403948
-0.0005560795953
0.0007586226688
-0.000878828933
-0.02458881342
-0.0247085383
0.05033380722
0.002392042069
-0.05016964507
-0.001258308346
-0.001297895865
0.002443267297
-0.001364296633
-0.001300887886
-0.02578490516
0.001500953796
-0.002338968027
0.05064922949
0.002251175542
-0.05045246949
0.05055676876
-0.05035758036
-0.05063043075
0.002377983645
0.002316691782
-0.002145592426
0.05039910881
0.002090999088
-0.05021109958
0.05025017248
-0.05029904923
-0.002295462626
0.002188804934
-0.002237681684
0.002133983438
0.001098118567
0.02481667982
0.05010353554
-0.00111482877
-0.001138165711
-0.001156275224
-0.001205296934
-0.0248759179
0.02463769636
0.0008686357188
0.001010980454
0.02532262382
-0.02559858314
-0.0003593387084
-0.001321835351
0.001320408165
-0.02780345747
-0.02750401869
-0.02417501008
-0.001727489023
0.02450096245
0.001154800306
-0.001238017392
0.001242019593
-0.02309426645
0.023599953
-0.0235959508
0.02394889365
0.02373579865
-0.0008239956357
0.0003424303254
-0.02567697348
0.02587417348
-0.02614938134
0.02642479593
0.0006130124968
-0.02669988096
-0.0003371097297
0.0006125243266
-0.0008331934145
0.0009677166487
-0.02622070924
-0.02643933026
-0.02603320661
0.02569084172
0.000712064941
0.000987826334
-0.004036306064
0.002817493892
-0.02427510923
-0.02324114657
-0.01424133553
0.01462270717
-0.002382879369
-0.00257357596
0.01269283171
-0.0132563661
-0.0004223613267
-0.0002489679865
-0.01513297863
0.02273695456
0.0005782030782
-0.02299962769
-0.0001528265727
0.0004473565778
-0.0006266184045
0.0220796843
0.0006725486692
-0.02250320325
0.02232394143
-0.02261974702
-0.02211917005
0.02191154812
0.0006027729372
0.0006708624971
-0.001239929758
0.02177997785
0.0008554985616
-0.02174416325
0.02231500266
-0.02105697939
-0.02259551174
-0.0008616279978
0.001050505725
-0.001331014811
0.00080773385
0.001581935717
0.0231301135
-0.002220246056
0.02368284114
0.001458750956
-0.02278805751
0.02400222692
-0.02189593076
-0.02494462828
0.02529850183
0.002010346235
0.001373941643
-0.0007795711633
0.02188061368
0.0007853635194
-0.02172349763
0.02158903587
-0.0215846434
0.00102240026
0.0009153552274
0.0201246717
0.0005885534428
-0.02012303151
-0.0007489805264
0.0007674859046
-0.0006031082577
0.02026214537
-0.02005607678
0.02022045443
-0.0199027011
-0.02052236271
0.0008450529711
-0.002984680939
0.02375604176
0.001970858382
-0.02172950013
0.02292248679
-0.02161168298
-0.02492499798
0.02620338312
0.003565761339
0.002253931074
-0.000464694103
0.02236955246
0.0005908111757
-0.02218222364
0.02198407279
-0.02236983356
-0.02177501609
0.0006276415067
0.0007074523552
-0.0002461167623
0.02572521683
0.0004403921249
-0.02540097535
0.02523301024
-0.02558179447
-0.0250727908
0.02491239828
0.000242368885
0.0004382614789
-0.0009732708743
0.02646001821
0.0009837077132
-0.02635759116
0.02607486547
-0.0257964102
0.0005056976064
0.0006627503552
-0.0003692437544
0.02408384118
0.0005219436624
-0.02445518466
0.02425186365
-0.02465547308
-0.02404953483
0.02386097803
0.0003671177192
0.000519341342
-0.0006204550483
0.02466045976
0.000689947832
-0.02525382989
0.02506997137
-0.02486025761
0.0004653789558
0.0005934945019
-0.0003728589848
0.02291676192
0.0005173871383
-0.02292006376
0.02273399901
-0.02311455134
-0.0225532862
0.0003804922245
0.00052243423
-0.0003776356491
0.0235005364
0.0005201606722
-0.02367619222
0.02349346718
-0.02330803922
0.0003738162936
0.0005177386951
-0.0002034871413
0.02488182492
0.0004290925386
-0.02471631412
0.02452562184
-0.02433797182
0.0002067520131
0.0004343279921
-0.0009514127748
0.001072449163
-0.02439954463
-0.02654667946
0.002726591398
0.001942967952
0.00331759225
-0.02606499166
0.02722489087
-0.02623908588
0.02756764356
0.02493316335
0.002278013162
-0.003869227124
0.002563304594
-0.001759477471
-0.02512956359
-0.02664885787
-0.0006322327142
0.0008808141012
-0.0006955336831
0.0009814056829
0.0004244897166
-0.0266924584
0.02697552711
-0.02724657108
0.02748377182
-0.0006211328279
-0.0007414310806
0.001018046752
-0.02534900336
-0.02328905366
0.001447840725
0.00151645839
0.04867200042
0.001492489802
-0.04857695633
-0.001646764958
0.001540758735
-0.0008580440702
-0.001436756436
0.04899005743
0.001343522943
-0.04878829064
0.04889229294
-0.04869107386
-0.04899389372
0.04909725776
0.001484803501
0.00138507391
-0.001257220665
0.04860225117
0.001158243625
-0.0483929556
0.04849294109
-0.04829291333
-0.04859243812
-0.001450069183
0.001301354867
-0.001400851895
0.001203129975
0.001497783157
-0.0007882761629
0.04848496081
-0.001587746543
0.04935847401
0.001503476776
-0.04919356984
0.04927409387
-0.04935150225
-0.001724961024
0.00161864135
-0.001696049723
0.001541968724
0.001751802376
-0.0008331603732
0.04930799786
-0.02570958193
-0.0007839903583
0.02563627325
0.000916295393
-0.0008807558888
0.0007849927704
-0.02713044844
0.0264819097
-0.02657767282
0.02632321587
0.02652152386
-0.02618835989
-0.001116563478
0.002456512015
-0.02455176549
0.02553125561
-0.02473286118
0.02409135633
0.001282971011
-0.02375027385
-0.002169026164
0.001527521318
-0.001167831361
-0.02428459506
-0.02406379003
-7.885584107e-05
0.01932719315
-0.01882814539
0.01928198924
-0.01841406787
-0.01965112042
-0.0005824313573
0.0002425561546
-0.0006116873311
0.001105190921
0.01991024546
0.0005243445521
-0.02619314366
0.02574541698
-0.02594563607
0.02554334285
0.02613877882
0.0007445035518
-0.0005348724645
0.0007280152131
-0.0008345572667
-0.02552874951
-0.02482584845
-0.0007477015574
0.0008622098574
-0.0007413331534
0.0005400941555
-0.02517381134
0.02493467145
-0.02513591044
0.02533906282
-0.0005306896466
0.0006530750501
-0.02404706496
0.02397661448
-0.02408481911
0.02386856077
0.02419264974
0.0007400988151
-0.02429964327
-0.0006427884775
0.0007506191133
-0.0007917895989
-0.02414981181
-0.02419152987
-0.02397759744
-0.00104521127
0.0008871257036
-0.0008996456197
0.0008701827774
-0.02331245588
0.02365381344
-0.02368327628
0.02376638088
-0.0007430740351
0.001163750845
-0.0009604397927
-0.4582173708
0.001412749546
0.4579683721
0.001768093052
-0.4582156345
0.00208498743
0.2289693247
0.2289294154
0.00247144125
0.2289351902
-0.4581806591
0.002914715337
0.2288335371
0.003406952803
0.2288722742
-0.458155289
0.003926838405
0.2287823825
0.004456600683
0.2288539687
-0.4581541885
0.00497958224
0.2287746778
0.005461729518
0.2288811378
-0.458190781
0.0058587134
0.2288649492
0.006154608965
0.228995091
-0.4582788243
0.2290404918
0.001634399218
-0.4578151509
0.002004268327
0.4574452818
-0.4580839784
0.002357989916
-0.4575623834
0.002857861603
0.4570625117
0.001677247998
0.00184085251
0.2282378863
-0.2284593178
-0.002062421319
-0.001348945358
0.2288285693
0.001933827292
0.2285760664
-0.001762449959
-0.2287634507
0.228582339
0.002114939018
0.001784380633
0.00274573952
-0.002525693223
0.2284235296
-0.228668503
0.2284382582
0.002975984375
0.002477387157
0.003709093143
-0.003460859276
0.2283291904
-0.2286346776
0.2283858896
0.003957881188
0.003278563217
0.004693389445
-0.004453742191
0.2283826618
-0.228713115
0.2285138534
0.004893248838
0.00402446161
0.005374858959
-0.005229657411
0.228651823
-0.2289251696
0.2288238688
0.005478036443
0.004546010532
0.007817539236
-0.4572823276
0.008047555927
0.4570523109
0.006754376512
-0.4567246907
0.006212291637
0.4572667756
0.002396707438
0.002708998436
0.2271079692
-0.2274103153
-0.002834562337
-0.002280390032
0.2279863689
0.003046605435
0.2275866061
-0.00274788721
-0.2278053243
0.2274815958
0.003370333942
-0.2280963772
0.003085776223
0.00447116563
-0.004082975067
0.2271318297
-0.2274597703
0.2270446909
0.00488624503
-0.2278312608
0.004435925822
0.006964877139
-0.00614192443
0.2263452201
-0.2270526995
0.2261917783
0.007845946978
-0.2276767969
0.006415374045
0.01057972925
-0.009678545693
0.2261048087
-0.2270752356
0.2262316396
0.01145011741
-0.22773414
0.009143211294
0.01363420314
-0.01300035755
0.2269820237
-0.2278948857
0.2273804661
0.01416114895
-0.2282977171
0.01126150834
0.003295355563
-0.4556088873
0.004158138953
0.4547461039
0.005891562303
-0.4556752042
0.00837029981
0.4531964667
0.009498933845
0.005416506185
0.226507702
-0.2303874812
-0.006758816117
-0.003277267749
0.2270317602
0.004233045459
0.2267436842
-0.004401648461
-0.2263431152
0.2262385918
0.004337568913
-0.2267420179
0.004087872391
0.007455951295
-0.006038556865
0.223483836
-0.2240911666
0.2225661495
0.009015952042
-0.225379085
0.007667434754
0.01419983407
-0.01242094567
0.2207553409
-0.2222240484
0.2204885282
0.01599563606
-0.2237634932
0.01377492354
0.02118181064
-0.01951189229
0.2206730366
-0.222591332
0.2210631211
0.0227588826
-0.2239765786
0.01986613339
0.02673126602
-0.02556219451
0.2231731392
-0.22515909
0.2241885178
0.02771913071
-0.2260160658
0.02430624555
0.002154152663
-0.4540686281
0.003247540585
0.4529752402
0.004077133781
-0.4519366971
0.00512893328
0.4508848976
0.003274281299
0.003174262075
0.2229038918
-0.2238345558
-0.003536577793
-0.004288598462
0.2249687144
0.005789093962
0.2232512882
-0.004405961862
-0.224103203
0.2212393184
0.008675076497
-0.2295660223
0.01343718171
0.02230380034
-0.01909545545
0.2179067381
-0.2196431376
0.2214413818
0.02058418114
-0.219338786
0.01441085663
0.02180383022
-0.02031010779
0.2133301723
-0.2144653651
0.2126466952
0.02370922772
-0.2165660921
0.02199123618
0.02991780111
-0.02792863117
0.2132529015
-0.2158409327
0.2141160997
0.03169727174
-0.2176505982
0.03003216945
0.03679517479
-0.03519850648
0.2174905192
-0.2206007338
0.2191589382
0.03825200305
-0.2219110845
0.03626604544
0.0009073196514
-0.451766493
0.001419449241
0.4512543634
0.002742204658
-0.4499410479
0.003862596573
0.448820656
0.002468156313
0.002194014499
0.2174123324
-0.2189151157
-0.003137656565
-0.003375561598
0.2216032944
0.006526546133
0.2164983321
-0.004513172049
-0.2155501089
0.2136679954
0.008467792897
-0.2174392047
0.008299402466
0.01522698592
-0.01286457225
0.206541882
-0.2074167535
0.2051294842
0.01762190991
-0.2099604717
0.01780829241
0.02540231504
-0.02258165089
0.2036115464
-0.2076918099
0.204580849
0.02860971194
-0.2131426335
0.03412636787
0.03608246637
-0.03581463672
0.2108642215
-0.2102904696
0.2088611807
0.03755136657
-0.2126462509
0.03814172695
0.0417084807
-0.04078725598
0.2131651761
-0.2143948682
0.2133663558
0.04273897096
-0.2158471306
0.04150149873
-0.0007108653435
-0.4508382728
-0.0004570814989
0.450584489
-0.0001244620857
-0.4475651789
0.0004861981015
0.4469545187
0.001489431569
0.0008230047522
0.2124551386
-0.2134419701
-0.001677202072
-0.002935673634
0.2159713092
0.005784987519
0.2103319123
-0.004159754164
-0.2082415758
0.2064955904
0.00761452187
-0.2101119553
0.008092209311
0.01380357787
-0.011668946
0.1985006489
-0.1991099458
0.197158576
0.01587769611
-0.2008433202
0.01531836739
0.01992389486
-0.01854625459
0.1966544326
-0.1985186857
0.19693788
0.02159248103
-0.2000443872
0.02329209992
0.02604496494
-0.02435299828
0.1994144829
-0.2015557811
0.1993602818
0.02824709096
-0.2039617587
0.03185886727
-0.002617057451
-0.4505701665
-0.002700385718
0.4506534948
-0.002774019461
-0.4466850441
-0.002811517262
0.4467225419
-0.001068777313
-0.001267846974
0.208911955
-0.2094937609
0.000711666686
-0.0007814298321
0.2115738598
0.00385122167
0.2053695173
-0.002451823265
-0.2023113055
0.2012113673
0.005050647559
-0.2034867256
0.004052418067
0.009189208161
-0.007767577115
0.192448314
-0.1924377823
0.1912596763
0.01050029856
-0.1937298954
0.009705166919
0.01338059799
-0.0126203991
0.1921365035
-0.1939371477
0.1934761305
0.01392384517
-0.1950933552
0.01518679854
-0.004499081776
-0.4509546425
-0.004998704102
0.4514542649
-0.005466171497
-0.4470247352
-0.006025913753
0.4475844775
-0.002890901935
-0.003235614769
0.2070725756
-0.2075761597
0.003105239363
0.001349548254
0.2084750103
-0.0006613200473
0.202337096
0.001490615922
-0.198183003
0.1973108338
0.0003178325801
-0.1991240831
0.001098986599
0.003591226696
-0.002497105689
0.1881081321
-0.1880460337
0.1871731539
0.004602611317
-0.1890021407
0.00568497609
0.006586898668
-0.006155053448
0.1900177775
-0.1924403475
0.192395958
0.006713136737
-0.1926012695
0.00817976547
-0.006360652774
-0.4521262916
-0.007157947899
0.4529235867
-0.00808470723
-0.4483888065
-0.009114005051
0.4494181043
-0.00470958505
-0.005012913054
0.2050610497
-0.2055299734
0.004708844933
0.003480867943
0.2065401373
-0.002529120183
0.1996341124
0.003286911303
-0.1949408561
0.1941907281
-0.001660750114
-0.1957085438
-0.001226825488
0.001060796833
-0.0001897549655
0.1849234683
-0.1849901881
0.1843950197
0.001804219564
-0.1856494024
0.002410867696
0.0027697814
-0.002711795265
0.1896848455
-0.1928748973
0.1932166599
0.002511919699
-0.1926037372
0.003396503032
-0.00803745118
-0.4539766232
-0.009125750725
0.4550649228
-0.01043710933
-0.450649107
-0.01179192809
0.4520039257
-0.005763660561
-0.006568400561
0.2031533838
-0.2034862615
0.006382971692
0.005056910625
0.2045830303
-0.004170597322
0.1972269916
0.004865227532
-0.1921112177
0.1914512059
-0.003380659939
-0.1927862337
-0.002994747608
-0.001006348992
0.001738148665
0.1824391736
-0.1828557996
0.1824182555
-0.0004113688823
-0.1833297136
8.182316875e-05
9.864389137e-06
-0.0001451581538
0.1903778894
-0.1945459538
0.1950838907
-0.0004433687984
-0.1940494121
0.0001970519708
0.006066979383
0.202626167
-0.007544339241
0.007763058351
-0.1894517174
-0.003965216835
-0.1901255645
-0.003897435446
-0.001706799394
0.002357341582
-0.1813153655
-0.001239262875
-0.1816530457
-0.001119485606
-0.001427647477
0.001057721512
-0.197089873
-0.002149128525
-0.1963523968
-0.001811336491
-0.0883357049
0.01430220352
-0.01554617538
0.01735452077
-0.09014405029
-0.09195611638
-0.01404772764
0.1029798892
-0.03042354018
-0.103695193
-0.03216968161
0.1016146
0.00054332728
-0.0972475591
0.09821122675
-0.09781371691
0.0001458174366
0.09858953302
0.0004441752501
0.0955847002
-0.09509861045
-0.002369521381
0.00134194083
0.0960657534
-0.001822994024
0.09532181505
0.00234199966
-0.100159929
0.100917986
-0.1006188823
0.002042896022
0.1012079739
0.002229893393
0.09895888504
0.000711763757
-0.001318731205
0.0009617665274
0.09931584972
0.09882077784
0.00371571756
-0.1023900346
0.1031352064
-0.1028594266
0.003439937819
0.103418778
0.003605662633
0.1014943747
0.002411906018
-0.002864975983
0.002589533712
0.101769817
0.1013177538
0.001043908383
-0.02527686519
0.02505315413
-0.02507942443
0.02504221593
0.1037067323
0.003767372981
-0.004224418755
0.003930509726
0.1040006413
0.1035055651
0.002005212798
-0.02621048957
0.02620739596
-0.02587219395
0.001670010785
0.02637444315
0.001589498477
0.02553297392
-0.02564702498
-0.001143168117
0.02550681018
0.02585190632
0.001310131951
-0.0479543649
-0.0006828915374
0.0481003854
-0.04800177981
0.001211526358
0.00125840706
0.04738237961
-0.04725262087
0.0009450365335
-0.001121023283
0.0009908370309
0.04751256586
0.04737744995
-0.0243810776
0.02434758943
-0.000691198048
0.0007163403289
-0.0006822069386
-0.02441521099
-0.02413574614
-0.000745545282
0.02413874924
-0.02430894056
0.02427186747
-0.0007084721988
-0.000698517395
0.001211524836
-0.02636930748
0.02564216416
-0.02572042886
0.02501587927
-0.001066579835
0.02500061714
0.02501456131
0.02638805034
0.001481433552
-0.001308604293
0.001412573232
-0.002655509674
-0.05172731423
-0.003233091403
-0.09300895849
0.09461060412
-0.09414610126
-0.003697594257
-0.002996939529
0.09314547186
-0.09346219782
-0.01038391205
0.008869662581
0.09305695374
-0.008781144464
0.09139650237
-0.001367388276
-0.04119213533
0.0422906788
-0.04185999035
-0.001798076731
0.04273207468
-0.001342760326
0.04052631346
-0.04080299021
0.00547290601
0.0407109787
0.0395636751
0.001006349878
-0.04686597282
0.04711595389
-0.04696269519
0.0008530911847
0.0009036214785
0.0459778287
-0.04571124545
0.0005109789964
-0.0008245505116
0.0005872108483
0.04621516836
0.04618028519
0.0006391825639
-0.04495412359
0.04541802731
-0.04509958017
0.0003207354196
0.0004322745933
0.0431741375
-0.0009315578216
0.0001962676947
-0.0006257918106
0.04360366162
0.04329505837
-0.03850077395
0.01020817777
-0.01084826153
0.01143100193
-0.03908351435
-0.04064890919
-0.009697421068
0.02500785831
-0.02505650003
-0.001343384419
0.02497027445
0.02461501781
-0.0002251607036
-0.0170155331
0.01784144618
-0.01744680407
-0.0006198028193
-0.0001705728773
0.01634921979
0.003399658117
0.01653278637
0.01586924657
-0.02406017198
0.02426043981
-0.0009800049044
0.0007636605918
-0.0009988495609
-0.0007249600192
0.02409579829
-0.02439419379
0.0244640931
-0.0007948593332
-0.000895724809
-0.01463355168
0.006496585607
-0.00670913231
0.007960542658
-0.01588496202
-0.01603837414
0.02511543277
-0.02511302948
-0.001032001945
0.02514151236
0.02549532383
0.001093257598
0.02504572772
0.001202302155
-0.02517973072
0.02512971532
-0.02520062083
0.02506803761
-0.02497301655
-0.001466443647
0.02523658539
0.02536322659
0.001166532523
-0.02476523759
0.02493853798
-0.02492828068
-0.2283508131
0.002773498806
-0.002228684543
0.002460210476
-0.002035968456
-0.002681010525
-0.2285020689
0.002937696279
0.2282722678
-0.2284930679
0.2280033852
0.2286941272
0.002315998315
-0.2281540973
0.003962361468
-0.003190789531
0.00347495036
-0.003755898192
-0.2283940935
0.004056182394
0.2280831046
-0.2283640525
0.2277572817
0.2285991531
0.003211085006
-0.2280738998
0.005385311671
-0.004350272414
0.004662262211
-0.004947974808
-0.2284178989
0.005250857085
0.2280412867
-0.2283268015
0.2276246964
0.2285857512
0.004216830873
-0.2282110049
0.007244539084
-0.005533395084
0.005841491258
-0.006113970208
-0.2286544789
0.006404398548
0.228235818
-0.2285018988
0.2277972738
0.2286922154
0.005084895673
-0.228606963
0.008798916199
-0.006635888096
0.006857572603
0.2286930649
-0.2288305967
0.2284842816
0.2289393902
-0.227130371
0.003877630689
-0.00328260537
0.003633830132
-0.00295894265
-0.004016699696
-0.2272511101
0.004428129292
0.226976761
-0.2273596306
0.2265579864
0.2277003857
0.003711089051
-0.2264248521
0.006473501862
-0.004858217283
0.005480422962
-0.006390450231
-0.2265845415
0.007396533252
0.2259612564
-0.2268618222
0.2248109736
0.2273810184
0.005407121809
-0.2250976839
0.01161793346
-0.008477411444
0.009602298296
-0.01075656562
-0.2260676056
0.0118949749
0.2249703253
-0.2260904563
0.2236446268
0.226970867
0.008750651766
-0.2251942934
0.01693063745
-0.01301375509
0.01408452206
-0.01507820271
-0.2266668492
0.01597353798
0.225441141
-0.2264046699
0.224314522
0.2271888321
0.01225900321
-0.2267538106
0.02081665069
-0.01674716874
0.01738822069
0.2273462725
-0.2278155258
0.2267832343
0.228193232
-0.2277695655
0.01021657027
-0.007043871834
0.005512941613
-0.008436280273
-0.005962664647
-0.2245618427
0.007069829331
0.2251501726
-0.2255938416
0.2256884332
0.2261070491
0.004851612373
-0.2208554721
0.01189930024
-0.008657582902
0.01041496864
-0.01229392966
-0.2211931061
0.01423491218
0.2199728213
-0.22179553
0.2180476055
0.2234133652
0.01067882275
-0.2185913638
0.02019329787
-0.01620359809
0.01816930991
-0.02010012383
-0.2204542843
0.02198177782
0.2185188784
-0.2203822847
0.2165355862
0.2221008978
0.01777466689
-0.2194074378
0.0279537689
-0.02378646128
0.02549421824
-0.02708535649
-0.2223032065
0.02853337894
0.2200583094
-0.2216052102
0.2184144703
0.2230318526
0.02422759672
-0.2231053153
0.03380290733
-0.02982351151
0.0309241068
0.2244831323
-0.2253554192
0.2234971869
0.2261212835
-0.2193010374
0.008005151337
-0.005769741984
0.007740299359
-0.00422993441
-0.0100949277
-0.2187497943
0.01364520792
0.2170456991
-0.2193499098
0.2149808921
0.2229128516
0.01227861897
-0.2138093
0.0192898428
-0.01784013179
0.02556131834
-0.02885754466
-0.215919778
0.02683484302
0.2136071488
-0.2168037322
0.2091742993
0.2166841563
0.0205511236
-0.2125441931
0.03488630677
-0.02681702623
0.02701071744
-0.02859531575
-0.2127082995
0.03041458694
0.2109235246
-0.2124244557
0.2108883492
0.2144789058
0.02584496242
-0.2130289846
0.03581848997
-0.03214348956
0.03328365434
-0.03485434314
-0.2160928478
0.03646674306
0.2134205373
-0.2149494449
0.2124839776
0.2166948367
0.03348687122
-0.2175699175
0.04078031149
-0.03814554934
0.03974764512
0.2196971904
-0.2211308013
0.2180303358
0.2223871371
-0.2120943899
0.008556147447
-0.006037855685
0.0076746659
-0.004841774298
-0.01054390995
-0.2084781028
0.01275784464
0.2080768297
-0.2108607869
0.2070978009
0.2129001836
0.01058397389
-0.2029259747
0.01676865981
-0.01502174406
0.01733771569
-0.01961932157
-0.2036414911
0.02183718686
0.201968464
-0.2041368511
0.1999131246
0.2064199346
0.0200145958
-0.2019722466
0.02496939667
-0.02407305919
0.02677355635
-0.02903590688
-0.2084261113
0.03313201857
0.2030645177
-0.2052458815
0.2008362259
0.2088750549
0.03232345608
-0.2068632899
0.03552641227
-0.0376850361
0.03971536642
-0.03923428999
-0.2114577671
0.04028808343
0.2105477428
-0.2100495581
0.2066520341
0.2112146972
0.0387413275
-0.2117418004
0.02890537759
0.1007915177
0.02468599557
-0.04407940115
0.04570395658
-0.2134935321
0.1047671039
0.1051448542
0.02862510504
-0.1041991977
0.2160999297
-0.2048940138
0.005500495361
-0.005350829516
0.007040445558
-0.003863416523
-0.008874459854
-0.2005242942
0.01080285514
0.2014518479
-0.2031813777
0.199914473
0.2050625675
0.009595829137
-0.1953575618
0.01241784829
-0.01276532116
0.01469195591
-0.01653648227
-0.1963137097
0.01826547649
0.1947010363
-0.1964231288
0.1932812579
0.1983153746
0.01789038178
-0.1965284551
0.01829374835
-0.01973427525
0.02023061687
-0.02099463929
-0.198713992
0.02189557467
0.1972374707
-0.1979362657
0.1961082123
0.1991793282
0.0229037107
-0.1976268032
0.02208684804
-0.02301715094
0.02475277075
-0.09747622267
-0.01531196482
0.09521567535
0.1935932411
-0.1964122398
0.01425675083
0.01331501865
0.01212263285
0.01200302935
0.09540744451
0.201343125
0.03317797729
0.01943458257
0.0965720863
-0.02759832274
0.02743489962
-0.09788835036
0.1003528998
-0.02707917946
-0.1008720431
0.09539676885
-0.02422636299
-0.2001656652
0.00203827877
-0.0007701899297
0.001914164159
-0.0001085947783
-0.003157726874
-0.1945024538
0.004493298371
0.196289903
-0.1974193267
0.1951742226
0.1985876472
0.006334678507
-0.1900390372
0.006963089873
-0.005868496667
0.007220367064
-0.008489331609
-0.1912118402
0.009617680838
0.1897355128
-0.1908784963
0.188820509
0.1919015251
0.01165093712
-0.1928718824
0.009851645248
-0.01055725435
0.01124218589
-0.01161297732
-0.1965205431
0.1947025996
-0.1950154578
0.1947249338
0.1952536154
0.01422164148
-0.196485827
-0.0008916698926
0.001230559945
-0.0002959948937
0.002021715322
-0.0007183514374
-0.1901230613
0.001773364608
0.1923147727
-0.1932033631
0.1914665831
0.1941503033
0.001387851539
-0.1863734132
0.002911949674
-0.002793260195
0.003733805865
-0.004522945932
-0.1882451317
0.005107105804
0.1865951103
-0.1872502491
0.1860138153
0.1879908756
0.005475270123
-0.1924548338
0.004307388152
-0.005431893268
0.005455421834
-0.005118696519
-0.1980854795
0.1955507492
-0.1951567293
0.1960286624
0.1948820551
0.006495747944
-0.1934768064
-0.002648272399
0.003037774452
-0.00220278456
0.003760073198
0.001313830141
-0.1867455025
-0.0004212264999
0.1891016627
-0.189853058
0.18837394
0.190642824
-0.0007362919215
-0.183839617
0.0005342910397
-0.0004021352005
0.001108070947
-0.001634711512
-0.1869066379
0.001924759604
0.1847067569
-0.1850912386
0.1843753817
0.1855206669
0.002373934531
-0.1936074704
0.000859440741
-0.001935645983
0.001628998248
-0.0009808323715
-0.2016283542
0.197991075
-0.1972862437
0.1987378011
0.1966155925
0.001898269213
0.001107019819
-0.04871212727
0.04891669893
-0.04882468201
0.04901611379
0.04872171798
-0.04862641495
-0.001051807662
-0.1907280057
-0.004625143232
0.00362313864
-0.002765703583
0.0044419275
0.001932713191
-0.1839590281
-0.001174090291
0.1862993277
-0.1869816912
0.185633173
0.1876645785
-0.002551299228
-0.1821491878
-0.001539145191
0.0005569988817
-0.0001278587136
-7.438774737e-05
-0.186547598
1.235712798e-05
0.1837834541
-0.1838360227
0.18346316
0.1840902175
-9.410089434e-06
-0.1958089088
-0.001412550865
0.000335412038
-0.0009759281357
0.00189881676
-0.2060129998
0.2013784602
-0.2004009369
0.2023021032
0.1995498049
-0.001239125637
0.001752615236
-0.05004288521
0.05021013249
-0.05014876091
0.05028361371
0.0500768909
-0.05000867223
-0.001717121546
0.1849608488
-0.003131934778
0.1833442172
-0.001008703556
0.2033627915
-0.003231982742
0.002439025122
-0.0510166444
0.05122082169
-0.05115953419
0.05129665465
0.05109470219
-0.05103489468
-0.002390040369
0.001608426572
-0.0497603768
0.04993376791
-0.04986784295
0.04978434572
-0.04971482913
-0.001574217929
0.002254156065
-0.05077646902
0.05096716116
-0.05090857902
0.05084643418
-0.05077953292
-0.002198308735
-0.04230974844
-0.01085074114
0.04171154481
0.08573212052
-0.088738596
0.01046488898
0.009896107271
0.007853192051
0.007340231767
0.09077151156
-0.02129635359
0.02208329516
-0.0200503796
0.01371462502
0.04324998944
0.01815179337
-0.01594798847
-0.09204263652
-0.09440465821
0.02956150502
0.09819623536
-0.02624256416
-0.1045040485
0.1018958719
-0.1045344703
-0.09684730037
0.03660220406
0.0465954012
-0.03054162147
0.035590193
0.09950602378
0.09740829472
-0.09697315039
-0.000530112788
-0.0002316331033
-0.0001737890798
-0.09879397267
0.09915216457
-0.0002184075739
-0.09842974766
-0.09906597707
-0.0008718808913
0.09653223763
-0.001338365121
-0.0009094050412
0.1003057995
0.001643490727
-0.09998659458
-0.002160325168
0.001847242317
-0.001546417402
0.1015732763
-0.1007836743
0.1010844992
-0.1004741124
-0.1013828495
0.1016688012
0.001744545715
-0.0006293450196
0.1003683379
-0.09949708295
0.09982950446
-0.1001560811
-0.001427744655
0.0008773419962
-0.001203918658
0.001544952549
0.09965688361
0.001295381275
-0.04909745868
0.04928699016
-0.04920152955
0.04938377715
0.04910524491
-0.001247137422
0.1025897003
0.003107082436
-0.1023158733
-0.003541942852
0.003272216562
-0.002996865032
0.103800376
-0.1030545195
0.103329871
-0.1027821405
-0.1036088714
0.1038929492
0.00316093738
-0.002310412075
0.1026993508
-0.1019541351
0.1022332567
-0.1025097672
-0.002934514944
0.002487153748
-0.002763664265
0.003038428043
0.1020445807
0.001906051875
-0.05029323517
0.0504682155
-0.05041453842
0.05053416526
0.05034344213
-0.001873257395
0.02508564354
-0.02511569744
-0.001026857607
-0.003631255231
0.1049560814
-0.1041824786
0.104481733
-0.1047916469
-0.004230638422
0.00377728914
-0.00408720304
0.003461793357
0.004394071772
0.1043075101
0.002623215725
-0.05126447607
0.05150296801
-0.05143205782
0.002552305537
0.05157311325
0.002615681934
0.05135508404
-0.002589334143
0.0254466294
-0.02517355291
-0.002082370864
-0.02578248508
0.02588054575
0.001503122162
0.001159224385
0.02540596301
0.02535242805
0.0006005559291
-0.02140138776
0.02139849271
-0.02124591353
0.02157002334
0.02101353942
-0.0005870916665
0.0009930061836
-0.0232533316
0.02308505128
-0.0229036599
0.02327990618
0.02264453726
-0.02243827083
-0.001014532696
0.04789722021
0.001123050774
-0.04778170241
-0.001269234457
0.001164674857
-0.000706912813
-0.001056185121
0.04819228071
0.0009476182001
-0.04798621441
0.04809470415
-0.04787442251
-0.04819660113
0.001109629372
0.001007545868
-0.0008565460325
0.04773513068
-0.0474957816
0.0476300726
-0.04736307169
-0.04773677395
-0.001079053486
0.0009261153141
-0.001032816663
0.000795018634
0.001170017376
0.04764976658
0.0007077076612
-0.02284807575
0.02327740813
-0.02322939283
0.02334942331
0.02325447807
-0.02325016058
-0.0006463436794
0.0005934076486
-0.02545032247
0.02480292283
-0.02489172212
0.02470941718
0.02497557019
0.0006727994162
-0.02505077144
-0.0005905397945
0.0006743878736
-0.0007026235751
-0.02444344669
-0.02446978747
0.0006433450083
-0.0239789044
0.02337866273
-0.02340744911
0.02341797578
0.02332196407
-0.0006828151601
0.0005956678078
-0.02312008927
0.02328041859
-0.02328710463
0.023308943
-0.02332276639
-0.0005948272243
0.001457624012
-0.04944710328
0.04962698719
-0.04955389139
0.04946116016
-0.001420843654
-0.02423137134
-0.0007294802238
0.0007593146382
-0.0007188184989
0.0006148226738
-0.02478330116
0.02440537783
-0.02450937366
0.02461131245
-0.0006065334053
0.0256397971
-0.02559364405
-0.001280309062
0.001074952523
0.02497871308
0.02495926521
0.002073119396
-0.05053111253
0.05071351435
-0.05065650847
0.05059587568
-0.002030935003
-0.00144798345
-0.02589009962
0.09372067046
-0.09337744172
-0.005353449539
0.004067402314
-0.00449283312
-0.007492245981
0.0931360642
-0.007571356435
-0.006486531572
0.04146185058
-0.00301255509
-0.04116591487
0.001990965219
-0.002389104994
0.002719567671
0.04313713517
-0.04212402805
0.04245449072
-0.04187690021
-0.04281123519
0.04318998977
-0.002154821196
-0.04179905194
0.003812446692
-0.004733013244
0.004823956041
-0.004540248208
0.04099468654
0.04679978979
0.0007646073455
-0.04662522604
-0.0009744636654
0.0008115582626
-0.0006452504176
0.04717301975
-0.04689477239
0.04706108024
-0.04671185368
-0.04721534322
0.0006988282005
-0.0003590335104
0.04644261731
-0.04608246658
0.04631064392
-0.04583957208
-0.04651891657
-0.0007061490783
0.0004411958623
-0.0006494685147
0.0008636052736
0.04642930512
0.04476014214
4.195224312e-05
-0.04439791128
-0.0005410594921
0.0002016214654
0.0001096946701
0.0455030975
-0.04496917507
0.0452804912
-0.04464739841
-0.04557052637
3.070025432e-05
0.001001084086
0.04433868454
-0.04356774454
0.04394303682
-0.04430075314
0.0001374934617
-0.000716931473
0.0003592151532
5.170688314e-05
0.04401458365
0.04429314642
-0.0189185837
-0.01919489992
-0.01771004066
-0.04719142379
0.04405871966
-0.01628334075
-0.04548541957
0.04203706448
-0.01599156716
-0.01252518029
-0.03583481673
0.006998925024
0.03593914689
-0.03703332525
0.03919632336
-0.01413168303
0.01450874289
-0.01234574477
0.01175217455
-0.01163744414
-0.03967708457
-0.04164922965
0.001484789025
0.0250165447
0.0006356017713
-0.02188253588
0.02187198736
-0.02179235802
0.02196698539
0.02166921292
-0.0006203392472
0.0007817940358
-0.02205345394
0.02226879123
-0.0221462667
0.02204999389
-0.0007191177728
0.01706200348
-0.01690033952
0.0007384411859
-0.01808907746
-0.0008325843312
-0.002698564572
0.01661595349
0.001446225655
-0.02397861124
0.02438447901
-0.02393710291
0.02477142535
0.0235699818
-0.001316089401
-0.02447896785
-0.0006839705584
0.0007069419162
-0.0007218166604
0.0007182501121
-0.02591635053
0.02510427127
-0.02510783781
0.02501326354
-0.0008894336028
0.0005967230861
-0.0237209955
0.02337057112
-0.02340254856
0.02338061616
0.02338101422
-0.0005934658222
0.0005929500381
-0.02342612805
0.02333484245
-0.02335487315
0.02335485592
-0.0005921313743
0.01755769187
0.01635422984
0.01425758475
-0.01557183738
0.01605820197
-0.009589410001
-0.009430669858
0.007987682496
-0.01732794938
0.0010258182
0.02511689873
0.02526446933
-0.001186819695
0.00152128938
0.02539357814
0.024942555
-0.001123891389
0.0007920180279
-0.4582524002
-0.05164975375
0.002490330806
0.1047477266
-0.02632539902
-0.02816399165
-0.01298844776
-0.09337774566
0.09385601729
-0.09472183219
-0.09874437136
-0.02144788741
0.09923702995
0.0248149517
0.003216186833
0.1060834494
0.0008954547125
-0.04829337387
0.04851050792
-0.0484141839
0.04829545909
-0.0481885303
-0.0008407309054
-0.00874802309
-0.04097531503
0.04096419916
-0.0418590302
0.0005608031385
-0.0980427336
-0.09766042585
0.002241860217
0.09767142557
-0.09642711703
0.09684598322
-0.09602387677
-0.09725191676
-0.00174429866
0.0006868996313
0.04805657449
0.004829027154
0.09638702959
-0.09491519319
0.09525138723
-0.09467640502
-0.09561602324
-0.00406223027
0.008550188004
0.09595631071
-0.09473159181
0.09450063535
-0.09449569418
-0.007566415265
-0.04395983358
-0.01470955373
0.04662043558
0.01968950451
-0.00183881237
-0.2286564739
0.2284831547
-0.2286447191
0.2282615859
0.2288236181
0.001590354592
-0.0026550382
-0.2277142197
0.2275291523
-0.227787483
0.2274035883
0.2280488827
0.002475738087
-0.01043655966
-0.2283872018
0.2270876746
-0.2280253005
0.2257453647
0.2272658741
0.005757090068
-0.003679506736
-0.2243843047
0.2243226928
-0.2247279182
0.223960377
0.2251394404
0.003821552183
-0.003252614401
-0.2204822838
0.2224111831
-0.2231927774
0.2214740848
0.2235811958
0.003377508246
-0.002597614471
-0.2146630717
0.2183205349
-0.219409099
0.2174886566
0.220332496
0.002811069478
0.0005891810314
-0.2101367649
0.2151871972
-0.215637536
0.2146625221
0.216618496
0.0009599980194
0.00263965994
-0.2081300557
0.2136008798
-0.2138155356
0.2135087955
0.2141498146
-0.001897528433
0.004328273965
-0.2060246465
0.21277173
-0.2131085728
0.2125142257
0.2133377955
-0.003873517999
0.0051661472
-0.2041253901
0.2113574805
-0.2119006121
0.2112277791
0.2121718274
-0.005404023862
0.2108260088
-0.007775882194
-0.1040733569
-0.02563165201
0.09551687232
0.01411005878
0.04286413729
0.01090121436
9.841645307e-05
-0.01450309243
0.01458553942
3.392108351e-05
-0.01106674843
0.0111312438
-0.008069322253
0.008103243336
0.0001299143489
-0.01440400477
5.353508736e-05
-0.01099036916
-0.008015787165
-1.209111722e-05
0.01611323461
-0.0161067087
-1.084364273e-05
0.01185961825
-0.01186086572
0.007744643657
-0.0077554873
1.817287663e-05
-0.01608195152
0.01609159868
1.109804847e-05
-0.01185028858
0.01185736341
-0.007746768908
0.007757866956
3.57818469e-05
0.01612838607
2.083237589e-05
0.01187456772
0.007765476033
1.376665247e-05
0.0161676942
-0.01615696003
7.825372575e-06
0.01189846271
-0.01189252143
0.007792003269
-0.007784177896
2.968223777e-05
-0.01620069529
0.01622699605
1.369029636e-05
-0.01191097722
0.01192696916
-0.007730443578
0.007744133875
7.281860007e-05
-0.01475742832
0.01481860409
2.98958052e-05
-0.01123949545
0.01128241824
-0.008089141224
0.008119037029
8.116136566e-05
-0.01469432729
3.163853428e-05
-0.01118997262
-0.00805750269
0.000123299411
0.01411678079
-0.01400499774
4.391599514e-05
0.01078811426
-0.01070873085
0.00791900121
-0.007875085215
8.956229881e-05
0.0142162429
2.492244281e-05
0.01085275412
0.007943923653
3.302190467e-06
0.01598786807
-0.01598050025
9.522826605e-08
0.01183111088
-0.01182790392
0.007886682918
-0.007886587689
-1.808550148e-05
0.01601218653
-0.01601343424
-1.597465887e-05
0.01183355041
-0.01183566125
0.007824817904
-0.007840792562
-5.50428925e-06
-0.01600821913
0.01601139744
-6.225251585e-06
-0.0118368854
0.01183760636
-0.007869897967
0.007863672715
-3.347474659e-07
0.01599488549
-1.848748906e-06
0.01183262488
0.007884834169
-4.646659175e-06
-0.01600428035
-5.89102955e-06
-0.01183564103
-0.007875788996
-1.34506046e-05
-0.01607823791
-1.130077171e-05
-0.01185243842
-0.007758069679
-4.595447475e-06
-0.0160682799
0.01607525703
-3.383324102e-06
-0.01185841065
0.01185719853
-0.007786997761
0.007783614437
-2.31962859e-05
0.01600926017
-2.043019577e-05
0.01183078432
0.007804387708
3.356798497e-05
0.01601563286
-0.01600323451
1.911261136e-05
0.01183187001
-0.01181741464
0.007754060355
-0.007734947743
6.705332644e-06
-0.01605874758
3.551494401e-06
-0.01185525681
-0.007783446266
2.439290986e-05
0.01603253175
1.266626424e-05
0.01184359666
0.007766726619
-1.100223622e-05
0.01618847733
-0.01618750094
-9.391627829e-06
0.01190113139
-0.011902742
0.007786073231
-0.007795464859
3.252992552e-06
0.01617627125
1.615167764e-06
0.01190010054
0.007793618437
-2.396710432e-05
0.01618557374
-1.998938264e-05
0.01189715367
0.007766083849
6.193551658e-05
-0.01618106543
3.688536714e-05
-0.01188592706
-0.007693558211
-4.183050994e-05
0.01464029142
-6.097206821e-05
0.01115038536
0.008042271268
0.0002005032076
-0.01337300397
0.01354418415
7.897359185e-05
-0.01024170564
0.01036323525
-0.007596140994
0.007675114586
0.0002275482846
-0.0131832845
8.840781464e-05
-0.01010256517
-0.00750773318
0.000270853575
0.01377839183
0.0001017507705
0.01053233806
0.007776865357
0.0001345844274
0.01388920172
4.663293516e-05
0.01062028955
0.007823498292
0.000155281236
-0.01430598723
6.925360254e-05
-0.01090434153
-0.007946533563
-4.175117933e-06
-0.01610053591
-4.478416104e-06
-0.01186056242
-0.007759965716
5.297769237e-06
2.098759401e-06
2.033841931e-05
0.0161438055
9.879023467e-06
0.01188502712
0.007775355057
1.631715395e-05
8.822838717e-06
3.431065306e-05
0.01624244605
2.104523172e-05
0.01194023458
0.007765179107
5.481868226e-05
1.523142139e-05
0.0003339972799
0.01296459413
-0.01268743179
0.000127308639
0.009951247867
-0.009744559225
0.007435238119
0.0002238123572
7.249506007e-05
0.01211376807
-0.01151993021
0.0004779529404
-0.0123912407
-0.009503142941
0.0003220337739
0.0001400282165
5.158692222e-05
5.419731907e-05
2.609909509e-06
1.040482417e-06
-0.01597346682
-6.463151246e-07
-0.01182621712
-0.007887234004
-1.552883863e-05
-0.01601299576
-1.371788781e-05
-0.0118374722
-0.00785451045
-9.296428264e-06
-9.162265303e-06
-2.586568724e-06
0.01599977921
-4.023521559e-06
0.01183406184
0.007880810647
-3.442461953e-06
-5.021651077e-06
-5.262617734e-06
0.0160830176
-5.338352543e-06
0.01185727426
0.007778276084
-3.347919826e-05
0.01600580964
-2.964192271e-05
0.01182694704
0.007774745785
-4.933044547e-05
-3.979804188e-05
1.301327458e-05
-0.01604642699
8.344581277e-06
-0.01185058812
-0.007775101685
1.536652393e-05
8.375065553e-06
1.558321623e-06
-0.01618285457
2.062121518e-07
-0.01190138989
-0.007795258646
2.929555505e-06
1.640209493e-06
-3.446525147e-05
0.01618200513
-3.113481262e-05
0.01189382323
0.007734949036
-4.928699375e-05
-4.13908254e-05
-4.082062817e-06
0.01493793471
-0.01490879306
-1.82634822e-05
0.01134465346
-0.01133047204
0.008086385455
-0.008104648938
3.711946331e-05
0.01497420234
1.073394981e-05
0.01137103897
0.008097119405
-3.251755068e-05
0.01518119029
-0.01516250572
-3.651603617e-05
0.0114962247
-0.01149222621
0.008075444598
-0.008111960634
-1.373883544e-05
0.01531394938
-0.0153030503
-1.483838317e-05
0.01155201325
-0.0115509137
0.007979400591
-0.007994238974
-1.146079668e-05
0.01519530793
-1.801044147e-05
0.01150277434
0.008057434157
-4.389482163e-05
0.01547060951
-0.01546600902
-3.71763984e-05
0.01157488784
-0.01158160626
0.007802896068
-0.007840072466
-5.986764343e-06
-0.015423519
0.01543340813
-6.266905237e-06
-0.01158979193
0.01159007207
-0.007923007179
0.007916740274
-8.39023321e-06
0.01532759064
-1.196259058e-05
0.01155558561
0.007967438001
7.48190995e-07
-0.01541664436
-2.046770619e-06
-0.01158699697
-0.007925053949
5.583746854e-05
0.01549215317
3.352132384e-05
0.01159720398
0.007836417391
1.866964327e-05
0.01563549479
-0.01561683921
8.965884934e-06
0.01166331094
-0.01165360719
0.007903664245
-0.00789469836
1.445290466e-05
0.01565309413
6.230137287e-06
0.01167153371
0.007909894382
1.103387512e-05
0.01626370536
-0.01625323627
6.500572537e-06
0.01194839178
-0.01194385848
0.00777613963
-0.007769639057
7.52191892e-06
0.01627201114
3.950513209e-06
0.01195196319
0.01110469265
1.265307577e-06
0.01507623841
-0.01504818868
-1.272838767e-05
0.01143245978
-0.01141846608
0.008102925132
-0.00811565352
-1.178128405e-05
0.01510003898
-2.117115147e-05
0.01144184965
0.008081753981
3.89563276e-05
-0.01524948132
0.01527625405
1.880368741e-05
-0.01152758773
0.01154774037
-0.008018197829
0.008037001516
2.882798033e-05
-0.01522503915
1.159034777e-05
-0.0115103501
-0.008006607481
-1.389783036e-05
-0.01545573953
0.01546035718
-1.211085204e-05
-0.01158853074
0.01158674376
-0.007898011064
0.007885900212
-8.412066423e-06
-0.0154492103
-7.820746186e-06
-0.01158912206
-0.00790583181
3.51236401e-05
0.01539044981
-0.0153661228
1.879003434e-05
0.01159141802
-0.01157508441
0.007988376852
-0.007969586817
2.774371611e-06
0.01540670811
-2.989635187e-06
0.01159718202
0.007985387217
2.587658072e-05
0.01555896403
-0.01553781921
1.475513312e-05
0.01162803698
-0.01161691554
0.007869430076
-0.007854674943
2.022745399e-05
0.01558010502
1.078055432e-05
0.01163748388
0.007880210631
1.457020114e-05
-0.01570547663
0.01572305905
5.822392344e-06
-0.01169834092
0.01170708873
-0.007930143256
0.007935965648
1.681129242e-05
-0.01568751077
6.952376806e-06
-0.01168848201
-0.007923190879
-2.504225464e-05
-2.020640534e-05
1.364450208e-06
-0.01488315108
-1.471720979e-05
-0.01131439038
-0.008119366147
3.230124995e-05
3.291177903e-07
3.925156465e-05
0.01501312474
1.310822029e-05
0.01139718232
0.008110227626
5.070704554e-05
-0.01512959392
2.094613099e-05
-0.01146246529
-0.008091014503
-2.615847134e-05
-0.0152934537
-2.49571509e-05
-0.01155211502
-0.008019196125
-2.215956379e-05
0.01520882988
-2.704372839e-05
0.01150765851
0.008030390428
-3.229849982e-05
-0.01546346656
-2.928163388e-05
-0.01158462313
-0.0078693541
-8.2868986e-06
0.01544106679
-7.198043306e-06
0.01158898322
0.00790954223
-1.382315904e-05
0.01534293502
-1.645283128e-05
0.01155821528
0.00795098517
-3.839599047e-05
-0.01541327664
-3.158622633e-05
-0.01159380673
-0.007956640176
2.351326297e-05
0.01551715655
1.099315088e-05
0.0116097241
0.007847410542
1.634764927e-05
-0.01559869893
7.934958989e-06
-0.01164519449
-0.007886763401
2.847565338e-05
0.01576328817
-0.01574148031
1.255494123e-05
0.0117322681
-0.01171634739
0.00795323483
-0.007940679888
1.781358374e-05
0.01577881631
7.502346666e-06
0.01174257934
0.007960737176
1.080051495e-05
0.01566944317
3.808761044e-06
0.01167852547
0.007913703144
1.41941749e-05
-0.01590421841
0.01591510622
6.786471225e-06
-0.01180056023
0.01180796794
-0.00787465936
0.007881445831
-1.004026488e-05
-0.01589820173
-9.94477398e-06
-0.01180065572
-0.007884604134
1.331445147e-05
0.01587196542
-0.01585888403
6.052365085e-06
0.01179418288
-0.01178692079
0.007937769747
-0.007931717382
1.787481595e-05
0.01588385944
8.285318833e-06
0.01180377238
0.007946055066
2.604136486e-05
0.01579656727
1.288083381e-05
0.01175573987
0.00797361801
1.545358543e-05
0.01581026511
5.180454984e-06
0.011766013
0.007978798465
1.269494348e-05
-0.01584421871
4.108242821e-06
-0.01177833409
-0.007927609139
1.898624176e-05
-0.01583083523
9.247808064e-06
-0.01176859566
-0.007918361331
5.514338029e-06
0.01592572761
1.856050461e-06
0.01181162622
0.007883301882
3.175100553e-06
0.0159355301
7.041984448e-07
0.01181409713
0.00788400608
8.08384721e-06
4.459950149e-06
-9.579648622e-06
2.670965881e-05
5.425893856e-06
2.987616825e-05
9.260521989e-06
-1.343074306e-05
-1.78053913e-05
-2.109135639e-05
-2.378294737e-05
-1.866674308e-05
-1.65461124e-05
-3.571584938e-06
-3.710420248e-06
3.547077724e-05
1.86016473e-05
-3.212233187e-05
-2.874704117e-05
1.44558395e-05
7.264400459e-06
1.426338101e-05
6.552770333e-06
1.397289296e-05
4.714239981e-06
1.94442744e-05
9.487735063e-06
-1.489405531e-05
0.01589561962
-0.01589276601
-1.442346612e-05
0.01180213442
-0.01180260501
0.007902518058
-0.007916941524
-1.939262269e-05
-1.791392468e-05
-1.442149865e-05
-0.01588973236
-1.4013507e-05
-0.011803013
-0.007930955031
-1.585941485e-05
-1.510003461e-05
-1.208617771e-05
-0.01581547978
0.01581910323
-1.31261853e-05
-0.01176461514
0.01176565515
-0.007959507654
0.007946381469
-2.068867127e-05
-1.929081076e-05
-1.401150569e-05
0.01582372978
-1.53310915e-05
0.01176697473
0.007931050378
-1.106812154e-05
-1.268904709e-05
4.63919555e-06
-0.0159442184
0.01595468948
1.529077868e-06
-0.01181618192
0.01181929204
-0.007883213411
0.007884742489
1.292125293e-06
-7.926694447e-07
7.103425335e-06
0.01596712301
2.310820244e-06
0.01182408465
0.007887053309
2.313169649e-06
1.806950428e-07
)
;

boundaryField
{
    topAndBottom
    {
        type            calculated;
        value           uniform 0;
    }
    inlet
    {
        type            calculated;
        value           nonuniform List<scalar> 
20
(
-0.91665
-0.9167
-0.91665
-0.91665
-0.45835
-0.4583
-0.45835
-0.458335
-0.45833
-0.458335
-0.458335
-0.4583315
-0.45835
-0.458315
-0.458335
-0.458335
-0.45833
-0.458335
-0.4583335
-0.45835
)
;
    }
    outlet
    {
        type            calculated;
        value           nonuniform List<scalar> 0();
    }
    wing
    {
        type            calculated;
        value           nonuniform List<scalar> 
133
(
0
2.710505431e-20
2.710505431e-20
-2.710505431e-20
0
2.710505431e-20
0
-2.710505431e-20
0
0
-2.710505431e-20
-2.710505431e-20
2.710505431e-20
2.710505431e-20
-2.710505431e-20
0
0
2.710505431e-20
-2.710505431e-20
0
0
0
0
-2.710505431e-20
-2.710505431e-20
2.710505431e-20
0
0
0
-2.710505431e-20
0
0
-2.710505431e-20
-2.710505431e-20
0
0
0
2.710505431e-20
2.710505431e-20
-2.710505431e-20
0
-2.710505431e-20
0
0
0
0
2.710505431e-20
2.710505431e-20
0
0
2.710505431e-20
2.710505431e-20
-2.710505431e-20
2.710505431e-20
0
-2.710505431e-20
0
2.710505431e-20
0
0
0
-2.710505431e-20
2.710505431e-20
2.710505431e-20
0
0
2.710505431e-20
-2.710505431e-20
0
0
0
-2.710505431e-20
-2.710505431e-20
-2.710505431e-20
-2.710505431e-20
0
-2.710505431e-20
0
0
0
-2.710505431e-20
2.710505431e-20
0
2.710505431e-20
-2.710505431e-20
2.710505431e-20
-2.710505431e-20
0
2.710505431e-20
-2.710505431e-20
-2.710505431e-20
-2.710505431e-20
-2.710505431e-20
0
-2.710505431e-20
0
0
2.710505431e-20
0
0
0
0
2.710505431e-20
-2.710505431e-20
2.710505431e-20
0
0
0
-2.710505431e-20
-2.710505431e-20
-2.710505431e-20
0
-2.710505431e-20
2.710505431e-20
0
0
0
0
0
0
-2.710505431e-20
2.710505431e-20
2.710505431e-20
2.710505431e-20
0
2.710505431e-20
2.710505431e-20
0
0
0
0
0
0
)
;
    }
    front
    {
        type            empty;
        value           nonuniform List<scalar> 0();
    }
    back
    {
        type            empty;
        value           nonuniform List<scalar> 0();
    }
    procBoundary0to1
    {
        type            processor;
        value           nonuniform List<scalar> 
49
(
0.925100824
0.9243121915
0.922865977
0.9202817072
-0.007937882325
0.4574885319
0.455068002
0.4466535807
0.002505991912
0.05194115057
0.05129142288
0.02271316353
0.2140353968
0.106001587
0.1041226227
0.1055788016
0.05147430533
0.02704655013
0.02647338638
0.0511195667
0.456336877
0.4535554276
0.1953085703
0.1860193782
0.180390526
0.1810143154
0.191953715
0.1978953414
0.0262840814
0.02680239273
0.05180033029
0.1814744986
0.1842869081
0.1869827043
0.1832683502
0.2113989107
0.2044976897
0.1046321133
0.10511034
0.02562030481
0.0258546894
0.05164988248
0.1064277998
0.2027025309
0.2110942911
0.007780090143
0.01627518818
-8.238853076e-06
0.0119506224
)
;
    }
    procBoundary0to2
    {
        type            processor;
        value           nonuniform List<scalar> 
58
(
0.002316774067
0.031138844
0.02471180221
0.0007065956762
0.005497453981
-0.0002052092148
-0.009735127568
0.001588300666
0.001373464278
0.002990284149
0.009012406744
0.2290743508
0.004647249751
0.02138803636
0.01155866481
0.03479656013
0.02497666163
0.04245147735
0.03738331634
0.02921652519
0.04343411306
0.04233771536
0.01887215562
0.0225584932
0.01087453222
-0.01856508374
0.007497804254
0.009885437874
0.00346726573
0.006318590627
0.03353497086
0.006998179328
0.005588155811
0.01786541317
0.01454605046
0.03180448256
0.02849335227
0.04118693241
0.03951492103
0.0492855306
-0.1060438308
0.04534591814
0.0376987692
0.0482482227
0.01929581948
0.02006774787
0.01076831267
0.009274795288
0.009917034448
0.02762150329
-0.00730792948
0.0007544745775
-0.009283028842
0.0002365366583
0.0001019196748
0.0005899092551
-0.01058969447
0.0005953909683
)
;
    }
}


// ************************************************************************* //
