/*--------------------------------*- C++ -*----------------------------------*\
| =========                 |                                                 |
| \\      /  F ield         | OpenFOAM: The Open Source CFD Toolbox           |
|  \\    /   O peration     | Version:  v2012                                 |
|   \\  /    A nd           | Website:  www.openfoam.com                      |
|    \\/     M anipulation  |                                                 |
\*---------------------------------------------------------------------------*/
FoamFile
{
    version     2.0;
    format      ascii;
    class       volScalarField;
    location    "1.52";
    object      nut;
}
// * * * * * * * * * * * * * * * * * * * * * * * * * * * * * * * * * * * * * //

dimensions      [0 2 -1 0 0 0 0];


internalField   nonuniform List<scalar> 
3019
(
1.155881181
1.155849957
1.155820649
1.155799961
1.156029226
1.156030593
1.156054754
1.156106788
1.156203692
1.156359938
1.156546665
1.090364046
1.155113353
1.155026422
1.154945694
1.15489625
1.155125999
1.155175029
1.155316958
1.155630412
1.156091367
1.156835709
1.157895669
1.013205524
1.154315957
1.154168544
1.1540463
1.153994081
1.154258931
1.154415557
1.1547639
1.155421141
1.15655262
1.109097566
0.9002172184
0.7856553085
1.153494692
1.153304932
1.15316097
1.153135321
1.153462819
1.153819758
1.154621754
1.155871344
1.078865253
0.8064858056
0.6398057462
0.5444216597
1.152657859
1.152422297
1.152276993
1.152324031
1.152789487
1.153473777
1.154986103
1.157241378
0.8151603875
0.5876246027
0.4378817114
0.3426731368
1.151812891
1.151556392
1.151437625
1.15158982
1.152297839
1.153476997
1.156057717
0.9510129039
0.6474945561
0.4457381351
0.2971537036
0.1938082581
1.150962373
1.15069715
1.150639993
1.151017091
1.151982648
1.153890415
1.136130358
0.8123106224
0.548376695
0.3613783287
0.2131790389
0.09817151702
1.150164326
1.14990904
1.149947477
1.150595146
1.151833346
1.154729297
1.03115879
0.7391709768
0.5063200155
0.3350346487
0.1954477151
0.08065772953
1.149431967
1.149203741
1.149382007
1.150366191
1.152017876
1.15597429
0.9701106458
0.704726075
0.5077825922
0.3623781943
0.2508476249
0.1782830204
1.148847159
1.148661069
1.149000244
1.150366266
1.152529142
1.157543425
0.9419763711
0.710345124
0.5352979763
0.4131015876
0.3357978193
0.333022569
1.148409434
1.148285531
1.148834962
1.15066794
1.153348673
1.159304479
0.9347724354
0.7270775828
0.5725815464
0.4665707908
0.4096256545
0.4596912058
1.148180201
1.148124107
1.148875116
1.151164581
1.154420308
1.16119378
0.9416640917
0.754810096
0.6126157606
0.5106670599
0.4460723373
0.4640521664
0.1589695721
0.3166045054
0.4464596358
0.4705620195
0.07841843145
0.3144636979
0.3085710694
0.1833568056
0.3941838416
0.4274096669
0.3239547831
0.3802789713
0.2068376994
0.2331769132
0.4408393034
0.4651398074
0.4395846229
0.4809995439
0.1342031849
0.1745304758
0.4618621743
0.448219422
0.07897328048
0.1043902443
0.06453284272
0.1490909737
0.03086056648
0.05861212184
0.236739833
0.2622367979
0.2619589833
0.2043745146
0.1898219444
0.1686956755
0.2072876222
0.1773473995
0.2029127762
0.3968121974
0.1579288717
0.1331125824
0.1880317006
0.1599878976
0.1058256262
0.1325217736
0.4814304865
0.106222166
0.08050054606
0.1316817874
0.1075970047
0.07717741594
0.4359586006
0.0540135834
0.07942656767
0.05560302397
0.2320683958
0.1660195793
0.09387091201
0.1005189195
0.06357222125
0.03622121443
0.2416800311
0.2655513535
0.1636582449
0.148372975
0.07083879337
0.1123279867
0.041688793
0.01278971095
0.02234319269
0.0377142026
0.03010226746
0.09340469255
0.2621498284
0.2494251961
0.05020385897
0.04205071917
0.09425569135
0.06596263671
0.05668212994
0.04023971813
0.06549468264
0.1061714124
0.0374131155
0.02319453485
0.01461224542
0.05213716599
0.02585945757
0.04132602346
0.02487992715
0.05795045335
0.2017808149
0.03139472297
0.2011326639
0.2224629185
0.03508205558
0.03921461036
0.03180875221
0.03458818411
0.218537029
0.1458081969
0.1442040304
0.1752522159
0.1735076939
0.09672579163
0.09488457392
0.1191080624
0.1174799358
0.2451025404
0.07228658617
0.07142472788
0.01565962848
0.01250992567
0.1484873654
0.3264123678
0.3145853517
0.3419506863
0.3303251124
0.1517794028
0.2785660843
0.2661549887
0.09471015304
0.1883109491
0.3570460815
0.3457340244
0.06052308063
0.06247758841
0.1378545768
0.1193500007
0.2947273285
0.2825908403
0.3106377852
0.2987442695
0.1211711461
0.1022402896
0.03728930105
0.03802252072
0.02150588031
0.0223387129
0.08492361195
0.1265196839
0.05631151037
0.06011436348
0.03832729406
0.03901308825
0.1117224626
0.07633272625
0.02088929569
0.02136391854
0.02049285004
0.06498558128
0.03872511842
0.04036719071
0.0148788609
0.01621474567
0.04526225827
0.04440382021
0.06799903456
0.07745702047
0.09396312049
0.05817393413
0.07269750654
0.0688867538
0.0604295102
0.1391228141
0.1279737272
0.1018431166
0.1345684557
0.06034612745
0.03847460484
0.04273038417
0.05324164868
0.03325733095
0.03721094585
0.02956931911
0.09578421746
0.08396319828
0.1021287173
0.09823601958
0.03070176523
0.07557438409
0.07337610037
0.08059291519
0.07636840982
0.03658786472
0.1182559642
0.1138950293
0.1253029254
0.1198002337
0.03717565871
0.03292396518
0.1071857909
0.1034625027
0.1124966713
0.1084767382
0.03326872411
0.04375287692
0.04297986089
0.04593986829
0.0440184544
0.04155049225
0.04049268321
0.0427225689
0.04182575151
0.07002359559
0.06806652351
0.07269240165
0.07070258163
0.06257778791
0.04867470768
0.06725066917
0.06515266401
0.03632112901
0.03693123495
0.10088045
0.02152821242
0.02131266609
0.02219061806
0.02171430992
0.02064278156
0.08729554765
0.02300568063
0.03413461947
0.04118007478
0.05442133441
0.12472168
0.03767839572
0.024352702
0.04035254307
0.0373580371
0.02297178677
0.02242771151
0.02390844887
0.02319533062
0.113120417
0.03924458534
0.04013983503
0.0202931526
0.02078113219
0.07537967559
0.06719718432
0.0194078141
0.02023151138
0.2184363683
0.3721743774
0.3751516149
0.3514472829
0.3637732599
0.2221617533
0.3715745739
0.3607433704
0.1918272933
0.1524766952
0.06813730049
0.07194089053
0.07501687468
0.08579988091
0.1661687366
0.04057813547
0.04814408976
0.03725000175
0.04281477951
0.06670074573
0.09385688354
0.09252636595
0.0417994679
0.06747814651
0.06386399609
0.09147552262
0.08979707467
0.06416436817
0.03222304513
0.03882792009
0.03484770326
0.02677473158
0.02744392501
0.0226353591
0.04695234914
0.04561815132
0.04931944505
0.02377980309
0.03422027097
0.03257597203
0.05269711716
0.05232241849
0.031138544
0.02888323607
0.02846936989
0.03152440249
0.03081544113
0.0356122419
0.05870931623
0.0581038142
0.06226081732
0.06151298236
0.0384588259
0.03213889541
0.05391468887
0.05339978177
0.0574802919
0.0568644362
0.03413177791
0.06552920073
0.06743562966
0.1507660911
0.1393714354
0.06306561717
0.06492300143
0.09264222781
0.09578146502
0.1807260214
0.02686174526
0.02671493912
0.02823050419
0.02800973591
0.02047892489
0.02644433859
0.02633742021
0.1680289795
0.08802305982
0.09147163727
0.03745420255
0.05685263523
0.05638100903
0.02174408331
0.03627194726
0.03601492646
0.03761158398
0.03664194257
0.02195406371
0.02084031359
0.02061713881
0.02106491906
0.03551138217
0.03528695797
0.03585273191
0.03566561647
0.02119269505
0.02175372354
0.02114954643
0.03182721128
0.0227429876
0.01631063037
0.04032194228
0.03123037941
0.01028297019
0.01136253395
0.01858009398
0.02081172524
0.01212480742
0.01503164926
0.01467456757
0.04643672224
0.04340792876
0.08282730314
0.07432272163
0.04375226743
0.06390174384
0.08896514126
0.08554240945
0.03489984852
0.03214774368
0.03014475325
0.02280132758
0.02951618798
0.04277326196
0.04325680389
0.03796852916
0.04827191295
0.04846246744
0.03101197442
0.03067937138
0.05135158273
0.05134371366
0.02957676796
0.02918273103
0.03035291703
0.02992916601
0.05981642855
0.05923932998
0.03601406508
0.03780001339
0.06093970065
0.06038399548
0.05510558615
0.05455887715
0.03257582259
0.03365783175
0.05623833757
0.05566681994
0.04348333562
0.02556036203
0.02583100416
0.02513418964
0.02534112044
0.04323722918
0.0448156881
0.02677924821
0.02726812762
0.02609868215
0.02641084928
0.04433744898
0.04116771489
0.02390859795
0.02414858819
0.02353958625
0.02377075566
0.04093229885
0.0424423414
0.02473777846
0.02492923747
0.02431417863
0.02454872159
0.0421667279
0.02730199882
0.02711616418
0.06938028884
0.04657056865
0.04689147539
0.04587302136
0.04615396585
0.06866674538
0.02774944901
0.02754248881
0.02518933675
0.0264564665
0.06049266813
0.04212240447
0.04181941545
0.02817454356
0.02958947478
0.05402792655
0.06676883756
0.04517350362
0.0453735018
0.04445601853
0.04440584751
0.06553751156
0.02600790651
0.02605339553
0.03624205061
0.05428655763
0.05397593029
0.05569143263
0.05532875023
0.03683250877
0.02148323479
0.02124159796
0.02206501213
0.02179007113
0.02174331823
0.01700128006
0.02420933498
0.04459836761
0.03994882996
0.05179263844
0.04997204484
0.03441519646
0.0264463757
0.01835920997
0.02363586208
0.02513577664
0.03967170393
0.02318376127
0.02347433702
0.02249413494
0.02323818484
0.03973947743
0.02280437153
0.02257752786
0.02363788171
0.02339031527
0.02050825492
0.03469362981
0.03432812472
0.03512478392
0.03484141541
0.02058787362
0.01996065396
0.03363236724
0.03175039413
0.03420518182
0.03360935526
0.01994492984
1.155421444
1.156072651
1.155956607
1.15634701
1.157402415
1.15662908
1.157823771
1.009008227
1.157583845
0.9714767726
0.8665948974
1.027327287
0.8477814722
1.155677734
1.157070743
1.156211624
1.154094906
0.9343347499
1.157833399
0.8747719701
0.7348922463
0.9394175386
0.6999984611
0.6206032504
0.8055018243
0.6022370622
1.156805716
0.9503342196
1.157504113
0.8715424073
0.6843036632
0.8629356734
0.6347600637
0.5146090104
0.6735644099
0.4825550864
0.4068576815
0.5625920241
0.3883111652
0.9979774515
0.7498075437
0.8898087575
0.6838853815
0.5203414106
0.6356938807
0.4744155597
0.3590182894
0.4697832002
0.3267034638
0.246783741
0.3616099854
0.2262052938
0.840673733
0.6258695361
0.7102096867
0.5678492016
0.4190197614
0.4895615602
0.3769048401
0.2631387433
0.3303915349
0.2288950014
0.1400878743
0.2151016442
0.1175118341
0.753655616
0.5646816739
0.6049949941
0.5125428107
0.3763595003
0.4034421534
0.3360788025
0.2256970504
0.2482136976
0.1926312584
0.09218201818
0.1228394767
0.08629733076
0.05276856209
0.08342356101
0.7102270146
0.5479467705
0.5569421195
0.5032915076
0.3861229288
0.3740958382
0.3509701443
0.2592135208
0.2277264229
0.2027708167
0.1761800086
0.1662831421
0.08449356031
0.07342643481
0.06667774219
0.7085685539
0.5663618923
0.5508410513
0.5270809756
0.4270281118
0.3960915696
0.398941975
0.3298909789
0.2745837934
0.2712644194
0.253294094
0.2293300404
0.1988314238
0.198246579
0.1745044854
0.7207756471
0.5970496243
0.5729822175
0.5629606981
0.4773175434
0.439820566
0.453925548
0.4018090698
0.349014098
0.3565079299
0.3509506464
0.3281108485
0.3485247139
0.35991523
0.3463475939
0.7453704264
0.6333750534
0.6057462635
0.6020531109
0.5224878631
0.4892884469
0.5003730359
0.4496092202
0.4165112795
0.4225989374
0.4225630774
0.409414081
0.4700150971
0.3843351042
0.3956181051
0.6435434588
0.5331013975
0.4574778575
0.4423173712
0.453921693
0.438152046
0.4533101952
0.3202681862
0.3328047829
0.1526356217
0.13290512
0.1413664123
0.3360902895
0.3242996912
0.2982236275
0.3992635619
0.4099321408
0.4306802962
0.3368772311
0.3490400968
0.4763670423
0.03539370483
0.04743154489
0.08203866966
0.07116525817
0.04457063921
0.3033770521
0.2782063159
0.2927120587
0.2579823249
0.2602565637
0.3033463794
0.2048240396
0.2457241074
0.2394084395
0.3927125162
0.3727286338
0.3762419708
0.3846873223
0.3648161192
0.4034095905
0.3149048717
0.3575893771
0.3694490556
0.393659579
0.3719316935
0.3640931591
0.2108464979
0.2681537847
0.2642523013
0.2904587636
0.2868565565
0.2295298129
0.4373531211
0.4316226615
0.4328512443
0.4672627695
0.4293547596
0.4459714865
0.4058137591
0.4341817911
0.4641722936
0.3688619549
0.380532514
0.4772401684
0.139507718
0.2072419132
0.203756345
0.2301512403
0.2257732119
0.1697779989
0.4361070071
0.4451154583
0.4409393751
0.3035748813
0.3161624837
0.450104358
0.08641649445
0.149067889
0.1513085621
0.170555086
0.166737194
0.1001974563
0.07322476732
0.07281778761
0.06245038349
0.1602918441
0.1377265454
0.1332140153
0.03234504206
0.02685017544
0.02550616393
0.05360822839
0.04741859141
0.05223563212
0.2471243298
0.3341834888
0.3467362117
0.2810489001
0.3248526834
0.2507731607
0.2775508437
0.3121722612
0.2709651835
0.1994079739
0.1246335535
0.1294142167
0.1012438841
0.1047323094
0.1952743715
0.1915661338
0.1513872076
0.1576791997
0.1309671126
0.1356617739
0.2112982609
0.1812801435
0.2375939385
0.2335400013
0.2603686399
0.2565050301
0.1991396617
0.4137223326
0.4135513177
0.4097689106
0.1560377547
0.1272440516
0.1291770009
0.1073461568
0.1087127685
0.1347574823
0.1825273311
0.09687145588
0.1001259904
0.1314063658
0.1337741627
0.1620749587
0.1107947162
0.1778892844
0.1741024526
0.2002172242
0.1966481641
0.1276396134
0.4796346062
0.3530597062
0.3649486399
0.1048939461
0.08011674657
0.08104204096
0.05658626752
0.05732579393
0.08170202441
0.1300595459
0.1046591854
0.1061016163
0.08204583175
0.08300314521
0.1089560298
0.1507405252
0.2993852601
0.05303934474
0.03354349209
0.03388386857
0.07837066476
0.05540296914
0.05598585259
0.03477464626
0.03698322728
0.05819408844
0.2074385859
0.1888797361
0.2155190105
0.1237831555
0.1613806138
0.1909673345
0.1313814502
0.1529276626
0.1128403678
0.08853023014
0.07941918515
0.09088714015
0.04622813973
0.0666779564
0.07916809613
0.05175149181
0.06047218299
0.0421539926
0.2481332541
0.2230898712
0.2200059614
0.2429139299
0.2237697512
0.2658718677
0.1675777952
0.2071918338
0.2210033989
0.1079522592
0.1208985118
0.1528472301
0.08660973653
0.109631083
0.09706166631
0.1258685882
0.1156144777
0.1007975497
0.01298087912
0.01084519314
0.010587172
0.02066801197
0.01844633192
0.01985138542
0.02785236228
0.01792488078
0.03378307817
0.02141057212
0.0312829392
0.01539214513
0.01922192424
0.03247093574
0.1562819151
0.1514087734
0.08860160271
0.2577820252
0.2037528052
0.2083968281
0.1954515641
0.2003908727
0.2537309438
0.0938236079
0.07909207974
0.08321172269
0.05589297814
0.06177811541
0.06436236443
0.1191811599
0.1243116052
0.1020119918
0.03343086786
0.02979415573
0.03440220245
0.0179558466
0.02426679178
0.02937903501
0.02076528747
0.02230167719
0.01662727222
0.0469460543
0.04729996807
0.05120997177
0.02865449404
0.0311977426
0.02868484838
0.04635179222
0.04174464623
0.03689509015
0.1137792629
0.1225252146
0.1979531258
0.1969695643
0.1059684723
0.1110346492
0.1440387057
0.1494786798
0.2167104534
0.2147111881
0.1372712827
0.1423036274
0.1181526356
0.1195610915
0.1474527998
0.1425778136
0.1153812303
0.1167647417
0.1469173417
0.1485853968
0.1771026152
0.1716608738
0.1436003934
0.1452534066
0.0741015781
0.07510763733
0.0981737741
0.09265485795
0.06983906697
0.07214709531
0.09136053937
0.09372929229
0.120799938
0.1159684186
0.08819383589
0.08956481705
0.191328472
0.05192794878
0.05265443042
0.07341044911
0.07013429466
0.05048355385
0.05153614583
0.01334288534
0.01322966928
0.2142165516
0.2107106099
0.1414377446
0.3224734817
0.266747014
0.2706663427
0.2590343289
0.2628743009
0.3185325891
0.3380683321
0.2823867065
0.2864201924
0.2746387646
0.278629103
0.3342243874
0.1677635148
0.2226119533
0.2180054953
0.2744179682
0.2199698255
0.2240427685
0.211953987
0.2162233555
0.2704045019
0.09885447841
0.1633508951
0.1592656487
0.2451232457
0.2412183194
0.1845879531
0.3532943458
0.2978987383
0.3017864433
0.2901595879
0.2941111688
0.3495504752
0.06127448984
0.08404167485
0.08294782046
0.08599835434
0.08494990243
0.06180766809
0.1362472585
0.1099819148
0.1113419419
0.1856629713
0.1817202967
0.1128882027
0.2907000833
0.2358027152
0.2397854503
0.2278757161
0.2318758478
0.2866780374
0.3066807418
0.2513747893
0.2552014714
0.2436818719
0.2475328352
0.3027139901
0.1260418788
0.1930504093
0.1894100944
0.07822821496
0.07909419346
0.103528797
0.05802405994
0.05748663823
0.03781114746
0.08310504529
0.05831657889
0.05993690457
0.1013691528
0.1032460601
0.1284947829
0.05866329346
0.0797927412
0.07775716271
0.08210724769
0.08081547609
0.05898961429
0.0385440371
0.05918697688
0.05862775456
0.06034926486
0.05977665585
0.03880690953
0.1103428613
0.08400063777
0.08498175197
0.05427658961
0.0548611281
0.07737654351
0.06177775643
0.04137619991
0.04642278186
0.01305025554
0.01152589659
0.01356912603
0.008535811662
0.009491203195
0.01794338032
0.01656074971
0.01494979591
0.0819395192
0.08979699007
0.06721828733
0.08210451548
0.08374715978
0.07709853103
0.09902289186
0.09096170911
0.0878047357
0.06389796692
0.06061682944
0.05604990856
0.07112172926
0.06567530847
0.06867109733
0.07057570081
0.06809134235
0.0747700519
0.1352141835
0.1046050464
0.1097188431
0.09494070126
0.09901624708
0.1313811087
0.1109801461
0.117799682
0.1089348021
0.1128524776
0.1158786047
0.1221817112
0.03982363341
0.0433041626
0.04253994698
0.04558698209
0.04385701544
0.04095030439
0.05209813552
0.0488616707
0.05020209592
0.09302353224
0.06857028383
0.07095866716
0.05534786616
0.06129991556
0.08867126582
0.1010395388
0.07582694066
0.07647375983
0.07388116787
0.07437173681
0.09948522002
0.07482369369
0.04933330018
0.04969922009
0.0485865313
0.048984096
0.07409739573
0.0785627101
0.05100809108
0.05231476527
0.05004108931
0.05043820943
0.07730220807
0.1167657548
0.08667301836
0.08764299864
0.08477567148
0.0857323575
0.1153187147
0.1232058875
0.0908782544
0.09245793498
0.08864019445
0.0896826875
0.1214235163
0.1059395621
0.07925452697
0.08012688009
0.07749372911
0.07832066278
0.1046477561
0.1111266773
0.08286734563
0.08381506173
0.08102232553
0.08192672478
0.1097819009
0.07202944622
0.04794050332
0.04825540392
0.0472630774
0.04758871376
0.07135844908
0.09961312743
0.07635953719
0.07716821654
0.06264139671
0.06641392812
0.09005262777
0.04367327661
0.06786461917
0.06504007688
0.07539884276
0.07180118109
0.04858105252
0.1222836625
0.09649853255
0.09915484607
0.08599538947
0.08704030106
0.1145244267
0.03945524245
0.06157555639
0.06094890114
0.06335559952
0.06232881499
0.03972626388
0.07431292026
0.05312963478
0.05375654608
0.04808963045
0.05013318433
0.06909100539
0.2757599963
0.2719796516
0.2146891502
0.3801693154
0.3280994326
0.3316726315
0.3207560507
0.324469001
0.3788611681
0.3540958495
0.3425829715
0.3462554903
0.3352925159
0.3389542385
0.3595420269
0.2258658467
0.2832098785
0.2795042384
0.3680044803
0.3132105191
0.3169972148
0.3055898032
0.3094244815
0.3644077707
0.1955029472
0.2527113043
0.2488609158
0.1239503541
0.1255158099
0.1541966377
0.06897716728
0.09679554
0.09550402672
0.100320279
0.09833401316
0.07011039829
0.0793077994
0.1059684538
0.1029361895
0.1112230068
0.1088281317
0.08326225569
0.1641477181
0.1361059338
0.1382432155
0.03374648161
0.03226840624
0.03039338854
0.03708078087
0.03501973251
0.03657400072
0.03158900607
0.03386335607
0.03663739557
0.06614727783
0.09213800213
0.09107896831
0.09433078193
0.09321547674
0.06677486364
0.1491059255
0.1209924094
0.1224437717
0.1126576383
0.1140291888
0.1410075914
0.06370568288
0.08800454812
0.08696697953
0.09004580094
0.0890084698
0.0643088429
0.09363349374
0.1205305595
0.1191435389
0.1233993378
0.1219764974
0.09474153307
0.1788685138
0.1502669973
0.1519631128
0.1401643401
0.1419069033
0.1699080816
0.08914155759
0.1147759243
0.1132316906
0.1176896368
0.1163219698
0.09053963828
1.155595098
1.155626877
1.156039188
1.155675606
1.155740435
1.156082416
1.155839698
1.155970299
1.156147959
1.156144034
1.156365258
1.156274712
1.15663318
1.15697051
1.156446966
1.157312495
1.114934181
1.156668794
1.049567548
1.010701463
1.047163244
1.154684754
1.154716998
1.155139555
1.154779085
1.154875168
1.155233868
1.154997846
1.155274536
1.155550979
1.155527013
1.155654813
1.155726123
1.156120518
1.156339362
1.156255536
1.157066912
1.157379405
1.157079587
1.122803098
1.046121759
1.103365606
0.9677154066
0.9297165757
0.9770582621
1.15386415
1.153946205
1.15431595
1.154093448
1.154314687
1.154561903
1.154651589
1.155330693
1.155239188
1.155458671
1.155730153
1.15564543
1.156827512
1.157304581
1.156934497
1.028009301
0.9666054726
1.043293322
0.8309993609
0.7961812175
0.8619502962
0.7236735892
0.7068318107
0.7670592859
1.153141566
1.15331128
1.153602137
1.153607778
1.154060881
1.154142255
1.154726357
1.1561286
1.155448289
1.156131669
1.156694141
1.156348865
1.003543067
0.9265071297
0.9991176638
0.7439249404
0.6961133324
0.75628575
0.5834775146
0.554412223
0.6100784495
0.4893222599
0.4745169106
0.5295962563
1.15255287
1.152876307
1.153060468
1.153420307
1.154242466
1.1540873
1.155479745
1.085808466
1.156480737
1.107612595
1.011409644
1.068503444
0.7660646093
0.7002622055
0.7487894957
0.5452044124
0.5025737327
0.5442837043
0.3970130213
0.368226584
0.4092580739
0.3005301701
0.2846320197
0.3272552163
1.152109759
1.152698675
1.152758872
1.153616931
1.154974629
1.154539134
1.156929047
0.9251162153
1.049982926
0.9092871961
0.8227840114
0.8603227086
0.6164089916
0.5600322419
0.5902645494
0.4191666108
0.3776305412
0.4035390342
0.2705728193
0.2404600461
0.2670003235
0.1649298169
0.1466420568
0.1766635494
1.151855657
1.152823413
1.152735845
1.154236011
1.156221008
1.155576601
1.077865097
0.8295030894
0.9010168974
0.7898148345
0.7152426853
0.7357554073
0.5332589312
0.4820575884
0.4965508084
0.3492055352
0.3096574137
0.3212039165
0.2015194726
0.1681097258
0.1804327349
1.151891102
1.153287094
1.153036431
1.155277213
1.157903146
1.157070689
0.9959340743
0.7779201388
0.814109617
0.7292350522
0.6641933809
0.6724282349
0.5027395925
0.4572494611
0.4593100698
0.3373983101
0.3015722834
0.297812147
1.152235525
1.154100565
1.153691237
1.156665067
1.125696532
1.153244012
0.9530751961
0.7659757151
0.7695711479
0.7078531428
0.6522710287
0.6486534555
0.5133099743
0.4741351313
0.4679836598
0.3729273371
0.3438567563
0.330581551
1.152884498
1.155242752
1.154693848
1.158338502
1.087499391
1.103863324
0.9362064936
0.7698416386
0.7670910201
0.7124692387
0.6641814735
0.6596439104
0.544121387
0.510841415
0.5007530368
0.4270094239
0.4041483714
0.3888740103
1.153837618
1.156645793
1.156009804
1.160160269
1.068891174
1.075818227
0.9371489846
0.7874734726
0.7788376017
0.7317412724
0.6892786484
0.6821945868
0.5824151816
0.552771762
0.5422504921
0.4785932102
0.4588500331
0.4464901647
1.157575264
1.066430626
0.8047687996
0.7618378146
0.7243845541
0.7136980225
0.6234326444
0.5948744681
0.584005441
0.5208450689
0.4998239639
0.4903319873
0.06327693505
0.0632943619
0.0779249477
0.0598760084
0.04946447634
0.2925051478
0.286497433
0.3013490101
0.189269121
0.2048404826
0.201611301
0.414051406
0.4036443745
0.4152378928
0.3172508972
0.3314876115
0.3389292921
0.4672364112
0.455375537
0.4534240835
0.4273116757
0.4357441819
0.4500895631
0.1359147376
0.1622111062
0.1604717544
0.4529123572
0.4491297811
0.457641349
0.08125203977
0.1057118158
0.1039409792
0.1299153077
0.1282651134
0.102978427
0.2402470539
0.297475074
0.2939932964
0.3043323338
0.3157609718
0.2581419946
0.1606803512
0.1625114868
0.1916863333
0.1861655343
0.1571306109
0.158895296
0.1073322566
0.1332690792
0.1315727788
0.1587884671
0.157012836
0.1308729895
0.1022318575
0.1006521164
0.07580527632
0.4102308886
0.1501325897
0.1601758894
0.1740013993
0.111044392
0.1135650645
0.0970093937
0.05715166957
0.06363136438
0.06950787595
0.04239507439
0.04349861297
0.03785086576
0.2696304063
0.2680131586
0.2854999939
0.1642367645
0.178925303
0.1806918645
0.1338314508
0.136400768
0.1495303637
0.0763737953
0.0838940582
0.07876046297
0.02470188012
0.02479660026
0.03022283244
0.1169627292
0.1152494315
0.0919146139
0.0210954606
0.02359873195
0.0261605857
0.01582545917
0.0166553437
0.01470605123
0.179553244
0.1842053547
0.2016011739
0.200088259
0.1730331038
0.1759369864
0.01042397107
0.0104483871
0.01245739538
0.1706235977
0.1697880918
0.1458175996
0.1559858478
0.1708598032
0.1711727206
0.09613544413
0.1201921006
0.1184688139
0.1448150148
0.1428564517
0.1173137757
0.1228405239
0.148421171
0.146606659
1.15560858
1.155613716
1.155457539
1.155989885
1.155779678
1.155819749
1.155829293
1.155783453
1.155954017
1.15666858
1.156473042
1.156204966
1.15706823
1.156742021
1.157005429
1.156425905
1.156547876
1.156818364
1.117992803
1.157804632
1.157390002
1.075954531
1.15232033
1.069471646
1.157319026
1.15769577
1.140950618
0.9267239021
0.9880115939
1.047269771
0.9237724667
0.967659278
0.8993221568
1.082572933
1.032329229
0.9762127004
0.8256220673
0.8801827019
0.9100765381
0.8735881058
0.8154180947
0.968485947
0.9261608572
1.15607401
1.155870849
1.155542766
1.156694852
1.156256528
1.156535016
1.155907302
1.156049218
1.156415373
1.07746866
1.155176446
1.157208864
1.011570866
1.083702769
1.00271216
1.157369715
1.157799071
1.092522936
0.8215570421
0.8919336141
0.9488762896
0.8002602222
0.8436182589
0.7756440567
0.9910176862
0.9158255115
0.8690059031
0.6692026339
0.7314704167
0.763914607
0.6810185452
0.7046121974
0.6431721881
0.8331815372
0.7682590028
0.7430648547
0.5871097354
0.6464717968
0.6622272924
0.6356450069
0.5763397211
0.7559497435
0.6958262798
1.125134972
1.157116643
1.156454691
1.015862831
1.102373057
1.036120304
1.156904502
1.157334292
1.086874644
0.8016422628
0.8607340398
0.9339627736
0.738204102
0.7959206859
0.7396625464
0.927179699
0.8582930132
0.7976394659
0.5903040307
0.6408591599
0.6867899976
0.5634530924
0.5999564747
0.5504234705
0.7124224644
0.6539035115
0.6164154193
0.4539742389
0.5023559957
0.5310646102
0.4554805757
0.4772471979
0.4287838855
0.584594723
0.5292258746
0.5074656708
0.373123075
0.4222806598
0.437171717
0.4111035841
0.3616327998
0.5187869879
0.4635297882
0.9044434287
0.9557383264
1.051025529
0.7923042437
0.8702983704
0.8216649259
0.974574614
0.921637131
0.8394982046
0.6237281144
0.6613480479
0.7238068105
0.5522680108
0.6042875299
0.5701447483
0.6892536271
0.6436905269
0.5921128206
0.4322075605
0.4655578825
0.5068501879
0.3926546656
0.4277028185
0.3940055552
0.5051526613
0.4639573481
0.428843072
0.2971755568
0.3310405482
0.3604166318
0.2814851941
0.3047098361
0.270535767
0.3838466552
0.3424834651
0.3198513061
0.2093221524
0.2454322242
0.2615817047
0.2331686588
0.1966932684
0.3155320291
0.2725702545
0.7606805519
0.789456933
0.8708692415
0.649830761
0.7157242087
0.6891372062
0.7802945893
0.7455955178
0.6777283171
0.5146136555
0.5355853587
0.5900693604
0.4383780036
0.4854389494
0.4651988431
0.5378621232
0.5092612941
0.4622963513
0.3365793671
0.3553531889
0.3956790783
0.2820291106
0.3177510069
0.2984195686
0.3650014989
0.3396050724
0.304377499
0.1970961525
0.2169114298
0.2479211888
0.1623076819
0.1882403412
0.1678590125
0.2396299668
0.2126636272
0.1871890667
0.09800085664
0.1212867203
0.1381812803
0.1083985178
0.08389059866
0.1639827402
0.1332979244
0.6840084724
0.6978685132
0.7692582733
0.5749042766
0.6334254857
0.6214706755
0.6671576674
0.6484634325
0.5881991824
0.4640402227
0.4714448115
0.5212971016
0.3819603001
0.4254493949
0.4189230074
0.4487327175
0.4350938198
0.3906318541
0.2977437545
0.3016367812
0.3407217168
0.2287209132
0.2642421064
0.2608082508
0.2832702725
0.2718942911
0.2364409433
0.158348168
0.1604510611
0.1942712225
0.09949298143
0.1293515355
0.1270664335
0.150934998
0.1387749091
0.108034714
0.06007399529
0.07052193915
0.06496275963
0.6502420026
0.6575884014
0.7212527482
0.5491456429
0.6006199421
0.596514742
0.6120296044
0.605487405
0.5519209277
0.4617842185
0.4580165269
0.5018938536
0.378245247
0.4168925181
0.4229018149
0.4154181167
0.4148059191
0.3749380204
0.3180955118
0.3083090448
0.3422282559
0.2455131143
0.2759900152
0.2877180392
0.2619855645
0.267090279
0.2344947083
0.6564422027
0.6545978664
0.7092037259
0.5606585503
0.6053938857
0.6092486155
0.5976193382
0.6017877463
0.555676975
0.4909827511
0.4817975763
0.5196377773
0.414522317
0.4467743592
0.4577079519
0.4309606688
0.4377548218
0.4040925405
0.3733563658
0.3581284129
0.3851160315
0.3106641272
0.3332784566
0.3503745012
0.3013332364
0.3167318873
0.2919447687
0.6756627445
0.6696688598
0.7172015481
0.5885686494
0.6271216797
0.6344460403
0.6142006587
0.6202909704
0.5804682595
0.5317849884
0.5212306074
0.5534040162
0.464921259
0.4917855737
0.5032797645
0.4690161449
0.4803362653
0.4524064229
0.4331836934
0.4189723776
0.4406419736
0.3853948197
0.4004318303
0.4156209677
0.3675259923
0.3843068101
0.3676367311
0.3582027041
0.3497362372
0.3610403674
0.3355965355
0.3462947056
0.3474024444
0.7050080994
0.6969317358
0.7397320679
0.6239980838
0.6587505481
0.6675838375
0.6421088245
0.650257218
0.614790588
0.5732680747
0.5630465532
0.5922068786
0.5118504651
0.5362960733
0.5467832741
0.5145255476
0.5256358363
0.5008989877
0.4805521585
0.4700750229
0.4897314597
0.4403018301
0.453334745
0.4633641632
0.4295700535
0.4421822461
0.4293887655
0.3881488613
0.439407937
0.4356204269
0.4466596372
0.4429166468
0.3918768378
0.6770153029
0.6874112739
0.654234516
0.5575391686
0.5683582335
0.5437132666
0.4723012898
0.4810311003
0.4646525219
0.3245593451
0.3773263592
0.3727487038
0.3855369256
0.3814110306
0.3286471099
0.4028987274
0.453866652
0.450138119
0.4371158755
0.4540469734
0.4064241975
0.3409901828
0.3936147523
0.3894094359
0.401565013
0.3975200855
0.3450183563
0.03904134854
0.05103251668
0.05101309788
0.05914248406
0.05427089388
0.04225280236
0.07990681384
0.06492716252
0.06903215683
0.06179161452
0.05396173785
0.06326008137
0.0378113046
0.04562228466
0.0526143473
0.04034875781
0.03280182149
0.2545718294
0.2702288057
0.275793229
0.2983739775
0.2863832766
0.2882459262
0.2204111394
0.2214788861
0.237673823
0.3762258995
0.389280502
0.3997211374
0.3814273858
0.3805596025
0.3725507615
0.4039170415
0.3975046075
0.387097186
0.3308878161
0.3263847214
0.3158312641
0.3556502896
0.3450413892
0.3419202333
0.3541424742
0.347354762
0.3612804658
0.3891609605
0.3803416755
0.3943041639
0.3642452332
0.376325881
0.3751263359
0.4532410509
0.4539946853
0.4681650949
0.4422093246
0.4424163278
0.4455553753
0.4445256434
0.4503088561
0.4345216696
0.4212240424
0.4227063575
0.4192886371
0.4355223969
0.4355321523
0.4200380826
0.458354975
0.4442231606
0.4486857969
0.3727866611
0.4246392328
0.4207563533
0.432071684
0.4282471399
0.3766557694
0.1655235804
0.1638617368
0.1376811879
0.4499381441
0.443385232
0.4511376673
0.4342313372
0.4363877757
0.440865088
0.4516228451
0.4443613032
0.4406964792
0.3076937369
0.3619197993
0.3584084
0.3691200838
0.3644440766
0.311800106
0.1097598711
0.1073464338
0.08390583264
0.1342211609
0.1383235818
0.1513040775
0.101598923
0.1266506031
0.1249744338
0.0699424902
0.0698856482
0.0732057814
0.06148709568
0.06473110949
0.06462298396
0.1634770424
0.1531247527
0.1637859205
0.1322226094
0.1396951376
0.1479694476
0.3045243409
0.3009627803
0.2436886517
0.3383525081
0.3439857616
0.3366434809
0.3498914582
0.3489505813
0.3437831089
0.2942642657
0.3029094979
0.293432663
0.3259010452
0.3138488035
0.3085789805
0.2551819214
0.3120281703
0.3082066797
0.126305709
0.1543585931
0.1523510278
0.1577882264
0.1560454066
0.1279268618
0.1023858902
0.1323223932
0.1307888621
0.1354529043
0.1338755096
0.1035457048
0.1934611794
0.1643803538
0.1663220227
0.1533710786
0.1840030759
0.1817069901
0.1787795699
0.1862376156
0.1554407565
0.1325028063
0.1612339581
0.1594026391
0.1647457227
0.1629309001
0.1340742371
0.417135479
0.4185826644
0.4345737337
0.3989739237
0.414500726
0.4158667815
0.1536693036
0.1553918261
0.1843687379
0.09793968719
0.12631049
0.1248562059
0.1292770609
0.1277888449
0.09903363797
0.1368796672
0.1350451419
0.1089651801
0.1292440419
0.155336374
0.153554672
0.3570446468
0.4093967678
0.4053670806
0.4170875354
0.4131423237
0.3609916725
0.1497669734
0.1281837782
0.1309361039
0.3543662781
0.1365279344
0.1475504419
0.1360506789
0.1034737907
0.1179040282
0.1264132141
0.05324916075
0.05817084599
0.05138412566
0.06960068307
0.06364125114
0.05930393887
0.07345163749
0.06844051755
0.07464261974
0.05465459797
0.05132780189
0.055403551
0.03956979098
0.04644117687
0.0494779089
0.2299813797
0.248150136
0.264917103
0.2366787706
0.2396343433
0.2278419445
0.27202307
0.260011328
0.2527695641
0.1788231166
0.1776298697
0.1660447088
0.2082904282
0.1961296088
0.1951004997
0.2000433132
0.1951414013
0.2112481589
0.1124898837
0.123719627
0.1202609617
0.1296570249
0.1250877283
0.1158454297
0.1496488683
0.1390394064
0.1427784661
0.09279940398
0.08715651217
0.08051391047
0.1043229874
0.096404668
0.1021497796
0.08743308323
0.09256266692
0.1018486802
0.02436094686
0.02091910545
0.02367701379
0.02814932285
0.02577435458
0.01599505148
0.02029915473
0.0196447033
0.02341187842
0.02147400651
0.01737700953
0.03137076342
0.02571804129
0.02710434416
0.09044489257
0.1136235976
0.1116017956
0.08974798272
0.09131977692
0.09616983363
0.07974412467
0.08417683222
0.08261997511
0.1171095509
0.117337218
0.1223270914
0.1039897796
0.1087842922
0.1068628671
0.02019764299
0.02157334983
0.01945073265
0.02769915823
0.02587423153
0.02672304107
0.01543924195
0.01798671048
0.01885918949
0.1169654335
0.1466669691
0.1446269871
0.1506468307
0.1481436338
0.1199578262
0.1683592036
0.1705627645
0.1986261688
0.1073248467
0.1387355487
0.137062613
0.1424960888
0.1405253864
0.1089376411
0.145812712
0.1758507016
0.1739155562
0.1797491187
0.177728532
0.1476185029
0.1389199538
0.1683490974
0.1664685022
0.1720653154
0.1701492742
0.1405914434
0.01142285089
0.01094317652
0.008830626894
0.008596872669
0.01008529083
0.009406197322
0.01270889807
0.01087466349
0.0120216785
0.143508207
0.1685256061
0.1670657028
0.1234111385
0.1217385819
0.09744678892
0.1151211833
0.1408757672
0.13885522
0.1518831551
0.1501075624
0.1244628078
1.155567475
1.155576301
1.156027427
0.4169982815
0.4253818657
0.4449664169
0.0839088436
0.07171381468
0.09187972696
0.106502243
0.1065156666
0.07589571699
0.08743521236
0.09470923605
0.08832597189
0.07873358361
0.06872409092
0.46900994
0.4370774535
0.4543687336
0.3351613473
0.3201941377
0.3310978751
0.3038238656
0.3131300061
0.3251228534
0.03562974766
0.04165520741
0.0414591611
0.274850355
0.2687973367
0.255678485
0.2171740336
0.2080667116
0.1944958035
0.238294366
0.2244474715
0.231969696
0.3094469058
0.2882642833
0.2964989654
0.1687296226
0.1561681358
0.1464644244
0.1800547033
0.1678091063
0.1806432501
0.1374699816
0.1243208316
0.1227775392
0.1379261289
0.1300396469
0.1481602971
0.02929818873
0.03376641237
0.0361711134
0.03349956997
0.03088591946
0.02633164385
1.155339932
1.155240027
1.1551712
1.155487113
1.155366954
1.155433738
1.155262683
1.15502089
1.155000163
1.155096497
1.155028336
1.155230228
1.155848586
1.155312137
1.155531431
1.155058806
1.15516999
1.155624733
1.150823143
1.156516164
1.156885234
1.155787244
1.156112748
1.15688118
0.9637944192
1.067319289
1.011927798
1.154799244
1.082454272
0.9933876907
0.8506958797
0.9403079833
0.9097623321
0.9977298041
0.9551716898
0.8705959133
0.7907692057
0.864929607
0.8515274317
0.8964158019
0.8759017525
0.8004889984
0.7691836535
0.8307028189
0.8316814193
0.8410869639
0.8374017711
0.7694688902
0.771078989
0.822665105
0.8329424651
0.8238739991
0.8298452742
0.7655936438
0.7900053106
0.8325454727
0.8495192202
0.8258149196
0.8395943793
0.7771374641
0.8427854578
0.862742959
0.8012729539
0.07471924359
0.09050644821
0.0937174731
0.110046543
0.1052625261
0.09363773034
0.04236481881
0.04113078901
0.03650021807
0.02099930075
0.007998941151
0.0004211638832
0.02110736579
0.007955596226
0.0004245715303
0.01008929412
0.004387572952
0.0003722739978
0.01017521958
0.004394747139
0.0003728081594
0.01008747996
0.004381226052
0.0003720935702
0.01005437266
0.004455612527
0.0003712800334
0.009850547584
0.004279219585
0.0003724446091
0.01959679974
0.007264734621
0.0004115522854
0.01967934937
0.007330733593
0.0004143694539
0.02256006661
0.008588439216
0.0004423263606
0.02223236067
0.008452253775
0.0004381414451
0.01092298876
0.004810881218
0.0003746164676
0.0106153517
0.00463252313
0.0003752228096
0.01073333104
0.004724106559
0.000374818496
0.0108814021
0.00479640103
0.0003746150084
0.01078202909
0.004743261529
0.000374745772
0.01019111572
0.004402894143
0.0003729698704
0.01027577766
0.004494761534
0.0003725995618
0.01055554323
0.004585488355
0.0003753525992
0.01040955503
0.004380807071
0.0003752916592
0.01032651624
0.004502436396
0.0003727185273
0.01039233754
0.004425389726
0.0003742657926
0.009963469201
0.004445586687
0.0003721138448
0.01002881594
0.00445824844
0.0003713897652
0.00992010989
0.004410729186
0.000372594774
0.009820058263
0.004216506576
0.0003732642536
0.02033356872
0.007515366322
0.0004189052807
0.02456363583
0.009490260836
0.0004729292242
0.02481602825
0.009752328228
0.0004830871632
0.02410802062
0.009238878816
0.0004631498204
0.02338144837
0.008968468372
0.0004537866471
0.02145267539
0.00810127835
0.0004293202801
0.01013375285
0.004421660275
0.0003722863114
0.01015434324
0.004415408675
0.0003724728802
0.01008147223
0.004415536227
0.0003717065976
0.01006538712
0.004445293459
0.0003713780956
0.009855266455
0.004338443879
0.000371634962
0.0200230587
0.007409521169
0.0004169147055
0.02585896558
0.01043570469
0.0005089968855
0.0253133807
0.01003526532
0.0004936498993
0.02776874814
0.02634631643
0.01070105995
0.02673209366
0.01089578909
0.02299217153
0.008805171909
0.0004484779214
0.02169531634
0.008177775106
0.0004330790253
0.01095685138
0.004816672801
0.0003746356799
0.01064998743
0.004671844438
0.000375021395
0.01070550001
0.004703812136
0.0003749396686
0.01085440047
0.004780007809
0.0003746451554
0.01080982694
0.004761419386
0.0003747323031
0.01027657268
0.004477036837
0.0003726448771
0.01051655003
0.004530661653
0.0003755508081
0.010421558
0.004416083096
0.0003757064441
0.01033896082
0.00449361033
0.0003728610048
0.01037592823
0.004476742573
0.0003734692921
0.009981692334
0.004454658494
0.0003717649395
0.01000917742
0.004453261978
0.000371616065
0.009891294388
0.004354427797
0.0003730472959
0.009814505874
0.004241552892
0.0003735724422
0.01851130117
0.006896777271
0.0004062047259
0.01825882836
0.006832714426
0.0004046077786
0.01668301963
0.006333504893
0.0003947672045
0.01510052362
0.005895561872
0.0003877610495
0.01643523571
0.006254441104
0.0003940679187
0.01303983309
0.005415929055
0.0003795157824
0.01388069187
0.00564322893
0.0003818928736
0.01493145451
0.005868926984
0.0003871366013
0.01399046751
0.005653342113
0.0003823688707
0.01298743555
0.005365236972
0.0003786885842
0.01253123811
0.005466521615
0.0003746361868
0.01245869996
0.005462385918
0.0003744448233
0.009810301632
0.004361022436
0.0003714496052
0.009805960784
0.004361839115
0.0003716425179
0.02500126289
0.01759615494
0.006656016514
0.0003995090066
0.017313555
0.006519275729
0.0003986465938
0.02790560822
0.01565904929
0.006068969128
0.0003898404947
0.01579118771
0.006067090587
0.0003915632526
0.01344452327
0.005568127231
0.0003799876215
0.01354772931
0.005592205551
0.0003802792305
0.01456905522
0.005806891912
0.0003838254941
0.01439127761
0.005801710401
0.0003829246952
0.01279188967
0.005474249561
0.0003758814002
0.01272016786
0.005475987592
0.0003754118653
0.01221765734
0.005436388799
0.0003742180469
0.01229665448
0.005443341577
0.0003743019701
0.01024601979
0.004439306467
0.0003728151616
0.0188547272
0.007046602613
0.000407300081
0.01928090416
0.007145302605
0.0004088207522
0.01804728961
0.006777190276
0.0004027259933
0.01696012239
0.006485093312
0.0003958105391
0.01528318014
0.005951107889
0.0003882521715
0.01623070784
0.006192306297
0.0003935759779
0.01321745957
0.005511336596
0.0003796068071
0.01375516467
0.005619268314
0.0003812192883
0.01477056064
0.005811317322
0.0003863002543
0.01416057581
0.005665285127
0.0003827385093
0.01293396
0.005461855801
0.0003774560387
0.01258224439
0.005467407219
0.000374814905
0.01217158878
0.005395346937
0.0003741874255
0.01210679618
0.00540050342
0.0003742138571
0.01240662499
0.005451556756
0.0003743967463
0.01121365138
0.0048405051
0.0003758770439
0.01126032517
0.004854363713
0.0003761346902
0.0116074939
0.005119069948
0.0003752652373
0.01158034294
0.005136086893
0.0003750910646
0.01205310399
0.0054110472
0.0003741311773
0.01202762203
0.005419888152
0.0003742307174
0.01166125692
0.005110520245
0.0003755345024
0.01170185205
0.005096089151
0.000375777596
0.01118448375
0.004855174588
0.000375458485
0.01112864622
0.004860701593
0.000375206099
0.009836924663
0.004363910988
0.0003714497439
0.009781689745
0.004356736489
0.01780803341
0.006709578714
0.0004008836662
0.01707834986
0.006465432513
0.0003974395977
0.01549392163
0.006024704802
0.000388748118
0.01596748778
0.006090824266
0.0003927709069
0.01332509645
0.005544050838
0.0003796888295
0.01365797479
0.005606960187
0.0003807439136
0.0146173966
0.005807625694
0.000385150534
0.01433351758
0.005748445758
0.0003826908587
0.01285072789
0.005470526362
0.000376477538
0.01266055092
0.005471399458
0.0003751026703
0.01222405179
0.005413225958
0.0003742357262
0.01233145918
0.005449017754
0.0003743148993
0.01138936988
0.004978274201
0.0003758782121
0.01132354314
0.004912013776
0.0003760908291
0.01144780719
0.005045059628
0.0003755361899
0.01151722492
0.005112597338
0.000375322426
0.01187960526
0.00528422984
0.0003752057477
0.01195389369
0.005377084696
0.0003746108946
0.01182275002
0.005197600791
0.000375670241
0.01174270722
0.005120298543
0.0003759262812
0.01104163193
0.004835245872
0.0003749558034
0.01109891934
0.004848360096
0.0003750497235
0.01104850111
0.004822567304
0.0003747709232
0.0110119599
0.004818482906
0.0003746774564
)
;

boundaryField
{
    topAndBottom
    {
        type            calculated;
        value           nonuniform List<scalar> 
12
(
1.155881181
1.155113353
1.154315957
1.153494692
1.152657859
1.151812891
1.150962373
1.150164326
1.149431967
1.148847159
1.148409434
1.148180201
)
;
    }
    inlet
    {
        type            calculated;
        value           nonuniform List<scalar> 
20
(
1.15625
1.15625
1.15625
1.15625
1.15625
1.15625
1.15625
1.15625
1.15625
1.15625
1.15625
1.093104541
1.15625
1.15625
1.15625
1.15625
1.15625
1.15625
1.049046419
1.15625
)
;
    }
    outlet
    {
        type            calculated;
        value           nonuniform List<scalar> 0();
    }
    wing
    {
        type            nutkWallFunction;
        blending        stepwise;
        Cmu             0.09;
        kappa           0.41;
        E               9.8;
        value           nonuniform List<scalar> 
133
(
0.000192106724
0.000192231144
0.0001828725191
0.0001829392936
0.0001828566574
0.0001829588795
0.0001829835191
0.0001908342881
0.0001910780067
0.0001938639765
0.00019357243
0.0001839887583
0.0001838666382
0.0001839609043
0.0001839952446
0.0001839758775
0.0001829871117
0.0001830886878
0.0001837854437
0.0001833592233
0.0001831157488
0.0001832226702
0.0001831851146
0.0001830192047
0.0001832155903
0.0001829997271
0.0001918201346
0.0001962813136
0.0001971700959
0.0001956099241
0.0001948148468
0.0001926374159
0.0001829093861
0.0001829145307
0.0001828734336
0.0001829073852
0.000183009913
0.0001914366478
0.0001990196294
0.000197923966
0.0001944632034
0.0001929557775
0.0001839917304
0.000183907039
0.0001839495931
0.0001839985935
0.0001839985373
0.0001830831558
0.0001837017261
0.0001835263696
0.0001831161548
0.0001831740716
0.0001831232225
0.0001830806528
0.0001831879974
0.0001830828477
0.0001900604978
0.0001897567913
0.0001881988727
0.0001863474864
0.0001879765672
0.0001838023758
0.0001848266176
0.0001861342935
0.0001849540661
0.0001835956663
0.0001833978457
0.0001834294839
0.0001830915749
0.0001831682703
0.0001890716374
0.0001888514395
0.000186918754
0.0001871672776
0.0001842819992
0.0001843994734
0.0001855200054
0.0001854362612
0.0001833613597
0.0001833409549
0.0001836629672
0.0001836050108
0.0001830526578
0.0001903334139
0.000190568823
0.0001895055407
0.0001883658362
0.0001865845759
0.0001877368917
0.0001840084656
0.0001846661753
0.0001859018631
0.0001851620143
0.0001834707576
0.0001833644587
0.000183810278
0.0001839162531
0.0001834834789
0.0001841212268
0.0001841853841
0.0001842400019
0.0001842667616
0.0001839839051
0.0001841001686
0.0001842341669
0.0001842224839
0.0001840698357
0.0001840496243
0.0001830680327
0.0001892846519
0.0001885849356
0.000186767232
0.0001874425395
0.000184138672
0.0001845367849
0.0001856846327
0.0001853422716
0.0001834029425
0.0001833536332
0.0001837329676
0.0001835310849
0.0001842894483
0.000184250455
0.0001843026867
0.00018432024
0.0001842428274
0.0001841841072
0.0001842596453
0.0001842482298
0.0001840073097
0.000184023241
0.0001839881951
0.0001839914913
)
;
    }
    front
    {
        type            empty;
    }
    back
    {
        type            empty;
    }
    procBoundary0to1
    {
        type            processor;
        value           nonuniform List<scalar> 
49
(
1.148103161
1.148134381
1.149168553
1.151985294
1.155038939
1.155038939
1.162180397
0.9493218258
0.4372305538
0.4365040347
0.2408379479
0.0203990344
0.4495283534
0.4583973225
0.4372305538
0.4450973773
0.2951599687
0.05226574861
0.03329622665
0.1874992099
1.158182998
1.068214117
0.7758037747
0.7347236329
0.634106776
0.6056811153
0.5306691708
0.5088789994
0.09910798311
0.07456705801
0.4044739331
0.6649949872
0.697454471
0.5540829654
0.5790609829
0.4699332812
0.4891205533
0.436633573
0.4351556266
0.1484271921
0.1257697966
0.3500978735
0.4426789046
0.8256711322
0.857788471
0.0003717675138
0.009762742266
0.0003717675138
0.004327088531
)
;
    }
    procBoundary0to2
    {
        type            processor;
        value           nonuniform List<scalar> 
58
(
1.030891285
0.05605757343
0.01265054612
0.01092707847
0.007050953079
0.01150209655
0.01150209655
0.008261699594
0.0201060585
0.01531884477
0.8046509472
0.9512397972
0.9512397972
0.5691113289
0.7470999905
0.3539839354
0.5115534869
0.1886377203
0.3075484176
0.06696862956
0.1560041841
0.02919276603
0.02621216264
0.01540651426
0.009127016331
0.01265054612
0.007033833396
0.008383323729
0.007200994369
0.9970692936
0.0463140092
0.8586818037
0.9066655099
0.628197728
0.6878985644
0.4035646291
0.4562295882
0.2248993263
0.2645894716
0.1003703593
0.1003703593
0.125151043
0.03682691489
0.02621216264
0.02174498902
0.01828194728
0.0105467219
0.007217956751
0.00783237988
0.07910947293
0.0005245491466
0.01142111486
0.01142111486
0.0005245491466
0.0005421088696
0.01224694673
0.0201060585
0.01180639367
)
;
    }
}


// ************************************************************************* //
