/*--------------------------------*- C++ -*----------------------------------*\
| =========                 |                                                 |
| \\      /  F ield         | OpenFOAM: The Open Source CFD Toolbox           |
|  \\    /   O peration     | Version:  v2012                                 |
|   \\  /    A nd           | Website:  www.openfoam.com                      |
|    \\/     M anipulation  |                                                 |
\*---------------------------------------------------------------------------*/
FoamFile
{
    version     2.0;
    format      ascii;
    class       volScalarField;
    location    "2.9";
    object      nut;
}
// * * * * * * * * * * * * * * * * * * * * * * * * * * * * * * * * * * * * * //

dimensions      [0 2 -1 0 0 0 0];


internalField   nonuniform List<scalar> 
3259
(
1.148001871
1.147999477
1.148952627
1.151604111
1.155084471
1.162154274
0.9730193489
0.8090220133
0.6688652405
0.5627372757
0.4748814657
0.4071108941
1.148077852
1.148155179
1.149348658
1.152426885
1.156570843
1.164168436
1.033209895
0.8613405245
0.7342334491
0.6232406511
0.5185974633
0.2802699962
1.148229088
1.148379694
1.149805092
1.15332102
1.157956617
1.165988001
1.104820821
0.9486207845
0.8279845697
0.7263839226
0.6241432245
0.09822972491
1.148515208
1.148737113
1.150372633
1.154283086
1.159331939
1.16770254
1.17019643
1.078115137
0.9742911594
0.898765469
0.7819066254
0.0463472931
1.148786235
1.149062925
1.150884641
1.155182646
1.160636929
1.169192745
1.171755984
1.157331456
1.107135975
0.9799080913
0.5186990769
0.02748452864
1.149132905
1.149458613
1.151437653
1.156055928
1.161821439
1.170530318
1.172850829
1.157171088
1.091053173
0.8707195846
0.185741654
0.04646781222
1.149398749
1.149756054
1.151863996
1.156785313
1.162854461
1.17162492
1.17379785
1.156836966
1.08218643
0.7533477138
0.08209818911
0.1107874952
1.149717808
1.150107457
1.152319652
1.157465319
1.163723937
1.172511077
1.174408679
1.156357574
1.073720464
0.6846086713
0.07205791269
0.1375922292
1.149921069
1.150334661
1.152631548
1.157986473
1.164442561
1.173213328
1.174810962
1.155690544
1.064674809
0.6329657874
0.06883419106
0.1486715818
1.150182166
1.150631379
1.15300556
1.158499623
1.165032268
1.1737658
1.175059843
1.154801494
1.053943228
0.5969956711
0.06788668795
0.1554293821
1.150306776
1.150790882
1.153238286
1.158878544
1.165526507
1.174204162
1.175193718
1.15366028
1.040190687
0.5715414174
0.06808206479
0.1605416092
1.150507244
1.151042071
1.153568927
1.159304346
1.165949779
1.174558489
1.175225547
1.152142036
1.023206797
0.5529758854
0.06911901488
0.1646105805
1.150554738
1.151139268
1.153746278
1.159601858
1.16632619
1.174850768
1.175147824
1.150043429
1.004798582
0.5394818271
0.07087706559
0.1677593901
1.150703132
1.151351891
1.154049137
1.159982666
1.16666292
1.175094198
1.17494169
1.147175217
0.9867427103
0.5292486094
0.07313864011
0.1701861664
1.150684412
1.151392183
1.154175969
1.160216494
1.166971915
1.1752946
1.174582533
1.143465245
0.9700352674
0.5215248402
0.07590848065
0.172170382
1.150793232
1.151573388
1.154456107
1.160567427
1.167250413
1.17545468
1.174044713
1.139000173
0.955086111
0.5160454512
0.07921336943
0.1737653354
1.150726056
1.151568218
1.154537999
1.160743282
1.167509768
1.175575914
1.173309118
1.133977697
0.9419642312
0.5125196045
0.08304431662
0.1750216437
1.150804477
1.151723518
1.154798347
1.161075116
1.167743971
1.175658814
1.172365948
1.128604603
0.930498322
0.5104451659
0.08731062942
0.1760468829
1.150712904
1.151692157
1.154849463
1.161202812
1.16796607
1.175701559
1.171216328
1.123053549
0.9204113491
0.5094339851
0.09200430371
0.1769277178
1.150758461
1.151817997
1.155085659
1.161520448
1.16816585
1.175701555
1.169873416
1.117463227
0.9115332151
0.5093298823
0.09711247495
0.1777253023
1.150676569
1.151790647
1.15513269
1.161621155
1.168357498
1.175655398
1.168359272
1.111935836
0.9037196296
0.509944384
0.1025736459
0.178471625
1.150669348
1.151868175
1.155326852
1.161911342
1.168528475
1.17556334
1.166701976
1.10654765
0.8968550634
0.5111321061
0.1083393273
0.179186871
1.15063808
1.151882487
1.155404192
1.162028461
1.16869648
1.175429909
1.164946028
1.101338627
0.8908122436
0.5128110586
0.1143948208
0.1798750657
1.150621237
1.151971159
1.155639032
1.162381076
1.168867933
1.175279588
1.16319885
1.096358777
0.8855515676
0.5148801665
0.1206608426
0.1805603634
0.4112673123
0.3237604826
0.4669669588
0.4308887811
0.5045412071
0.3955438137
0.4239079285
0.3770783314
0.03048612979
0.05009544281
0.2794495612
0.05105916873
0.03209832305
0.004728305097
0.03018636736
0.3725844212
0.01894404439
0.01116518166
0.0317508639
0.01927261679
0.01282018102
0.04523397126
0.1879952714
0.1758172112
0.2047616225
0.1929243503
0.04557888688
0.06697218674
0.2213304235
0.2090653642
0.2253871054
0.06826375988
0.04885199866
0.04785441362
0.1710561217
0.1622289477
0.02426000494
0.01215896531
0.01856098163
0.013516341
0.0303298607
0.01247347571
0.0132370502
0.01286792187
0.0303677983
0.01297228032
0.01571948283
0.5870104701
0.3774853207
0.3858129044
0.2550984905
0.008722465543
0.005332626574
0.0335172303
0.09631378962
0.09118605699
0.0120233922
0.0168483767
0.05097533608
0.03912951821
0.004391283789
0.1250657581
0.1084138992
0.08944067203
0.08529357695
0.02984916784
0.01669984389
0.01871149562
0.01184141066
0.01767531847
0.02111243611
0.002831587849
0.031290572
0.02031960676
0.1045483224
0.09813220837
0.03734620494
0.04771596701
0.1115884654
0.1062921662
0.05033610543
0.04397720412
0.02875683618
0.08274222759
0.07449936872
0.01337805879
0.012730912
0.01793003269
0.01223250412
0.01369748277
0.01521233652
0.03118207676
0.008954645473
0.01321014834
0.01208806948
0.01323915227
0.02115659314
0.1186183112
0.1132697957
0.04819715223
0.058641565
0.1266213845
0.1204780015
0.0200528343
0.02034819745
0.03294211403
0.01889233243
0.03154482524
0.01961129497
0.01978736287
0.01929792752
0.1345497741
0.128668909
0.06182730907
0.07115661768
0.1415564401
0.1362988393
0.03224087866
0.03229871655
0.04920060776
0.04754271569
0.03185025931
0.0318010291
0.02294806872
0.03648387539
0.03592278859
0.008765874329
0.01461350185
0.01651982262
0.01382344479
0.01329397496
0.01869297804
0.01893540729
0.03077966639
0.01262285599
0.009199170646
0.01247618001
0.01282232466
0.02879441573
0.01819111584
0.01877876826
0.01321316764
0.02030675865
0.0201112715
0.01584019151
0.03502156897
0.02094391457
0.02186536647
0.04278400128
0.02975701737
0.002988520753
0.02985038253
0.04559730225
0.04525920921
0.01867870199
0.01177233
0.008653061333
0.003476219241
0.01335479632
0.01365210998
0.0193726175
0.0195398686
0.031477323
0.01972191867
0.01965347168
0.01960842889
0.01990623765
0.01984130953
0.03017616239
0.03015199548
0.04556012901
0.01884273962
0.01988267821
0.01937503106
0.01944200216
0.04366030899
0.04311533163
0.02855002703
0.0135535484
0.0110997011
0.01082976235
0.008260784785
0.01133249806
0.01290639183
0.01850127239
0.01288166389
0.01389395561
0.01359849009
0.03089660731
0.01904901617
0.01925201301
0.01233442428
0.01234116192
0.0123885156
0.01312712785
0.01295186604
0.008826794538
0.009071995982
0.01318963285
0.01246677925
0.01290435397
0.01545596907
0.01906256091
0.02882069804
0.7934538193
0.6877101838
0.6563409797
0.5747569517
0.5505812998
0.4854038913
0.8420256932
0.7445657807
0.7006327894
0.7141566867
0.6295499384
0.5870550935
0.6027097052
0.5218515734
0.4913413222
0.4822657539
0.4535195552
0.4586963063
0.3941206363
0.2436005709
0.2561901785
0.9215385642
0.8281157896
0.764014065
0.8003441655
0.7193090241
0.650227015
0.6941091184
0.6157613402
0.5402869779
0.5339713842
0.5023104113
0.4846238971
0.275672533
0.1383967042
0.1554290695
1.039355663
0.9557191968
0.8557357299
0.9317693562
0.8675583348
0.7507700751
0.8482110129
0.8030960117
0.6527930065
0.795812226
0.2493466722
0.342297677
0.05968378957
1.15744845
1.126703065
0.9965498885
1.111247026
1.039034474
0.9151559106
1.00049691
0.7727555251
0.8806356908
0.6119066031
0.06715046367
0.1783299304
0.0275757189
1.157233717
1.11695923
1.124119115
1.094573948
0.9752670069
1.02544488
0.9025697384
0.4484604268
0.6970337713
0.2531898239
0.03357089369
0.0448276917
0.0375019477
1.156908411
1.1117759
1.115398008
1.08426883
0.9045224858
0.9560685318
0.7730111297
0.2086125354
0.3559374676
0.09457797957
0.04633212123
0.0350231106
0.09497885459
1.156488191
1.107123665
1.110603868
1.075864059
0.8585706575
0.893134257
0.7004725982
0.1677402166
0.1858533527
0.07356275105
0.061842001
0.05156271362
0.1336951546
1.155878133
1.102237117
1.105944128
1.067040863
0.8121668893
0.8469154907
0.6441833837
0.1572011603
0.1641197837
0.06934830182
0.07117222257
0.06425109464
0.1464635633
1.155044992
1.096587789
1.100920115
1.056860388
0.7688886106
0.8008765776
0.6048152248
0.1526134839
0.1556186601
0.06799696115
0.07936372786
0.07332254234
0.153944939
1.153974067
1.089539784
1.094990335
1.043964765
0.7330777839
0.7591337677
0.577170645
0.1505714887
0.1519328995
0.06795282879
0.08658757922
0.08125039683
0.1593696261
1.152566722
1.080265899
1.087458659
1.027671596
0.7053976632
0.7254484004
0.5570736262
0.1500910409
0.1503150004
0.06878743311
0.09300661135
0.08826507407
0.1636834754
1.150633923
1.068604638
1.077557722
1.009423796
0.684393621
0.6996031185
0.5424951627
0.1511140561
0.1502191559
0.07038867302
0.09862152358
0.09448302621
0.1670507855
1.14797094
1.05535911
1.065399654
0.9911587581
0.6679740549
0.679936425
0.531560533
0.1531173557
0.1515478146
0.07253192933
0.1035048308
0.09990328682
0.1696280994
1.144468756
1.041674451
1.051938952
0.9740560943
0.6548606987
0.6644140644
0.5232578596
0.1559123277
0.1537397176
0.0751729399
0.1077647828
0.1046200841
0.1717099035
1.140173608
1.028430374
1.03830086
0.9586516042
0.6445193881
0.6520348566
0.5172210596
0.1595487639
0.1567442894
0.07834286415
0.1114849218
0.1087389229
0.1734039639
1.135273312
1.016097508
1.025252859
0.9450779505
0.6366063321
0.642333915
0.5132441393
0.1640006925
0.1605913648
0.082053651
0.1147134983
0.1123284798
0.174735107
1.129970021
1.004816452
1.013181097
0.9332273371
0.6305919615
0.6349306959
0.5108571494
0.1690330666
0.1652152814
0.08622126044
0.1175334508
0.115443992
0.1758123742
1.124449182
0.9945520173
1.002159842
0.9228146032
0.6260271461
0.6293334445
0.5095968146
0.1744864331
0.1703534173
0.09081498537
0.1200355901
0.1181714247
0.1767248064
1.11885772
0.9852528291
0.9921415829
0.9136476058
0.622650537
0.6250816366
0.509282934
0.1803400784
0.1759070885
0.09583983542
0.1223024283
0.1206029364
0.1775452846
1.113307006
0.9768569306
0.9830744888
0.9055815045
0.6202655101
0.6219727805
0.5097362874
0.1864877535
0.1818353098
0.1012454327
0.1243841653
0.1228107645
0.1783086825
1.107882171
0.9692965295
0.9748949945
0.8984790787
0.618692739
0.6198039455
0.5107955942
0.1928457156
0.1880203242
0.1069845666
0.126327905
0.1248423442
0.1790413035
1.102620381
0.9624937551
0.9675326899
0.8922460971
0.6178201644
0.618410858
0.5123763928
0.199399585
0.1943828373
0.1130507127
0.1281678656
0.1267404037
0.1797468953
1.097569579
0.9563694506
0.9609128021
0.8867755727
0.617559678
0.617689194
0.5144226731
0.2061515628
0.2008943891
0.1194390401
0.1299402073
0.1285347511
0.1804411921
1.09243552
0.9504889996
0.9549776371
0.8816446683
0.6177839973
0.6175363299
0.5169498351
0.2134258659
0.2074771572
0.1264999655
0.13181506
0.1302583427
0.1812203921
0.2605693836
0.2732647993
0.4238512907
0.1603012321
0.1740662907
0.3295763137
0.02911237585
0.4520897546
0.4698765958
0.459452455
0.4498036795
0.4566025848
0.4465156132
0.4694596758
0.4650605077
0.4916355101
0.4064075529
0.4476804149
0.4572675613
0.4463808412
0.4452549095
0.4082284243
0.2266356564
0.238948008
0.389879984
0.03070080152
0.04852682572
0.04769902858
0.07184740449
0.07058006413
0.04936404894
0.009874097536
0.009540399931
0.2402742921
0.01801347958
0.018131358
0.03254087935
0.03924133551
0.05261148257
0.07510717007
0.07326090583
0.1431217138
0.07226065779
0.4276989009
0.2774394866
0.003278339637
0.02779874385
0.01551541806
0.04686646151
0.04641784869
0.03012080454
0.3601534452
0.2092525798
0.2212621439
0.01579342302
0.01453623231
0.004959215209
0.06283512171
0.06102622077
0.04337928207
0.1848176698
0.1368180165
0.1393593963
0.1169785292
0.1268543156
0.179422906
0.2009628978
0.1517824155
0.1552914546
0.1443668293
0.1475030689
0.196469547
0.04658287357
0.06525754017
0.06394401166
0.08841716944
0.0868631856
0.06592905424
0.2172617071
0.1673576685
0.171178477
0.1593791776
0.1632591839
0.2130738489
0.2335045302
0.1822224561
0.1749246464
0.1785808583
0.2294340547
0.06912313985
0.09133911567
0.08995701653
0.1687629055
0.1085016881
0.1143896524
0.09679689296
0.1055581625
0.1617692475
0.01853922924
0.01417504909
0.01435634676
0.01330926887
0.01311050776
0.01389091587
0.0129853996
0.01366528981
0.01344549491
0.01315218183
0.01365083684
0.5586946744
0.5261559507
0.55698421
0.3522155356
0.4905115192
0.5188018839
0.458229289
0.4828445455
0.3599295406
0.1306987385
0.1537131378
0.2663952588
0.008439645742
0.03887581686
0.03166472679
0.101889312
0.1174436814
0.006867078866
0.0524912761
0.05012028402
0.031586548
0.09452715203
0.07148887524
0.07366441184
0.06836109676
0.06959523398
0.09266269138
0.01395442525
0.02674748662
0.01992218991
0.02764365236
0.02462359897
0.01708530846
0.03282686996
0.03298477813
0.05156214622
0.01003386043
0.006963299537
0.00281581203
0.1186204247
0.06325812128
0.06946019312
0.05543936376
0.06111504911
0.1129658286
0.0881903404
0.06610201349
0.06696103555
0.06396191036
0.06470860136
0.08632633746
0.01984111374
0.01545894823
0.01374605741
0.01486082003
0.01376499724
0.01312313331
0.01513465382
0.006240693902
0.008134640521
0.102486774
0.08102237361
0.08285217883
0.07632960033
0.07873867082
0.1005036332
0.04181686321
0.05882049139
0.05585745784
0.06738980408
0.06620621631
0.04698438704
0.10975344
0.08745309284
0.08897006806
0.08444947215
0.0860047662
0.1081095538
0.04988647701
0.03254239974
0.03261274996
0.08190769755
0.06101140167
0.06193221663
0.05310830624
0.05430187321
0.0742579593
0.01363194982
0.01363927964
0.01316861659
0.01429798816
0.01315972826
0.01330142712
0.01304099402
0.01338367772
0.01313094215
0.1167710409
0.0934320075
0.09504648157
0.09041844494
0.09194002252
0.1150621493
0.04882669855
0.06951993575
0.06837741895
0.08015739686
0.07744094582
0.05514152909
0.1244863053
0.1008506997
0.1031643541
0.096761399
0.0986867219
0.1224388659
0.1326167598
0.1095472354
0.1113987052
0.105425861
0.1075926329
0.1307491692
0.06402631988
0.08497676149
0.08270840654
0.09419214101
0.09281196593
0.07024765922
0.1398255401
0.116867301
0.1187661122
0.1132082999
0.1150155605
0.1381450769
0.01344822615
0.01360322435
0.01726639425
0.01384894109
0.01354344137
0.01346091262
0.01382417387
0.01343005749
0.0141541505
0.01319691344
0.03223111057
0.01570362445
0.02242993959
0.01464987541
0.01540525075
0.03058090326
0.002039502669
0.006848030285
0.006619962167
0.01029564663
0.008151963331
0.003200225999
0.0123837019
0.009526303905
0.01040723135
0.01086498866
0.01024761949
0.01230447609
1.154523194
1.157512525
1.161302381
1.08243191
0.9621263346
0.8333666741
1.155892632
1.159394125
1.158562796
1.163219064
1.093337234
1.087099817
1.000826251
0.8848750283
0.8638366388
0.8153277856
0.779910566
0.7686640707
0.6828651311
0.6544178643
0.6407380659
0.5747360121
0.5497265706
0.5387783134
0.4026942434
0.3547805921
0.3591900925
1.157262907
1.1610643
1.160318079
1.165070109
1.140070219
1.114087026
1.064709836
0.9493304292
0.9145064946
0.8751982094
0.8437254009
0.827817642
0.7506402655
0.7222958285
0.7054731954
0.640726165
0.6140352325
0.5964805886
1.158656031
1.162674783
1.161978736
1.16683607
1.169526156
1.168620507
1.155636209
1.057080165
0.9937580979
0.9751698092
0.943562441
0.9148379755
0.8586250568
0.8330823963
0.8004988079
0.7622718911
0.7400564949
0.7021411221
0.6694479381
0.6557800556
0.6036479315
0.08317463597
0.01562676105
0.01508786597
1.160015335
1.164256389
1.163578982
1.16844141
1.171196315
1.17038744
1.171073514
1.163469589
1.116361604
1.117367374
1.088225652
1.046136414
1.021133281
1.002545181
0.9533080402
0.9621252553
0.9600982623
0.8852242027
0.731869463
0.5597975361
0.6333490755
0.0365876919
0.01937790179
0.01767864286
1.161269061
1.165685987
1.165021512
1.16989732
1.172569153
1.171936959
1.172387039
1.164081784
1.163660384
1.15729845
1.148241813
1.148793397
1.1028559
1.079432364
1.08607433
0.9590420722
0.8876502248
0.9169901211
0.4334202351
0.2270374161
0.3155134763
0.02911594226
0.04456445024
0.03292984435
1.162378727
1.166895777
1.166305583
1.171108804
1.173775208
1.173205332
1.173344195
1.164334767
1.164161145
1.157105014
1.146978046
1.147278209
1.088533549
1.053478189
1.058999915
0.8355580813
0.6853114209
0.7429208367
0.145631939
0.05975089512
0.07913939605
0.06021938166
0.143219865
0.1150202959
1.163325048
1.167899356
1.167406394
1.172096269
1.17470172
1.17426658
1.17413304
1.164397955
1.164373335
1.156748763
1.145773178
1.146056433
1.080091957
1.038171379
1.041909429
0.735104691
0.5366997833
0.5567891558
0.07729911367
0.04391590905
0.04432426377
0.1235068091
0.2139468934
0.2030888336
1.164112667
1.168721697
1.168319347
1.172886014
1.175413572
1.175082102
1.174632317
1.164247219
1.1643796
1.156213419
1.144502641
1.144839003
1.071546326
1.022868644
1.026756608
0.6699346474
0.4784099681
0.4898567381
0.07086571477
0.04418567167
0.04405078216
0.1409848404
0.2236866826
0.2219778538
1.164757873
1.169386274
1.169060829
1.173508332
1.175946438
1.175699612
1.174951683
1.16391319
1.164180837
1.155489848
1.142983473
1.143388934
1.062205616
1.006173126
1.010611867
0.6227238697
0.4462785464
0.4528292331
0.06846540303
0.0449586496
0.04473353274
0.150610375
0.228062538
0.2272512848
1.165292394
1.16992488
1.169659382
1.173999151
1.176339556
1.176157877
1.17513981
1.163416314
1.163806344
1.154543254
1.141134567
1.141634053
1.050835382
0.9857717023
0.9912937824
0.5898388256
0.4260011465
0.4303396251
0.06785116213
0.04599549965
0.04571685277
0.1568188424
0.2304293466
0.2299313521
1.165743935
1.170370392
1.170148498
1.174391887
1.176627388
1.176494741
1.175222545
1.162720622
1.163266859
1.153323422
1.138798657
1.139442807
1.036202277
0.9615149996
0.9678030204
0.5663362021
0.4120458551
0.4150898213
0.06826885525
0.04723179603
0.04689988068
0.1616471727
0.232078061
0.2317112793
1.166140046
1.170749451
1.170558894
1.174712754
1.176833279
1.176739455
1.175201453
1.161728375
1.162508764
1.151680544
1.135677965
1.13655065
1.018657752
0.9366111561
0.9426913457
0.5492128992
0.4025246312
0.4045188461
0.06950471521
0.04870137867
0.04830894089
0.1654777133
0.2332581707
0.2330099712
1.166492721
1.171080739
1.17091325
1.174979303
1.176969281
1.176909541
1.17506234
1.160311924
1.161422868
1.149404328
1.131451615
1.132625295
1.00020251
0.9139576812
0.9193525313
0.5366711085
0.3962581101
0.3975939985
0.0714027123
0.05039155646
0.04994697148
0.1684188806
0.2339542716
0.2338188967
1.166814963
1.171374018
1.17122572
1.175200708
1.177038133
1.177012066
1.174783052
1.158365293
1.159882561
1.146325838
1.126001063
1.127472843
0.9824174814
0.8942422956
0.898891243
0.5270892315
0.3920647127
0.3929439959
0.07378787965
0.0522718377
0.05177869597
0.1707167684
0.2343335588
0.2342582919
1.167106284
1.171635263
1.171503195
1.175380749
1.177036491
1.177046197
1.174337602
1.155843125
1.15779378
1.142413379
1.119518085
1.121216913
0.9661283688
0.8773799817
0.8813453843
0.5199617582
0.3896459234
0.390090528
0.07669016919
0.054339721
0.05379709689
0.1726061717
0.2345242784
0.2344944923
1.167375966
1.171867733
1.171750266
1.175521634
1.176958842
1.177007028
1.173702881
1.152783668
1.155130944
1.137789817
1.112372906
1.114199078
0.951638797
0.8630712158
0.8664238535
0.5149966425
0.3888774719
0.3889214948
0.08013498128
0.05660317613
0.05600742843
0.1741073538
0.2345102204
0.2345314461
1.167621666
1.172075979
1.171970073
1.175624613
1.176799099
1.176888605
1.172864517
1.149281273
1.151951074
1.132660014
1.104944609
1.106811828
0.938957026
0.8510093937
0.8538371499
0.5118897725
0.389515744
0.3892506333
0.08408611954
0.05905854103
0.05841053917
0.1752992867
0.2343387278
0.2343904591
1.167851784
1.172261603
1.172166183
1.175689682
1.17655076
1.176684307
1.171817882
1.14544677
1.148355307
1.127227637
1.097496984
1.099350745
0.9278567477
0.840768931
0.8431811336
0.5101023966
0.3910818835
0.3906195557
0.08846365991
0.06170402727
0.0609991702
0.1762829357
0.2340798025
0.2341469276
1.168066108
1.172428045
1.17233912
1.175715084
1.17620819
1.17638735
1.170570565
1.141391124
1.144455351
1.121655325
1.090197796
1.092001931
0.9180858735
0.8320197877
0.8340804912
0.5093331732
0.3933631086
0.3927274244
0.09327673416
0.06455923171
0.0637877179
0.1771436351
0.2337922092
0.2338590693
1.168266447
1.172574431
1.172490848
1.175698968
1.175768536
1.175992766
1.169140686
1.13721269
1.140360443
1.116072512
1.083158009
1.084889567
0.9094867486
0.8245509162
0.8263060174
0.5094275502
0.3962506038
0.3954774174
0.09849933682
0.06763889038
0.06679229431
0.1779314177
0.2335168125
0.2335746273
1.16846404
1.172704831
1.172618117
1.175639357
1.175232145
1.175499547
1.167550005
1.132995435
1.136164484
1.110572392
1.076441091
1.078088121
0.9019181072
0.8181713806
0.8196717974
0.5101988527
0.3995832969
0.3987053414
0.1040753914
0.07094498654
0.07001260473
0.1786779529
0.233276197
0.2333185236
1.168641364
1.172814747
1.172725865
1.17553301
1.174598056
1.174913069
1.165816485
1.128795451
1.131947425
1.105224787
1.070088172
1.071642476
0.8952676041
0.812743499
0.8140167399
0.5115255638
0.4032711079
0.4022934636
0.1099766285
0.07449871969
0.07345871496
0.1793965867
0.2330718118
0.2330990616
1.168822199
1.172896251
1.172812919
1.175366246
1.173851776
1.174249374
1.163928839
1.124661203
1.12776078
1.10006975
1.064109117
1.065569342
0.8894268335
0.8081531674
0.8092262359
0.5133483155
0.4072897429
0.4061867712
0.1162081947
0.0783342906
0.07715749696
0.1800932256
0.2328990034
0.2329128253
1.169028915
1.172989412
1.17290528
1.175149656
1.172951377
1.173549554
1.161768286
1.120378039
1.123658377
1.095093847
1.058453905
1.059893356
0.8842437894
0.8042297632
0.8052116327
0.5155871472
0.4115978233
0.4102921945
0.122731985
0.08246266148
0.08111497756
0.1807935342
0.2327706177
0.2327834406
0.3636329044
0.3680940359
0.4156124858
0.2571261478
0.2683461749
0.318499254
0.4376884999
0.4404658206
0.4355322887
0.4016634002
0.4202625199
0.4223787949
0.4307978381
0.4264502372
0.417155012
0.3286744307
0.3326791034
0.3812553269
0.4348537178
0.3916341243
0.3686146769
0.3205000178
0.3237269373
0.01486298481
0.4202236655
0.4215515016
0.3770150832
0.01240695083
0.01138596462
0.005728472983
0.0126503285
0.01742504199
0.01642673429
0.01775290101
0.01504297693
0.01332027146
0.01756088591
0.754406501
0.7451649911
0.7866017947
0.6749463686
0.7076457037
0.7189765806
0.6276018517
0.6153611694
0.6439078867
0.5635964441
0.5886374059
0.6004631031
0.52796892
0.518381018
0.5401610373
0.4797250326
0.4987187805
0.5074015266
0.8099905687
0.7940325455
0.8316874536
0.7271080664
0.7599926372
0.7768077101
0.7342134287
0.7460157795
0.7131622364
0.6850073507
0.6678361962
0.6966348669
0.6135255608
0.6400604383
0.6568140605
0.6130182774
0.6269642261
0.6007056311
0.5766097219
0.5621923047
0.587422735
0.5086360001
0.5384525401
0.5505819034
0.5166770661
0.5271303199
0.4992513934
0.3459804774
0.3503522451
0.3985246116
0.2476077963
0.2994607047
0.2951916659
0.3082489589
0.3039292398
0.2520791277
0.8898268389
0.8650830249
0.8994904627
0.8025670228
0.8329093083
0.8574939497
0.7953335893
0.8109450837
0.780031889
0.7724012919
0.7454377689
0.7732886014
0.6912106683
0.717985569
0.7451680287
0.6775065559
0.6944263263
0.6675361152
0.6685310037
0.6386433187
0.6648454187
0.583633558
0.61212162
0.643209051
0.5689533636
0.586686703
0.5582868696
0.2068633441
0.2026793015
0.1504761359
1.009087743
0.9738193411
1.007743289
0.9189571572
0.9452026092
0.9807972902
0.884490821
0.9133839591
0.8851265441
0.9090388532
0.8689660439
0.893395711
0.824009271
0.8458308207
0.88770726
0.7750535863
0.8085094995
0.7852044676
0.8294129746
0.782749084
0.8030475507
0.7415513231
0.7622790513
0.8124918534
0.6786251769
0.71843336
0.6942088036
0.6640608582
0.6986314833
0.7267990482
0.2748496921
0.5113511465
0.4834380631
0.5545743648
0.547613469
0.3290369874
0.01669189716
0.01597368378
0.07302354897
0.03143068726
0.03445495955
0.02817998294
0.02990168098
1.149460551
1.13559082
1.157605231
1.091702338
1.111592207
1.139300385
1.020093039
1.063160988
1.04130692
1.092280668
1.060147767
1.074541324
1.043911396
1.049829512
1.068759307
0.9335382437
0.9855569705
0.9711497371
0.9490654835
0.9673562652
1.014774164
0.8119355925
0.9019412678
0.8778347595
0.8797631772
0.9341036772
0.8529652924
0.3930298412
0.5023266997
0.6840279758
0.09747213735
0.2793627586
0.1878184638
0.4214535879
0.3417692577
0.1467456583
0.02585578644
0.02183415111
0.02898469658
0.0599521527
0.07860993675
0.03940362913
0.04743623024
1.147569789
1.147856712
1.157272227
1.119078052
1.135246471
1.13437014
1.137839076
1.136440096
1.121527346
1.065566541
1.072485093
1.09857948
0.993773316
1.038710405
1.027258826
1.059590247
1.049637457
1.010877155
0.7981366172
0.8435452134
0.9319012591
0.5317212449
0.7122524911
0.6465847766
0.8277071828
0.7850012598
0.633384986
0.1139853272
0.1600759317
0.3253308741
0.03396784343
0.06092606161
0.04506080671
0.1431185624
0.08985915483
0.03547574926
0.08530684389
0.06159564909
0.03225418778
0.1509597259
0.1767216538
0.1006795263
0.1253331751
1.146360814
1.146684735
1.157030494
1.112993571
1.132425503
1.131766652
1.133713449
1.133062988
1.114182743
1.045621663
1.049293933
1.086387648
0.9183766382
0.9960964885
0.9894169357
1.015845696
1.005256293
0.9367379132
0.5854032183
0.6313868917
0.8024847027
0.2404218064
0.4240658791
0.3790858803
0.5618429327
0.4883841561
0.2918206849
0.04598710459
0.04986877878
0.1142632579
0.04135399329
0.03841163331
0.03917008793
0.03954371031
0.03855135724
0.03772263808
0.1883503536
0.1677761492
0.07660931708
0.2447775689
0.2613923671
0.2018093289
0.2248528264
1.145146412
1.145464039
1.156616376
1.108293003
1.12989751
1.129269222
1.131126986
1.130518306
1.109457148
1.030596886
1.034400932
1.077984776
0.8701817263
0.969588419
0.9628687838
0.9828785841
0.9762690237
0.8817002099
0.5032721655
0.5188676099
0.7173811675
0.1721378731
0.3245236507
0.315243345
0.349487505
0.3356818885
0.1775690115
0.04394805229
0.04389108842
0.07525912223
0.05940980889
0.04162619744
0.04218557635
0.04002673088
0.04108131236
0.05678069085
0.2199537746
0.2175833045
0.1292601176
0.2850557118
0.2867883547
0.2735545356
0.282251581
1.143773646
1.144141129
1.156052201
1.103508776
1.127310907
1.12661448
1.128634246
1.127982998
1.104740812
1.01483904
1.018908291
1.069324396
0.8236620968
0.9422681202
0.9350958705
0.9560998756
0.949248414
0.8352542454
0.4602054787
0.4686400575
0.6564721087
0.159083684
0.2959988074
0.2915819975
0.3075608672
0.301214596
0.1612060533
0.04452969037
0.0443449369
0.07000586831
0.06892261437
0.04406433342
0.04474768143
0.04278020177
0.04340978582
0.06662132639
0.2262832194
0.225109948
0.1439252618
0.2903382572
0.2910689524
0.2882245278
0.2894001472
1.142107303
1.142556852
1.155274464
1.098102922
1.124335447
1.12350263
1.125888652
1.12512937
1.099543272
0.9965329086
1.001487601
1.059606766
0.7791498635
0.9118337433
0.9035531175
0.9276432927
0.9198803407
0.7898372646
0.4351256559
0.4404153706
0.6133643435
0.153435193
0.2816090092
0.2790642414
0.2877891084
0.2844871196
0.1544059038
0.04545246906
0.0451976028
0.06818096582
0.07742777013
0.04693436491
0.04770867487
0.04545163846
0.04618245538
0.07542416524
0.2293813226
0.2287611491
0.1523558222
0.2923707119
0.2926236719
0.2916264693
0.2920489719
1.140043372
1.140605957
1.154267961
1.091480451
1.120716683
1.119669504
1.122625795
1.121698938
1.093291316
0.9739791136
0.9799874431
1.047512315
0.7412269145
0.8782511194
0.8699793224
0.895129732
0.8866616294
0.7499053613
0.4184185436
0.4220460341
0.5832516517
0.1509238623
0.2731145412
0.2715824812
0.2768700164
0.2748859149
0.1513697486
0.04658631072
0.04628293415
0.06787069615
0.08485828328
0.05013224989
0.05096778768
0.04850048384
0.0493109055
0.0830833428
0.2313149909
0.2308887567
0.1581331177
0.2931594234
0.2932923435
0.2928306025
0.2930069029
1.137357787
1.138105782
1.152960012
1.082822956
1.116040814
1.114642296
1.118547061
1.11733976
1.085220197
0.9488991546
0.9551928266
1.032015006
0.711622236
0.8467086178
0.8396227052
0.8619196345
0.854148155
0.7182977364
0.4067653007
0.4092714041
0.5615155396
0.1500683982
0.267978109
0.2671158028
0.27021245
0.2690094606
0.1501416853
0.04793662716
0.04757442302
0.06849935706
0.09147586409
0.05352566048
0.05439518359
0.05181080644
0.05266607251
0.0898973754
0.2327280022
0.2324179985
0.1626964004
0.2935863095
0.2936462374
0.2934079457
0.2935065206
1.133710873
1.13472977
1.151179891
1.071711907
1.109795395
1.107957091
1.113137573
1.11152154
1.07470044
0.9249301141
0.9306861537
1.014052376
0.689135781
0.8204649051
0.8147295604
0.8328926923
0.826510724
0.6941909416
0.3990654219
0.4006893363
0.5457266403
0.150741526
0.265473307
0.2651871381
0.26641705
0.2658748519
0.1504359295
0.04952178882
0.04910186171
0.06992461013
0.09729044202
0.05701929674
0.05790047657
0.05526554703
0.05614396424
0.09591319464
0.2336604455
0.2334739806
0.1662910458
0.2937076551
0.2936874582
0.2936868325
0.2937075223
1.12887441
1.130202056
1.148714629
1.058756368
1.101814101
1.099583588
1.106009779
1.103958711
1.062108426
0.9037238426
0.9087452091
0.9956515302
0.6717407004
0.7991433288
0.7944325267
0.8092767522
0.8040857294
0.6757227765
0.3939370206
0.3950406965
0.5340291453
0.1525484312
0.2648250085
0.2648464649
0.2649924702
0.2648728286
0.1520237049
0.05130811877
0.05083942614
0.07194779727
0.1023437453
0.06052057543
0.06139225041
0.05877445247
0.05965289721
0.1011475333
0.234171527
0.2340706775
0.1690414993
0.293516369
0.2934241924
0.2936489314
0.293592107
1.122867627
1.124464647
1.145423789
1.04508063
1.092482622
1.090018912
1.097277033
1.094905356
1.048505372
0.8854746287
0.889772544
0.9781852152
0.657861943
0.781578166
0.7776960439
0.789939303
0.7856557454
0.6610412566
0.3906412442
0.3912983374
0.5251184458
0.1551352763
0.2653393519
0.26565342
0.2649374499
0.2651001495
0.1544094709
0.05328211232
0.05276474192
0.07445858657
0.1067484905
0.0639568365
0.06480696306
0.06224998222
0.06311189864
0.1057057245
0.2344525082
0.2343979589
0.1712252979
0.2930684383
0.2929257577
0.2933177935
0.2931993787
1.116002764
1.117778532
1.141316997
1.031669521
1.08247738
1.079946741
1.087523227
1.085005448
1.034961377
0.8699234695
0.8735745895
0.96233242
0.6468676834
0.7671329101
0.7639562385
0.7739981506
0.7704777576
0.6493692116
0.3890627182
0.3893038074
0.5185246262
0.1585601356
0.2670250126
0.2676279768
0.2660390188
0.2664954147
0.1576249466
0.05544658195
0.05487755595
0.07749169693
0.1105982273
0.06728963199
0.06811368872
0.06563737238
0.06647498836
0.109690021
0.2345428203
0.2345395776
0.1730169029
0.2924287666
0.2922409073
0.2927717701
0.2926061771
1.108674724
1.110530249
1.136546209
1.019083389
1.072405404
1.069930091
1.077419483
1.074902996
1.022134292
0.8567857697
0.8598616403
0.9483014371
0.6383968429
0.7553672169
0.7528012718
0.7609403141
0.7580742103
0.6402675512
0.3890505346
0.3889230246
0.5140644214
0.1628199034
0.2698432608
0.2707044286
0.2683003004
0.2690401581
0.1616827164
0.05780750371
0.05718573866
0.08106905065
0.1139405115
0.07049964761
0.07129471243
0.06891113807
0.06972089775
0.1131557484
0.2344389991
0.2344773752
0.1744279094
0.291620716
0.2913991319
0.2920424391
0.2918362731
1.101211383
1.10307729
1.131323816
1.007539838
1.062660619
1.060300462
1.067478661
1.065053703
1.010327137
0.8456875915
0.8482957274
0.9360455069
0.6319418907
0.7458389067
0.7437441404
0.7503596401
0.7480405229
0.6333836853
0.3902045252
0.3898351664
0.5113356435
0.1677315323
0.2735387839
0.2745541081
0.2716107091
0.2725580496
0.1664619519
0.06035650395
0.0596813047
0.08512594087
0.1168512948
0.07357639833
0.07434491095
0.07205441803
0.07283572
0.1161692171
0.2342169639
0.2342778834
0.175557863
0.2907009193
0.2904606725
0.2911706475
0.2909391049
1.093820905
1.095653608
1.125842361
0.9970261997
1.053418175
1.051196083
1.057972242
1.055676825
0.9995612687
0.8362250421
0.838453459
0.9252956375
0.6270503374
0.7380484105
0.7363184706
0.7417495222
0.7398366891
0.6281495605
0.3921365717
0.3915865453
0.5098174806
0.1730763551
0.2777664659
0.2789029485
0.2755943247
0.2766671774
0.1717069079
0.06310395519
0.06236715318
0.08960296585
0.1194189541
0.07652930881
0.07727866692
0.07506699567
0.07582489306
0.1188180877
0.2339363853
0.2340044488
0.1765000076
0.2897232527
0.289478091
0.2902155275
0.2899716793
1.086640635
1.088410792
1.120256668
0.9874910962
1.044747572
1.04267479
1.049009392
1.046858897
0.98978633
0.8281365466
0.8300406179
0.9158315871
0.6233941401
0.7316277843
0.7302234144
0.734665657
0.7331067104
0.6242021773
0.3947416807
0.3940328164
0.5092807825
0.1788305791
0.2824642222
0.2837102271
0.2800609858
0.281254338
0.1773691734
0.06607084039
0.0652628455
0.09451023318
0.1217323986
0.07938249457
0.08012263233
0.07796661746
0.0787104358
0.12119503
0.2336516117
0.2337145156
0.1773349527
0.2887407059
0.2885026942
0.2892293988
0.2889874537
1.079756946
1.081447348
1.114687132
0.9788745322
1.036678732
1.034755481
1.040638729
1.038639678
0.9809462788
0.8212359323
0.8228691475
0.9075035733
0.6207800367
0.7264178271
0.7252799202
0.7288883048
0.7276191725
0.6213478942
0.3978685586
0.3970417146
0.5095591626
0.184900881
0.2875280661
0.2888522657
0.2849607267
0.2862464838
0.1833840259
0.06926300819
0.06837562804
0.09980294967
0.1238459025
0.08215584494
0.08289506984
0.08077839406
0.08151693123
0.1233631929
0.2333915486
0.2334415837
0.1781027336
0.2877896795
0.2875667675
0.2882592201
0.2880286271
1.073219605
1.074819109
1.109223098
0.9711148144
1.029202538
1.027425432
1.032867864
1.031016111
0.9729791762
0.8153445911
0.8167304024
0.9001720155
0.6190155827
0.7222057456
0.7212932053
0.7241989577
0.7231743471
0.6193871323
0.4013848396
0.4004594252
0.5104735292
0.1911806134
0.2928330239
0.2942278343
0.2901563568
0.2915129042
0.189643207
0.0726884225
0.07170581481
0.1054198066
0.1258065945
0.08486652741
0.08561988618
0.08351702208
0.08426101343
0.125370935
0.233170369
0.2332045208
0.1788330191
0.2868902066
0.2866858576
0.2873327078
0.2871197335
1.067052044
1.068558513
1.103916946
0.9641311093
1.022305788
1.020669769
1.02568347
1.023975926
0.9658085737
0.8103500114
0.8115205792
0.8937294571
0.6179691162
0.7188500886
0.7181393361
0.7204284955
0.7196164679
0.6181747584
0.4052396969
0.4042055417
0.5119152641
0.1976203615
0.2983230204
0.2998148696
0.2955571477
0.2969928828
0.1960972247
0.07637994232
0.07527537354
0.1113319523
0.1276489637
0.08755051384
0.08834025791
0.08620927896
0.08697790978
0.1272586931
0.2329811137
0.2330009212
0.1795332983
0.2860444392
0.2858578333
0.2864601857
0.2862656102
1.061259565
1.062685909
1.098818599
0.9578562537
1.01597212
1.014462147
1.019069949
1.017499083
0.9593630219
0.806130905
0.8071256336
0.8880886418
0.6175474343
0.7162488868
0.7157084894
0.7174629655
0.7168412853
0.6176220473
0.4094124862
0.4082255076
0.5138082229
0.2041861794
0.3039617239
0.3056168739
0.3011303933
0.3026898661
0.2027535962
0.08036105543
0.07910457499
0.1175074963
0.1294034867
0.09024221721
0.09109408115
0.08889393062
0.08971111632
0.1290598591
0.2328283933
0.2328381062
0.1802157075
0.2852653439
0.2850868672
0.2856439622
0.2854649197
1.055479052
1.057296948
1.094041871
0.9523558533
1.01029356
1.008371681
1.013022865
1.01148679
0.9534881602
0.8023272708
0.803539113
0.8832787879
0.6176389387
0.7143496823
0.713740133
0.7152036225
0.7146880673
0.6176054494
0.4140523172
0.4123485516
0.5159997799
0.2107288174
0.3095834371
0.3118878508
0.3067941086
0.3085816724
0.2095825579
0.08494696223
0.0831763547
0.123832347
0.1311060364
0.09296305798
0.09411791597
0.09159758029
0.09249374268
0.1308151446
0.2327522998
0.2327558502
0.1809143217
0.2846065051
0.2843746226
0.2849150852
0.2847245894
0.2647631607
0.3170505413
0.3126882638
0.3258112775
0.3214337585
0.2690214304
0.4196639075
0.3725689247
0.3771180166
0.1646556003
0.2161134446
0.2116338264
0.2251579783
0.2201209471
0.1692889664
0.3233064492
0.2720161425
0.277630944
0.02407625045
0.02539452474
0.449710264
0.4453862796
0.4440825069
0.4521116777
0.4467210869
0.4469226708
0.4424694507
0.4448302517
0.4505074248
0.4187477433
0.4183996848
0.4107194532
0.4479662233
0.4370054945
0.4371839447
0.4408896694
0.4369107675
0.4513128114
0.4442717864
0.438583483
0.4403061562
0.4371922634
0.437517446
0.4455593406
0.4117381187
0.4228799946
0.4198609604
0.2302885204
0.2817999917
0.2780063366
0.2906358163
0.2865144477
0.2351100829
0.3854672875
0.3372504698
0.3415120933
0.02711395042
0.02487030535
0.009597319542
0.2292064528
0.09955078078
0.1161118304
0.01763829677
0.03287895532
0.02973607691
0.03637409588
0.1207711299
0.1229002424
0.1446310163
0.07328389266
0.09707960391
0.0956609031
0.3817440626
0.3865549874
0.4315347008
0.2816008851
0.3344629716
0.330152193
0.3387079622
0.2857260553
0.005940121087
0.00627022432
0.003752028526
0.03583757723
0.01194184864
0.01412693015
0.3109608795
0.3143067489
0.3639190658
0.211575328
0.2631203947
0.2601045133
0.272718705
0.2699825929
0.2187715681
0.01193614635
0.01376547022
0.01462178226
0.008840567754
0.01319391287
0.01157656903
0.1196098594
0.1376199467
0.1366456978
0.1383504183
0.1381956789
0.1229244881
0.1099482249
0.1318769517
0.1305840671
0.1351806422
0.1337055123
0.1123996953
0.0965913172
0.1195305816
0.1194320643
0.1279433192
0.1267321586
0.1044679612
0.01424482501
0.4685757668
0.4436923151
0.4376804539
0.3689735265
0.4289627905
0.4434801615
0.09713462784
0.04207954276
0.04942349976
0.02943289264
0.0382526373
0.08823845245
0.006439869516
0.009922071302
0.01021907412
0.0187200999
0.01767846262
0.01386992716
0.02551712664
0.01920161168
0.01870679987
0.01735022677
0.01767206803
0.02251528275
0.09270610414
0.09135921373
0.05250355415
0.01925050401
0.0125754364
0.0128496455
0.01232746799
0.01248674288
0.01418811556
0.01333632305
0.07342699935
0.09179170678
0.2092739013
0.4599242159
0.4612773938
0.4789920273
0.4569537713
0.4739898782
0.4513994441
0.4854366389
0.5057300798
0.4624349708
0.1456879466
0.1970623329
0.2089572123
0.4615759429
0.4525942139
0.4683535688
0.4529609867
0.4644315587
0.4576192992
0.4662455276
0.4759936148
0.5055434372
0.4665477212
0.483832997
0.4575631468
0.01067709425
0.02227102756
0.02537861017
0.04277621763
0.03444227644
0.01966673269
0.03949123025
0.4424384156
0.4589606029
0.3255428715
0.4494805021
0.4668843988
0.4649430267
0.8369588441
0.869147227
0.894608547
0.8886716186
0.9189404683
0.9520766924
0.8873437882
0.9184221265
0.8564616299
0.9491003989
0.9805542127
1.022335129
0.9468234579
0.9860895709
0.9088481421
1.049178822
1.063460581
1.118515903
1.015690304
1.06468616
0.9968934004
1.163300203
1.167321719
1.167630397
1.118387009
1.166972012
1.13051569
1.163959273
1.168419581
1.168615393
1.167925907
1.168166627
1.163823623
1.164306339
1.169073455
1.16923285
1.168829075
1.168958387
1.164264136
1.164404376
1.169540402
1.16960515
1.169334218
1.169449889
1.164397862
1.164303773
1.169741305
1.16975482
1.169667139
1.169704081
1.164347616
1.164013201
1.16976088
1.169734688
1.169770686
1.16976264
1.164101127
1.163558322
1.169643427
1.169581131
1.169717856
1.16967326
1.163685665
1.162920359
1.16939614
1.169290264
1.169537897
1.169454614
1.163098433
1.162014474
1.168979568
1.168816374
1.169213028
1.169079811
1.162269418
1.160716135
1.168327606
1.168090546
1.168687841
1.168489138
1.161080852
1.158909569
1.167368848
1.167042362
1.167891003
1.167610302
1.15940958
1.15653184
1.166044067
1.16561782
1.16675526
1.166378805
1.157176006
1.153599143
1.164325488
1.163800136
1.16523424
1.164756851
1.154375655
1.150197423
1.162228215
1.161613399
1.163322288
1.16274972
1.151081133
1.146435418
1.159795783
1.159106346
1.161050799
1.160395466
1.14739861
1.142425068
1.157089484
1.156343083
1.158473046
1.157751715
1.143440207
1.138268846
1.154177191
1.153390991
1.15565542
1.15488564
1.139311886
1.134053813
1.151123508
1.150313034
1.152664904
1.15186319
1.135103687
1.129845707
1.147984242
1.147159336
1.149563561
1.148744732
1.130890418
1.125696669
1.144804754
1.143966649
1.146401216
1.145581177
1.126722029
1.121715399
1.141664529
1.140596617
1.143227317
1.142413017
1.122614902
0.009504484367
0.004187234151
0.0003748930778
0.009431685267
0.00415477056
0.0003749253411
0.01029970376
0.005780513458
0.0005771329339
0.006908647588
0.001549072283
0.000301530423
0.009608681739
0.004422775196
0.0003727208828
0.00110060324
0.0002108567264
0.009467790295
0.004055252766
0.0003743927981
0.008805310793
0.005312241014
0.0009080952909
0.01053409281
0.006015048087
0.0005597528513
0.009175461892
0.003805008939
0.0003731734367
0.009626060872
0.004328048182
0.0003735558737
0.009641719817
0.004368055973
0.0003729346574
0.009569030981
0.004210095779
0.0003741467877
0.009576437683
0.004183000138
0.0003740006803
0.009462950706
0.00417209969
0.0003745559867
0.00943196997
0.004110784941
0.0003748343732
0.01011892327
0.006101084094
0.0005549174807
0.009507489496
0.004202747426
0.0003746728695
0.009533499789
0.00424754295
0.0003744178229
0.01021794757
0.005691369457
0.0005725302183
0.009527242631
0.004235781492
0.0003744506885
0.009522242656
0.004285143383
0.0003741694222
0.009679147879
0.005498664581
0.0005971602978
0.007116977226
0.002653553578
0.0003451767282
0.009667541807
0.004377426471
0.0003725488607
0.009688850895
0.004374192151
0.0003719606957
0.009636286498
0.004404715663
0.0003721873588
0.009634526826
0.004294147584
0.0003730286918
0.009493014865
0.004338055592
0.0003736460794
0.009466315961
0.004188773064
0.0003744344264
0.008366127161
0.005430877329
0.000789092717
0.008404077899
0.005333663965
0.0008503275633
0.01044916737
0.006008308145
0.0005558627193
0.009601666846
0.004400859345
0.0003724587574
0.009588669126
0.004342826972
0.0003734738596
0.01005718407
0.005714119998
0.0005719201062
0.009470199285
0.004204472762
0.0003740979999
0.01000262812
0.005483660302
0.0006053848942
0.009976304164
0.003340648445
0.0003665054018
0.000234474354
0.006120389409
0.0005512088891
0.006096766606
0.0005510694235
0.008260476495
0.004487492221
0.0008261270736
0.009699141524
0.004239344474
0.0003727552538
0.008789018117
0.005332700218
0.0007083315783
0.005092848287
0.0005501386141
0.009224320251
0.005378218567
0.0007341511148
0.009701185596
0.00436067624
0.0003709787333
0.00969323368
0.004370663937
0.0003716074454
0.009714378584
0.004349879786
0.0003709903692
0.009695924745
0.004201529737
0.0003727586807
0.009867589344
0.005871705566
0.0005657710385
0.009242938967
0.005398957897
0.0006360659491
0.009136674012
0.005459704215
0.0006185216068
0.0005484535174
0.009609103915
0.005653841285
0.0005876382992
0.008334221656
0.005722392916
0.001100604027
0.0003718236868
0.009759386613
0.004327748825
0.0003722764071
0.009536205623
0.004213204383
0.000373704459
0.008668096668
0.005330891028
0.0006774076808
0.009700750427
0.004365084842
0.0003711697954
0.009680238112
0.004374930905
0.0003713314539
0.00971726397
0.004313403792
0.0003713971433
0.009713342564
0.004241856627
0.0003721966997
0.009656129487
0.005356989748
0.0006526966835
0.007977498387
0.005496981873
0.001015900633
0.008091832088
0.005467466351
0.00109643162
0.0008974372299
)
;

boundaryField
{
    topAndBottom
    {
        type            calculated;
        value           nonuniform List<scalar> 
24
(
1.148001871
1.148077852
1.148229088
1.148515208
1.148786235
1.149132905
1.149398749
1.149717808
1.149921069
1.150182166
1.150306776
1.150507244
1.150554738
1.150703132
1.150684412
1.150793232
1.150726056
1.150804477
1.150712904
1.150758461
1.150676569
1.150669348
1.15063808
1.150621237
)
;
    }
    inlet
    {
        type            calculated;
        value           nonuniform List<scalar> 0();
    }
    outlet
    {
        type            calculated;
        value           nonuniform List<scalar> 
30
(
1.150621237
1.151971159
1.155639032
1.162381076
1.09243552
0.9504889996
0.8816446683
0.6177839973
0.5169498351
0.2134258659
0.1264999655
0.13181506
0.1812203921
1.169028915
1.172989412
1.175149656
1.172951377
1.161768286
1.120378039
1.055479052
1.008371681
0.8023272708
0.713740133
0.4140523172
0.3118878508
0.08494696223
0.09411791597
0.2327522998
0.2843746226
1.140596617
)
;
    }
    wing
    {
        type            nutkWallFunction;
        blending        stepwise;
        Cmu             0.09;
        kappa           0.41;
        E               9.8;
        value           nonuniform List<scalar> 
70
(
0.0006924262791
0.0001854507574
0.0001854571255
0.0001696146609
0.0001391923114
0.0001851825716
8.426272374e-05
0.0001854799587
0.0001421606505
0.0001776851606
0.0001844618742
0.0001841412698
0.0001840522153
0.0001840883685
0.0001840857118
0.0001853292528
0.0001854726986
0.0001808542495
0.0001846470862
0.0001846680137
0.0001708354038
0.000184712051
0.0001848135551
0.0001645610286
0.0001677731596
0.0001839828355
0.0001838422619
0.000184364472
0.0001842119709
0.0001853425075
0.0001856318412
0.0001477584755
0.0001445831487
0.0001787946519
0.0001845105055
0.0001846453918
0.0001730666031
0.0001847520655
0.0001625716266
0.0001804675243
6.87941338e-05
0.0001838106535
0.0001822810818
9.898268062e-05
0.0001831176073
0.0001506042146
6.677970772e-05
0.0001490265954
0.0001833547026
0.00018371918
0.0001832520595
0.0001830640287
0.0001755274584
0.0001576004405
0.0001600534396
0.0001853590929
0.0001674637078
0.0001298404759
0.000183139594
0.0001831797978
0.0001849055112
0.0001528265705
0.0001834824274
0.0001835936494
0.0001831556169
0.0001830892804
0.0001556043436
0.0001407832754
0.0001361225758
0.0001070933467
)
;
    }
    front
    {
        type            empty;
    }
    back
    {
        type            empty;
    }
    procBoundary1to0
    {
        type            processor;
        value           nonuniform List<scalar> 
49
(
1.148120904
1.148039154
1.148725016
1.150875052
1.150875052
1.153966578
1.160374447
0.9544969875
0.437690491
0.437690491
0.2376082921
0.02052125026
0.4521164566
0.465590737
0.4532295553
0.4566889912
0.289796981
0.05231544614
0.03322415085
0.1859089777
1.156950643
1.080787008
0.7724571075
0.7346652205
0.6331111976
0.6044304346
0.5302419084
0.509243258
0.09856881067
0.0744854551
0.3972375456
0.6640736814
0.6974661515
0.5531233441
0.577816803
0.4744139423
0.4905614928
0.453934617
0.4459109759
0.1459031519
0.1252358474
0.3428185091
0.4652256805
0.8124330294
0.8745751423
0.0003716844807
0.009777923774
0.004357433092
0.004357433092
)
;
    }
    procBoundary1to3
    {
        type            processor;
        value           nonuniform List<scalar> 
136
(
0.01344283494
0.01267751973
0.02775914442
0.01388178791
0.02164643958
0.02339473851
0.02775914442
0.02772110661
0.01250231124
0.01252293361
0.008956521933
0.02567741052
0.01267751973
0.01631913097
0.01242490595
0.01268095722
0.09529640482
0.08102123852
0.1543068965
0.1053032347
0.2464053198
0.1760611932
0.3160699853
0.2676247908
0.3391239714
0.3262329775
0.3450068357
0.3409943674
0.3476881514
0.3458934297
0.3489964975
0.3480950225
0.3496252367
0.3492077969
0.3497168844
0.3496931465
0.3493577015
0.3496629775
0.3486696778
0.3492109422
0.3477199224
0.3484540192
0.3465436377
0.3474427444
0.3452178146
0.3462215008
0.343819766
0.3448706129
0.3424041503
0.3434634488
0.3410072985
0.3420482663
0.339653063
0.3406580698
0.3383499169
0.3393121625
0.3371066949
0.3380229056
0.3358969552
0.3368318568
0.02772110661
0.02772110661
0.04513641554
0.04784783598
0.04913248986
0.05683668416
0.01466597382
0.01735409261
0.05181901163
0.04913248986
0.02567741052
0.02802609531
0.02567741052
0.01546535963
0.0204562461
0.02503191997
0.08881864653
0.0849106501
0.1349254764
0.1185709145
0.2229520254
0.1993829842
0.3024726053
0.2864450345
0.3369473003
0.333931444
0.3439137145
0.3425859876
0.3472014812
0.3466149391
0.3487420502
0.3484447634
0.3495215957
0.3493840378
0.3497390446
0.3497317227
0.3494820277
0.349585563
0.3488667025
0.349048562
0.3479802347
0.3482263576
0.3468539621
0.3471553462
0.3455579844
0.345894644
0.3441712675
0.3445236647
0.3427552939
0.3431115072
0.3413490477
0.3417013518
0.3399796897
0.3403240374
0.3386596457
0.338994559
0.3374109974
0.3377202691
0.3363053793
0.3365060509
0.04048332487
0.04296689054
0.05524126372
0.05713569585
0.05005760198
0.01865517114
0.02608953281
0.06120492661
0.05976126686
0.05149301802
0.01062123853
0.01059540083
0.00619501904
0.01062123853
0.00619501904
0.0005473908276
)
;
    }
}


// ************************************************************************* //
