/*--------------------------------*- C++ -*----------------------------------*\
| =========                 |                                                 |
| \\      /  F ield         | OpenFOAM: The Open Source CFD Toolbox           |
|  \\    /   O peration     | Version:  v2012                                 |
|   \\  /    A nd           | Website:  www.openfoam.com                      |
|    \\/     M anipulation  |                                                 |
\*---------------------------------------------------------------------------*/
FoamFile
{
    version     2.0;
    format      ascii;
    class       surfaceScalarField;
    location    "0.43";
    object      meshPhi;
}
// * * * * * * * * * * * * * * * * * * * * * * * * * * * * * * * * * * * * * //

dimensions      [0 3 -1 0 0 0 0];
oriented        oriented;


internalField   nonuniform List<scalar> 
6430
(
0
0
0
0
0
0
0
0
0
0
0
0
0
0
0
0
-6.342753153e-06
0
7.916120645e-06
-2.189221188e-05
-2.454519904e-05
-3.974560879e-05
0.0001142751916
4.231129385e-05
-0.0001833362067
-0.0001099709429
0.0004502707445
0.0001116967235
-0.0005453734291
-0.0001421290378
0.0007957283662
0.0001425436039
-0.0008575749957
-0.0001113383511
0.0009341355398
0.0001110787567
-0.0004684296896
-0.0004654462558
-1.559315433e-05
0.0002343539467
1.552752986e-05
-0.0002342883222
0
0
0
0
0
0
0
0
0
0
0
0
0
0
0
0
-9.346959365e-06
0
7.745725307e-06
-2.739654239e-05
-2.46479696e-05
-4.619150964e-05
0.0001232199577
4.487895631e-05
-0.0001924606784
-0.0001161909941
0.0004495264173
0.0001143709577
-0.0005396264794
-0.0001445784359
0.0007713989419
0.0001433073491
-0.0008251030062
-0.00011034005
0.0008871916264
0.00011034005
-0.0004451633407
-0.0004420282857
-1.554932467e-05
0.0004451633407
3.026870989e-05
-1.471938522e-05
-0.0002228445797
-0.000222318761
0
0
0
0
0
0
0
0
0
0
0
0
0
0
0
0
-4.883485643e-06
0
1.81410798e-06
-1.171642607e-05
-7.213095598e-06
-3.557441386e-05
8.172420073e-05
3.106645189e-05
-0.0001373169705
-0.0001009034368
0.0003572373107
9.396763284e-05
-0.0004382183183
-0.0001331053163
0.0006606710732
0.0001273590527
-0.0007191195273
-0.0001093704171
0.0008250555563
0.000107695831
-0.0008369162048
-3.026870989e-05
0.0008405164812
5.721876555e-05
-0.0008405164812
-2.695005565e-05
0
0
0
0
0
0
0
0
0
0
0
0
0
0
0
0
-4.459640278e-08
0
0
-6.060158724e-08
0
-1.586708282e-05
2.581250916e-05
1.104230929e-05
-5.775927717e-05
-6.764779406e-05
0.0002112523615
5.771720536e-05
-0.0002744527716
-0.000102952841
0.0004672194742
9.273786515e-05
-0.0005254321034
-9.520512043e-05
0.0006615344372
8.847841985e-05
-0.0006921709855
-5.465380124e-05
0.0007438847093
5.176398265e-05
-0.0007502971782
0
0
0
0
0
0
0
0
0
0
0
0
0
0
0
0
0
0
0
0
0
-1.207981083e-06
5.504111352e-08
2.015037095e-07
-4.113281717e-06
-2.832185929e-05
6.980323273e-05
1.974503355e-05
-0.0001059637151
-5.879070377e-05
0.0002348412124
4.737994779e-05
-0.0002791295575
-6.264421767e-05
0.0003966809817
5.302740542e-05
-0.0004275526917
-3.828719607e-05
0.0004879423252
3.286393312e-05
-0.0004967193661
0
0
0
0
0
0
0
0
0
0
0
0
0
0
0
0
0
0
0
0
0
0
0
0
0
-2.372733218e-06
1.701742341e-06
3.756109634e-07
-7.835520455e-06
-1.763777919e-05
5.370054999e-05
1.033695536e-05
-7.456133992e-05
-2.549226948e-05
0.0001389049308
1.776211653e-05
-0.0001578543636
-1.684672479e-05
0.0001975832387
1.223087597e-05
-0.000203698802
0
0
0
0
0
0
0
0
0
0
0
0
0
0
0
0
0
0
0
0
0
0
0
0
0
0
0
0
0
-5.81342724e-08
0
0
-2.58682302e-07
-2.354567095e-06
7.034170776e-06
3.730946706e-07
-1.087324045e-05
-2.451862764e-06
2.11446858e-05
8.118126341e-07
-2.296861033e-05
0
0
0
0
0
0
0
0
0
0
0
0
0
0
0
0
0
0
0
0
0
0
0
0
0
0
0
0
0
0
0
0
0
0
0
0
0
0
0
0
0
0
0
0
0
0
0
0
0
0
0
0
0
0
0
0
0
0
0
0
0
0
0
0
0
0
0
0
0
0
0
0
0
0
0
0
0
0
0
0
0
0
0
0
0
0
0
0
0
0
0
0
0
0
0
0
0
0
0
0
0
0
0
0
0
0
0
0
0
0
0
0
0
0
0
0
0
0
0
0
0
0
0
0
0
0
0
0
0
0
0
0
0
0
0
0
0
0
0
0
0
0
0
0
0
0
0
0
0
0
0
0
0
0
0
0
0
0
0
0
0
0
0
0
0
0
0
0
0
0
0
0
0
0
0
0
0
0
0
0
0
0
0
0
0
0
0
0
0
0
0
0
0
0
0
0
0
0
0
0
0
0
0
0
0
0
0
0
0
0
0
0
0
0
0
0
0
0
0
0
0
0
0
0
0
0
0
0
0
0
0
0
0
0
0
0
0
0
0
0
0
0
0
0
0
0
0
0
0
0
0
0
0
0
0
0
0
0
0
0
0
0
0
0
0
0
0
0
0
0
0
0
0
0
0
0
0
0
0
0
0
0
0
0
0
0
0
0
0
0
0
0
0
0
0
0
0
0
0
0
0
0
0
0
0
0
0
0
0
0
0
0
0
0
0
0
0
0
0
0
0
0
0
0
0
0
0
0
0
0
0
0
0
0
0
0
0
0
0
0
0
0
0
0
0
0
0
0
0
0
0
0
0
0
0
0
0
0
0
0
0
0
0
0
0
0
0
0
0
0
0
0
0
0
0
0
0
0
0
0
0
0
0
0
0
0
0
0
0
0
0
0
0
0
0
0
0
0
0
0
0
0
0
0
0
0
0
0
0
0
0
0
0
0
0
0
0
0
0
0
0
0
0
0
0
0
0
0
0
0
0
0
0
0
0
0
0
0
0
0
0
0
0
0
0
0
0
0
0
0
0
0
0
0
0
0
0
0
0
0
0
0
0
0
0
0
0
0
0
0
0
0
0
0
0
0
0
0
0
0
0
0
0
0
0
0
0
0
0
0
0
0
0
0
0
0
0
0
0
0
0
0
0
0
0
0
0
0
0
0
0
0
0
0
0
0
0
0
0
0
0
0
0
0
0
0
0
0
0
0
0
0
0
0
0
0
0
0
0
0
0
0
0
0
0
0
0
0
0
0
0
0
0
0
0
0
0
0
0
0
0
0
0
0
0
0
0
0
0
0
0
0
0
0
0
0
0
0
0
0
0
0
0
0
0
0
0
0
0
0
0
0
0
0
0
0
0
0
0
0
0
0
0
0
0
0
0
0
0
0
0
0
0
0
0
0
0
0
0
0
0
0
0
0
0
0
0
0
0
0
0
0
0
0
0
0
0
0
0
0
0
0
0
0
0
0
0
0
0
0
0
0
0
0
0
0
0
0
0
0
0
0
0
0
0
0
0
0
0
0
0
0
0
0
0
0
0
0
0
0
0
0
0
0
0
0
0
0
0
0
0
0
0
0.0002353045619
-0.0002353041715
-1.55935448e-05
0.0002237846076
-0.0002237846076
-1.554932467e-05
0.0009459774325
-0.0001112070967
-0.0004745143764
-0.0004715943105
3.369045876e-05
-0.0002362366792
-3.374476786e-05
0.0004715955503
0.0008956608216
-0.0001123435798
-0.0004455636192
-0.0004480936727
3.359000584e-05
-0.0002243090651
-3.359000583e-05
0.0004480936727
-0.0002340737758
0.0004684275874
3.369059388e-05
1.559409646e-05
0.0002294453559
-0.0002294236024
-1.561585003e-05
5.008370433e-06
-0.0001136043201
-5.382608525e-06
0.0001139785582
-5.882465774e-06
-0.0001165065173
0.000116709948
5.679035e-06
0.0004246537386
-0.0004246537386
-3.026870988e-05
-0.0001172705317
-6.015644496e-06
0.0001174037104
5.452882708e-06
-0.0001170064661
-5.716948353e-06
-0.0002256790579
9.097845529e-06
0.0002245987837
-3.918990003e-06
-4.098581327e-06
-0.0001134050759
0.0001136297892
4.783657141e-06
0.0002286231015
1.555290112e-05
-0.0002285819062
-3.782572747e-06
3.676505144e-06
-0.0001132990083
8.890534697e-06
-0.0002257302918
-3.872065496e-06
-4.967235294e-06
5.196091882e-06
-0.0001162497264
-4.035575314e-06
-0.0001133513176
0.0001147545188
3.188978818e-06
-3.976911757e-06
-0.0001154973707
0.0001157285568
3.745725651e-06
-1.20339124e-05
0.000231547279
1.201710643e-05
-0.000231530473
1.201930392e-05
0.000229399735
-1.213104485e-05
-0.0001147311228
-0.0001145568712
-1.214381983e-05
0.0002342355748
1.206778171e-05
-0.0002341595367
0.0002322554552
-0.0002322256688
-1.206369877e-05
-0.000115276469
-4.255792907e-06
0.0001155553501
-4.509982528e-06
-0.0001186990689
0.0001188391221
4.369929325e-06
-1.214014661e-05
0.0002377547656
1.211491172e-05
-0.0002377295307
0.0002352762879
-0.0002352749615
-1.214514627e-05
0.0002382871608
-0.0002383029793
-1.21243281e-05
-0.0001187602621
-4.681140418e-06
0.00011893142
4.214430647e-06
-0.0001185511932
-4.423499592e-06
3.982329085e-06
-0.0001184669673
0.0002285341514
1.192343751e-05
-0.0001143146951
-0.0001141235899
3.172458163e-06
0.0002506941368
-8.626513979e-06
-0.0001175309651
-0.0001277091158
-0.0001287618908
-2.846300155e-08
-2.738793537e-06
0.0001315291473
-2.764085271e-05
2.236156693e-06
-0.0001033571948
3.105232451e-07
-2.386697697e-07
0.0001124760818
-1.644414373e-06
-0.0001138540679
0.0001140717693
1.426712998e-06
3.618697963e-06
-0.0001149498361
-3.94533085e-06
3.045474467e-05
-1.051608516e-05
9.48158593e-05
-0.0001140416397
-1.959229129e-06
0.0001143564544
-0.0001170487149
0.0001471134017
3.900579111e-07
3.231753573e-06
-0.0001151104263
2.388206201e-06
9.538028753e-07
-1.262936111e-06
0.0008465963138
-0.0008518009712
-0.0001101152416
7.050005919e-05
0.0008520385299
-0.0004273847912
-3.691005336e-05
-3.359000583e-05
0.0004451633407
3.359000584e-05
3.026870989e-05
0.0004363737057
-0.0004363737057
-3.026870989e-05
-0.0004363737057
2.030939095e-05
-2.030939093e-05
0.0004363737057
-0.00022368574
0.0002232566069
9.526978603e-06
-0.0001169363236
-5.161790574e-06
0.0001164926531
5.605461064e-06
-5.519818985e-06
0.0001156705613
5.66482128e-06
-0.0001158155635
5.623049816e-06
0.0001144948157
-0.000114396815
-5.721050523e-06
8.904995642e-06
-0.0002237002009
1.698981381e-05
-0.0004363737057
-1.698981381e-05
5.086772145e-06
0.0001191331971
-0.0001189315489
-5.288420293e-06
-4.205635528e-06
0.0001195578652
5.193575341e-06
-0.000120545805
-0.000157452883
0.0001281978595
2.922656057e-05
0.0002165780112
1.224938991e-05
-0.0001212767775
-0.0001043781655
0.000223781297
1.202507027e-05
-0.0002235709761
-1.223539114e-05
0.0001142151546
5.494719224e-06
-0.000114086824
5.19561135e-06
0.0001139377996
-0.0001138808176
-5.25259328e-06
-0.0001131647861
3.939871644e-06
-4.237166129e-06
0.0001134620806
6.243594681e-07
3.330891371e-06
-3.416350538e-06
-0.000113079327
2.927592026e-05
-0.0001120421397
-7.131852198e-06
8.989807166e-05
-0.0002237906347
6.634565144e-06
-6.854973378e-06
0.0002240110429
0.0001089124546
6.762721622e-07
-0.0001850937357
4.546649662e-06
0.0001165208403
-0.0001163045161
-4.762973831e-06
-3.291005924e-05
1.226078836e-05
-9.628705274e-05
-5.112187643e-06
0.0001158322329
5.134744256e-06
-0.0001158547896
0.0001153807252
-0.0001156089459
-5.291598234e-06
-0.000117536719
-4.174676499e-06
0.0001165496049
-0.0001163205003
-4.972240355e-06
0.0001165523524
4.740388167e-06
-5.345694991e-06
0.0001169106303
5.297410494e-06
-0.0001168623458
0.0001158968178
-0.0001158159191
-5.193086336e-06
0.0001188318775
4.882296792e-06
-0.0001186274021
0.0001194301739
-0.000119904494
-3.731315413e-06
-0.0001132709389
0.0001136693082
3.541502376e-06
0.0001138652872
5.197964574e-06
-0.0001138676404
6.577349797e-06
0.0001275052655
-0.000128302078
-5.780537272e-06
-0.0001072479236
2.280090933e-05
-9.445212361e-06
9.389222667e-05
-0.0001133727901
0.0001418521183
7.965920778e-07
2.66823572e-06
-0.0001126082833
-7.178743066e-06
2.909949019e-05
-0.0001136638105
9.174306336e-05
2.764517742e-06
-0.0001129094306
-1.897226886e-06
4.675694885e-07
-0.0001133215601
-6.067551899e-07
0.0001134607458
4.355328112e-06
-0.0001161291787
-1.528265117e-05
0.0001621449372
-2.101138194e-06
-0.0001153657643
0.0001153688872
2.098015312e-06
-0.0001127064527
1.320715413e-05
9.232055548e-05
-0.0001157208567
-2.644230703e-06
0.0001162639492
-0.0001477271063
-2.719671905e-06
-5.580068352e-06
0.0001170115331
5.512719503e-06
-0.0001169441843
0.0001171278357
-0.0001170885775
-5.384953194e-06
-5.227815096e-06
0.000116776415
-4.844591298e-06
0.0001189239581
5.478498369e-06
-5.39991385e-06
0.0001182940227
5.47071633e-06
-0.0001183648252
0.0001174406475
-0.0001174703435
-5.550372409e-06
-5.342984759e-06
4.24246969e-06
-0.000115905951
0.0001181356724
-1.257374177e-05
-0.0001109049153
-5.755524863e-06
0.0001181742489
3.475672904e-06
0.0001131590097
-0.0001129581775
-0.0001160662096
5.009370669e-06
0.0001162529308
-3.87128446e-06
3.727818916e-06
-0.000115922744
-0.0001158785412
-5.273642825e-06
0.0001142927473
-0.0001130546798
-5.274509276e-06
0.000118949033
5.270750722e-06
-0.0001189452744
0.0001184463518
-0.0001185396354
-5.306630167e-06
-4.404407633e-06
0.0001189899902
-5.224631378e-06
0.000119005124
5.051384807e-06
-5.404439674e-06
0.0001192142732
5.370560627e-06
-0.0001191803942
0.0001191302674
-0.0001190995786
-5.305198131e-06
-4.149616809e-06
3.929011694e-06
-0.0001183305881
0.0001186124864
-0.0001184192835
-4.342819695e-06
0.000118842421
-4.653434185e-06
-0.0001185243886
3.777553312e-06
0.0001187291643
-3.66949749e-06
3.307967895e-06
-0.000118162859
-0.0001182074531
0.0001191143853
-0.0001185487905
-3.304388284e-06
4.992934797e-06
-4.382482213e-06
0.0001185039327
6.817954777e-06
0.0001297041273
-0.0001150540362
-1.160454711e-05
0.0001266585833
-2.025109449e-06
-0.0001142875244
0.0001127922968
5.075032999e-07
2.517505239e-06
-0.0001131257776
4.372788799e-06
-0.0001077926235
-3.828088944e-06
-3.473866927e-06
3.175329401e-06
-0.0001146512986
0.00011529939
-3.601472114e-06
-0.0001151717848
-4.163588216e-06
0.0001155176474
3.541379413e-07
9.999317795e-05
-1.319094963e-05
0.0001603043513
-0.0001141600478
7.389924966e-06
9.357917323e-05
2.177326965e-06
-0.0001159473169
-0.0001155367907
2.818025977e-06
0.0001159505182
-2.888288286e-06
1.122628437e-06
-0.0001137711308
-0.0001148233852
2.09762808e-06
-2.572178355e-06
3.876114694e-06
0.0001192475733
-0.0001192040013
3.75298224e-06
0.0001187676035
-0.0001186444711
0.0001515059849
1.044200201e-05
-0.0001619479869
-0.000119625389
0.0001190634395
-3.379827004e-05
-9.84008607e-05
-2.838090184e-06
0.0001227973329
6.586082845e-06
-0.0001228060659
4.58864737e-06
0.000112379578
-0.0001125634612
-4.404764145e-06
-0.0001170748683
1.082437292e-06
1.850422744e-06
0.0001141420083
0.0001135093493
-0.0001132129364
-4.533579032e-06
4.732654273e-06
-5.014254293e-06
0.0001137909493
4.45879731e-06
0.0001137359376
-0.000113153614
1.332335768e-05
-0.0001115964483
9.114123843e-05
-0.0001444629826
0.0001577863403
8.886288209e-07
-0.0001248979957
6.934498575e-06
7.185294191e-06
-0.0001148789108
-9.172959932e-06
0.0001168665765
-9.827937866e-05
0.0001192638788
1.816409209e-06
-3.655770268e-06
3.636837583e-06
-0.0001162855834
0.0001161974187
-0.0001161253701
0.0001164438156
0.0001155132157
-0.0001085260702
3.476365137e-06
-3.516960645e-06
-0.000118378688
3.410827508e-06
-0.0001182650505
3.624821332e-06
0.0001184604018
-0.0001183322409
0.0001183806786
-0.0001182728179
-2.893905153e-06
-0.000119848679
0.0001189228912
-0.0001185088284
0.0001189691291
1.095344227e-06
-3.024945605e-06
-0.0001165792271
-0.0001083113328
3.286738196e-06
-0.0001180833638
-0.0001179010664
4.295611627e-06
0.0001138324939
-0.0001150975599
0.0001150106893
-0.0001148604458
0.0001045341295
-2.276126401e-06
-0.0001117032155
2.58218234e-05
-6.332002379e-06
8.504430847e-05
4.660013908e-06
-1.306957369e-05
0.000154921692
-0.0001084009659
8.899938981e-05
-0.0001098805002
-0.0001142173195
-0.0001149961352
-3.673571925e-07
-1.964998694e-06
-0.0001146457025
1.614565935e-06
-1.636342713e-06
-0.0001139924665
-0.000115757045
0.0001159487849
-3.619663539e-06
-0.0001157388535
-0.0001161120047
9.712673397e-05
-7.087781009e-06
2.934661871e-05
-0.0001139110144
9.165217673e-05
1.333563199e-05
-0.0001134606665
9.303725354e-05
1.010609032e-07
-0.0001144438563
0.000144649062
-0.0001152013824
0.0001578562161
-0.0001460603901
0.0001593960221
0.0001147840215
-0.0001152509252
2.965812676e-05
9.251581968e-05
-1.383141382e-07
1.044573156e-05
-0.0001581728379
0.00011666666
-0.0001050983
0.0001167650141
0.0001113395586
-0.0001806112558
-3.966433941e-05
-0.0004505515537
9.303614346e-05
-9.320317908e-05
0.0003519167402
-0.0005473258746
-0.0001092552075
-0.0008033486177
0.000139979626
-0.0001393425791
0.0007274942815
-0.0008653153281
-0.0001415931444
0.0001238935821
-0.0001237729406
0.0009380488056
0.0001261768978
-0.0001969082153
-4.532791507e-05
-0.0004587126428
0.0001005625669
-9.985086829e-05
0.0003667767491
0.0003527734146
9.591186419e-05
-0.0005501577385
-0.0001156518785
-0.0007840589716
0.0001435498962
-0.0001436956879
0.0007163493796
0.0007217747933
0.0001405620147
-0.000837581822
-0.000144951565
0.0001233000798
-0.0001244593245
0.0008937680475
0.0009273993945
0.0001240260885
0.0001085803672
0.000925113724
-0.0004625019041
-0.0004601134304
4.731849074e-05
-0.0004600152992
-4.731368013e-05
0.0004600104886
-4.729799386e-05
-0.0004684160112
0.0004684103555
4.730364955e-05
1.559287694e-05
0.000232324451
-0.0002323042886
-1.561303937e-05
1.292276679e-05
-1.294759806e-05
0.0002322802865
-1.298525991e-05
0.0002342403458
1.298048892e-05
9.498058298e-05
-0.0001550345455
-3.9472194e-05
-0.0003869621442
8.569986707e-05
-9.127568101e-05
0.0003041225887
0.0003591210989
9.877809724e-05
-0.0004708679994
-0.0001066729604
-0.0006963998576
0.0001302995667
-0.0001354392383
0.000628609587
0.0007039888525
0.0001420364094
-0.0007534731099
-0.0001376395411
0.0001198140167
-0.0001216061551
0.0008291590922
0.0008834339874
0.0001230890924
-0.0008756777434
0.0001103363536
0.0008756606516
9.705788714e-05
-0.0004363737057
-5.018783608e-05
-4.687005107e-05
-0.0004393040377
-4.687005106e-05
-0.0004451633407
0.0004451633407
4.687005106e-05
3.026870989e-05
0.0004420282857
-0.0002213800942
-0.0002206481915
1.30594339e-05
-0.0002206481915
-1.30594339e-05
0.0002206481915
-1.306053744e-05
-0.0002228434761
0.0002228445797
1.30594339e-05
3.875126706e-05
-7.732123048e-05
-2.09849626e-05
-0.0002499466315
5.434091573e-05
-6.316562373e-05
0.0001851898048
0.0002779850941
7.904935108e-05
-0.0003185371078
-7.715414033e-05
-0.0005218570203
9.782907663e-05
-0.0001075804521
0.0004568908401
0.0005927984171
0.0001239158344
-0.0005813109627
-0.0001122191306
-0.0007142185986
0.0001010972438
-0.0001076813446
0.0006781934091
0.0008018439655
0.0001169951116
-0.0007419787087
-0.0001006817296
-0.0007842381327
6.652587375e-05
-6.904124444e-05
0.0007757999784
0.0008405164812
7.050005917e-05
-0.0007887106942
-5.649062422e-05
1.628484312e-06
-1.220143697e-05
-3.419287924e-06
-0.0001008445217
1.943921754e-05
-2.748562426e-05
6.318129832e-05
0.0001525243381
4.525564757e-05
-0.0001443998225
-3.773648023e-05
-0.0002920708492
5.301118677e-05
-6.453751387e-05
0.0002418377775
0.0004046903837
8.724094062e-05
-0.0003410667959
-7.037340997e-05
-0.0004675285026
6.46800309e-05
-7.485029133e-05
0.0004298408085
0.0006233945647
9.33104998e-05
-0.0004998260176
-7.195534338e-05
-0.0005616755525
4.631890098e-05
-5.252037965e-05
0.0005469855727
0.0007326012146
6.283282677e-05
-0.0005704937918
-4.339105408e-05
0
0
0
-8.764790722e-06
5.165779163e-07
-2.636965719e-06
1.691069705e-06
3.980375456e-05
1.239890624e-05
-2.216240698e-05
-6.452022003e-06
-8.901879592e-05
1.368415463e-05
-2.180845471e-05
6.350372822e-05
0.0001901596682
4.181542618e-05
-0.000116112399
-2.645942472e-05
-0.0001954757668
2.507589172e-05
-3.416262888e-05
0.0001703774753
0.0003611295226
5.429041523e-05
-0.0002180567904
-3.413945821e-05
-0.0002645332505
2.032846006e-05
-2.651409113e-05
0.0002530571719
0.0004734245593
3.974874308e-05
-0.0002715843712
-2.194024957e-05
0
0
0
0
0
0
0
0
0
0
0
-1.563562211e-06
0
-4.02803433e-07
1.03725374e-07
3.488855534e-05
7.236723875e-06
-4.700455698e-06
-1.354250197e-06
-2.395684107e-05
1.723133666e-06
-5.168052546e-06
1.657216906e-05
0.0001181423865
1.704647839e-05
-3.141725321e-05
-6.003358386e-06
-4.890376181e-05
2.826114357e-06
-5.838428167e-06
4.433217514e-05
0.0001876843573
1.4712459e-05
-5.180228901e-05
-4.941526259e-06
0
0
0
0
0
0
0
0
0
0
0
0
0
0
0
0
0
0
0
0
0
0
0
3.788301594e-06
1.312906339e-07
0
0
0
0
0
0
1.832970267e-05
8.757095997e-07
0
0
0
0
0
0
0
0
0
0
0
0
0
0
0
0
0
0
0
0
0
0
0
0
0
0
0
0
0
0
0
0
0
0
0
0
0
0
0
0
0
0
0
0
0
0
0
0
0
0
0
0
0
0
0
0
0
0
0
0
0
0
0
0
0
0
0
0
0
0
0
0
0
0
0
0
0
0
0
0
0
0
0
0
0
0
0
0
0
0
0
0
0
0
0
0
0
0
0
0
0
0
0
0
0
0
0
0
0
0
0
0
0
0
0
0
0
0
0
0
0
0
0
0
0
0
0
0
0
0
0
0
0
0
0
0
0
0
0
0
0
0
0
0
0
0
0
0
0
0
0
0
0
0
0
0
0
0
0
0
0
0
0
0
0
0
0
0
0
0
0
0
0
0
0
0
0
0
0
0
0
0
0
0
0
0
0
0
0
0
0
0
0
0
0
0
0
0
0
0
0
0
0
0
0
0
0
0
0
0
0
0
0
0
0
0
0
0
0
0
0
0
0
0
0
0
0
0
0
0
0
0
0
0
0
0
0
0
0
0
0
0
0
0
0
0
0
0
0
0
0
0
0
0
0
0
0
0
0
0
0
0
0
0
0
0
0
0
0
0
0
0
0
0
0
0
0
0
0
0
0
0
0
0
0
0
0
0
0
0
0
0
0
0
0
0
0
0
0
0
0
0
0
0
0
0
0
0
0
0
0
0
0
0
0
0
0
0
0
0
0
0
0
0
0
0
0
0
0
0
0
0
0
0
0
0
0
0
0
0
0
0
0
0
0
0
0
0
0
0
0
0
0
0
0
0
0
0
0
0
0
0
0
0
0
0
0
0
0
0
0
0
0
0
0
0
0
0
0
0
0
0
0
0
0
0
0
0
0
0
0
0
0
0
0
0
0
0
0
0
0
0
0
0
0
0
0
0
0
0
0
0
0
0
0
0
0
0
0
0
0
0
0
0
0
0
0
0
0
0
0
0
0
0
0
0
0
0
0
0
0
0
0
0
0
0
0
0
0
0
0
0
0
0
0
0
0
0
0
0
0
0
0
0
0
0
0
0
0
0
0
0
0
0
0
0
0
0
0
0
0
0
0
0
0
0
0
0
0
0
0
0
0
0
0
0
0
0
0
0
0
0
0
0
0
0
0
0
0
0
0
0
0
0
0
0
0
0
0
0
0
0
0
0
0
0
0
0
0
0
0
0
0
0
0
0
0
0
0
0
0
0
0
0
0
0
0
0
0
0
0
0
0
0
0
0
0
0
0
0
0
0
0
0
0
0
0
0
0
0
0
0
0
0
0
0
0
0
0
0
0
0
0
0
0
0
0
0
0
0
0
0
0
-1.300978149e-05
0.0002353008095
-1.29929334e-05
0.0002377362771
1.301142189e-05
-1.557518506e-05
0.0002377201434
1.559697589e-05
-0.0002377419343
-1.306267206e-05
0.0002237834316
-1.266721219e-05
0.0002161771063
1.306811712e-05
-1.483890519e-05
0.0002163385608
1.554932467e-05
-0.0002170489803
5.800158178e-06
-5.804830336e-06
-0.0004716220004
-4.727582192e-05
0.0004715998284
-0.0004802666399
0.0004802652885
4.728906378e-05
0.0009575368457
-0.0004802650871
-0.0004772817598
-0.0002396089614
0.0004802640342
3.378617761e-05
4.389750974e-05
-0.0004802691201
4.392763788e-05
-0.0004716234786
-4.392615961e-05
-0.0004480936727
-4.687005107e-05
0.0004480936727
-0.000459921461
0.0004599408038
4.729914797e-05
0.0009331018639
-0.0004606736909
-0.0004761913856
-3.365901083e-05
-0.0002284280683
0.0004600371816
3.067299906e-05
-4.394462451e-05
4.403290431e-05
-0.0004600097408
4.355000354e-05
-0.0004480936727
-4.355000354e-05
4.393212934e-05
-0.0004684205026
-0.000460019519
-4.394040475e-05
-0.0002304612792
-3.380301288e-05
0.0004600506371
1.292135306e-05
-1.294613364e-05
0.0002294245156
0.0002315468947
1.292315109e-05
0.0002315473676
1.559312826e-05
-0.0002315476189
0.0001144996941
-5.589555273e-06
5.789044248e-06
-5.908441292e-06
0.0001146190911
5.534145688e-06
0.0001142334568
5.702948731e-06
-5.841082095e-06
0.0001168480814
-0.0001164675302
0.0001166187499
5.551728976e-06
5.46443561e-06
-0.0004246537386
2.030939094e-05
-2.030939093e-05
0.0004246537386
-0.0004334433736
0.0004334433736
2.030939094e-05
0.0004334433736
3.026870989e-05
-0.0004334433736
1.698981381e-05
-0.0004334433736
1.698981381e-05
-0.0004246537386
-1.69898138e-05
0.0002230545404
5.590920081e-06
0.0002206482439
-5.589978447e-06
0.00011807586
-5.917255647e-06
5.902518342e-06
-5.798878483e-06
0.0001179722202
0.0001174651467
0.0001195024527
-0.0001194735408
-5.433351632e-06
-5.371619739e-06
0.0001192801854
0.0002383228161
-0.0002383196986
-1.557830264e-05
-1.301981209e-05
0.0002383140395
-0.0001164050321
0.0001146773043
2.810165075e-06
0.0001124290151
4.775528474e-06
-0.0001126158963
0.0002239809531
1.015340275e-05
-4.980830304e-06
-4.554741858e-06
5.275580352e-06
0.0001138883545
-0.0001134090879
0.0001136704139
0.000249767747
-0.0002499674973
-1.463915492e-05
-1.280117431e-05
0.0002508280989
0.0002285583699
1.289713448e-05
-0.0002246577863
8.713784465e-06
-4.773761772e-06
-5.012528228e-06
-0.0001137986667
0.0001157497029
5.234258035e-06
3.385443669e-06
-0.0001189018469
4.317233621e-06
-4.41460585e-06
0.0001158259291
-0.0001160255564
0.0001159313025
4.411487556e-06
3.670687473e-06
-0.000230686054
1.193657375e-05
0.0002307665867
-1.108800424e-05
5.580823918e-06
-0.0001154782161
5.680067674e-06
-1.104701754e-05
-0.0001157392268
5.64657231e-06
-5.683551451e-06
0.0001145317948
0.0001155755656
5.675819577e-06
0.0002305485519
-0.0001155329704
-0.0001152100526
-0.0002341162916
1.207608477e-05
0.0002341079885
-1.110895549e-05
1.118612559e-05
-0.0001170656259
-1.145734759e-05
-0.0001167996114
-1.124091057e-05
-0.000116134958
0.0002334055994
-0.0001165497541
0.0002334179854
0.0001157721514
-4.510296922e-06
4.579674425e-06
-4.753219942e-06
0.0001159456969
0.0001157204187
4.730114625e-06
-4.779276259e-06
0.0001188882837
-0.0001187983345
0.0001188223641
4.706085097e-06
4.300759133e-06
-0.0002370292787
1.211107686e-05
0.0002370331135
-1.123633442e-05
1.127603478e-05
-0.0001186226273
-1.12199463e-05
-0.0001187968859
-1.139128915e-05
-0.0001179003724
0.0002362534101
-0.0001180746417
0.0002362193407
-0.0002394980204
1.217841541e-05
0.0002395490763
1.138113945e-05
-0.0001199147876
-1.119002691e-05
-0.0001192026313
0.0002386102179
-0.0001192048321
0.0002386643052
0.000119038754
-4.877473472e-06
4.905208299e-06
-4.991357412e-06
0.0001191249031
0.0001190573521
1.176523109e-05
0.0002283193824
-0.0001141774116
-0.0001139837643
5.408220517e-06
-5.447063814e-06
0.0001139766429
0.0001143024809
5.559245987e-06
6.12112085e-06
-5.751942734e-06
0.0001271360874
0.0001138537994
5.419708235e-06
0.00023156749
-0.0001138575836
-0.0001145711893
0.0001106291773
-4.25160943e-07
1.280411174e-06
-1.450025238e-06
0.0001107987913
0.0001081909619
5.565531107e-06
2.083605976e-06
-2.00430316e-06
-0.0001142279426
1.665846134e-06
9.711335823e-07
-0.0001137723632
0.0001148348469
-2.300620066e-06
-0.000114493456
2.091704995e-06
-2.458240457e-06
2.462198711e-06
1.694032098e-06
-9.705788711e-05
-0.0008520385299
9.701128734e-05
0.0008639564153
-0.0008639564153
0.0008629118756
-3.359000583e-05
0.0004334433736
3.359000583e-05
8.377827651e-05
-4.355000355e-05
-0.0004334433736
-0.0004305130416
-4.022827298e-05
8.377827648e-05
4.355000354e-05
-0.0004451633407
-0.0004363737057
-4.355000353e-05
-3.359000585e-05
0.0004363737057
-2.695005565e-05
-0.0004363737057
2.695005567e-05
0.0004393040377
-0.0004393040377
-1.389062176e-05
0.0004393040377
0.0004393040377
-9.73976644e-06
-0.0004393041191
-1.056954312e-05
2.363000812e-05
-1.222949445e-05
-1.140051368e-05
2.363000813e-05
1.223052556e-05
-0.0002230489314
-0.0002206481915
-1.222949445e-05
-0.0002206485984
-9.739359538e-06
0.0002206481915
5.817173961e-06
0.0001161083704
-5.432891264e-06
-0.0001155291215
0.0001154378542
-0.0001153611429
5.753089724e-06
0.0001152728744
-5.784845059e-06
5.861556352e-06
-5.492038174e-06
-5.814209804e-06
5.650851619e-06
0.0001146664377
0.0001146984769
8.909798023e-06
-0.0002206487846
-8.909611829e-06
6.419968601e-06
-6.420154793e-06
0.0002206484301
0.0002232667487
6.422356851e-06
-1.366985321e-05
1.366985321e-05
0.0004393041715
-7.249965995e-06
-8.079963389e-06
-4.865622088e-06
4.701676712e-06
0.0001194187553
0.0001195972984
1.137058426e-05
0.00012364523
-8.71296344e-05
9.755385297e-05
9.463656942e-07
-4.166175399e-05
-1.624131985e-05
-0.000224827007
1.203763609e-05
0.0002250387608
1.081253281e-05
-0.0001121732837
-5.842216759e-06
-5.244461358e-06
0.0001226053936
6.313060122e-06
-1.099120558e-05
1.140118257e-05
0.0002245024062
-0.0001122520638
0.0002243046511
-0.0001138940957
5.383218024e-06
0.0001140055969
-5.452382166e-06
5.228700421e-06
-5.02924262e-06
4.884362573e-06
0.0001139904071
0.0001141210319
-9.288465003e-08
0.0002249697083
-7.29784677e-06
-0.0002245268349
8.11699714e-06
-5.691827283e-06
0.0001135910459
-4.845174253e-06
7.470253802e-06
4.375454899e-06
-9.828204476e-05
-0.0001135391139
-7.031624153e-06
-3.606028657e-07
-3.345289765e-05
-0.0001808640146
0.0001130998855
9.427978286e-05
-1.564322718e-05
6.720193983e-05
-8.131181608e-05
2.975310343e-05
-9.264023789e-05
6.53924636e-05
-0.0001158066036
5.20212105e-06
-4.754752275e-06
4.879451153e-06
-4.783612761e-06
-5.146695899e-06
-0.0001159542882
0.0001155676933
-0.0001158349381
0.000116261025
4.837574545e-06
4.950940631e-06
0.0001167520489
-5.150637081e-06
-0.0001161788761
0.0001163765968
-0.0001165074948
5.255151218e-06
-5.137207393e-06
5.006309376e-06
-5.247504251e-06
-4.879113114e-06
0.0001160728931
-0.0001185725353
0.0001188013979
-4.534676411e-06
-0.0001147931629
5.373224002e-06
0.0001146179034
-4.849216046e-06
5.066742459e-06
-5.683056945e-06
7.08510628e-06
0.0001178876182
0.0001174803049
-1.916349738e-06
-0.0001133978317
2.40475089e-06
0.0001138610324
-0.0001141628162
0.0001139414537
-0.0001135770753
1.444483681e-06
1.507397775e-06
1.769906534e-06
-0.0001145993484
-0.0001148019531
-0.000116745109
5.458217026e-06
-5.596859925e-06
5.470500899e-06
-5.69296279e-06
-5.35886565e-06
-0.0001169772161
0.0001169923621
-0.0001168807269
0.0001166804361
5.351438189e-06
5.496561297e-06
0.0001185689102
-5.141513326e-06
-0.0001186246822
0.000118322365
-0.0001181525799
5.548654442e-06
-5.458244655e-06
5.628029789e-06
-5.254159646e-06
-5.698159582e-06
0.0001179020904
-0.000118797668
5.271532832e-06
-5.00678103e-06
5.03147711e-06
-5.063771744e-06
-5.106353821e-06
-0.0001186874413
0.0001186577246
-0.0001187326013
0.0001188654806
4.838964369e-06
5.122895249e-06
0.0001191119914
-5.2297626e-06
-0.0001189753092
0.0001191068471
-0.0001191509645
5.316693024e-06
-5.21634891e-06
5.172231505e-06
-5.284751698e-06
-5.105998237e-06
0.0001191911364
1.351477181e-06
0.0001129482174
-0.0001125473839
0.0001124488359
-0.0001101918282
2.82883328e-06
-2.227190661e-06
4.484198276e-06
-2.580518514e-06
2.978856894e-06
0.0001127024711
-0.0001015984808
5.08690731e-06
0.0001030976563
-7.924270333e-06
3.879642494e-06
-2.964494517e-06
-0.0001129339493
3.334982584e-06
0.0001114911405
-0.0001105759926
0.0001104574405
-0.0001502687717
8.278136241e-07
2.035872649e-06
-1.117313502e-05
-0.000120302965
6.578104262e-06
0.00017704935
-0.0001210205452
0.0001167015934
-3.646125725e-05
-8.941329608e-05
1.121252183e-05
-1.553147361e-05
7.776133377e-06
3.128365479e-05
-6.555963489e-05
-0.0001002044829
0
0
0
0
0
0
-1.733864924e-05
-2.000531114e-05
2.417935404e-05
-2.393326008e-05
5.703978498e-05
0
0
0
0
0
0
0
0
-2.708083195e-05
-2.802908668e-05
2.941452196e-05
-2.860553519e-05
6.90683355e-05
5.96859172e-05
2.619852709e-05
-0.0001901219893
4.396989976e-05
0.0001198570828
-6.011828835e-05
6.20652114e-05
-0.0002716984533
-5.709664791e-05
-0.0002639611157
-0.0005485666891
0.0004547450414
0.0001140645393
-0.000124834371
0.0001271613234
-0.0006386941397
-0.000123471842
-0.0006371420103
-0.000853423845
0.0007933584437
0.0001440914138
-0.0001405839294
0.0001413927343
-0.0008955771651
-0.0001400374693
-0.0009016025477
-0.0002341173473
1.557110136e-05
-1.471257201e-05
1.471124674e-05
-0.000234116022
-1.473602105e-05
-0.0002342648732
0
0
0
0
0
0
0
0
-2.087828653e-05
-1.642619999e-05
2.105023654e-05
-2.407934042e-05
4.811020922e-05
6.741379339e-05
2.836213222e-05
-0.000183180111
4.261236333e-05
0.0001162463125
-6.293629188e-05
6.029066668e-05
-0.0002606248328
-6.446185885e-05
-0.0002722139187
-0.0005221623532
0.0004337364531
0.0001111844137
-0.0001272020779
0.0001240598097
-0.0006069379622
-0.0001289901137
-0.0006256449881
-0.0008063643212
0.0007519418808
0.000141016979
-0.000140383702
0.0001386074365
-0.0008458053363
-0.0001413455959
-0.0008629340934
0
0
0
0
0
0
0
0
-3.448858405e-06
-9.690505481e-07
6.890073121e-06
-1.031398642e-05
1.287864908e-05
3.924432946e-05
1.761881152e-05
-0.0001179147306
2.613281756e-05
6.744669843e-05
-4.655616023e-05
4.052196689e-05
-0.0001792306682
-5.197537253e-05
-0.0002036606614
-0.0004013169089
0.0003238554707
8.599712969e-05
-0.0001068356905
9.872844547e-05
-0.0004782170521
-0.0001138229392
-0.0005177449139
-0.0006786653398
0.0006192336372
0.0001203867552
-0.0001272368487
0.0001211001998
-0.0007284304004
-0.0001321500711
-0.0007664915861
-0.000814329371
0.0007960350092
0.0001048392574
-9.637607346e-05
9.463153107e-05
-0.0008239245526
-0.0008402412635
-0.0008286040394
0.0008284753686
5.720299064e-05
-4.393939907e-05
4.39393991e-05
-0.0008286040394
-0.0008405164812
-2.363000813e-05
0
0
0
0
0
0
0
0
0
0
1.957490353e-08
-5.501637292e-07
0
6.316213085e-06
3.953581426e-06
-3.980039033e-05
6.795940352e-06
1.481658886e-05
-2.096800798e-05
1.485633512e-05
-7.560230179e-05
-2.747351494e-05
-0.0001006312085
-0.0002298368998
0.0001726732175
4.764560991e-05
-6.928939564e-05
5.852368378e-05
-0.000289820315
-7.975106129e-05
-0.0003397135145
-0.0004656834572
0.0004096633292
8.179169324e-05
-9.559345171e-05
8.515192536e-05
-0.0005170242459
-0.000105185172
-0.000577839377
-0.0006339338822
0.0006016498299
8.065686517e-05
-8.154813083e-05
7.477783974e-05
-0.0006594804143
-8.71986991e-05
-0.0007156397201
-0.0006995021206
0.000691789533
4.795213986e-05
-3.999069698e-05
3.702067964e-05
-0.0007021066094
-4.220278053e-05
-0.0007524301458
0
0
0
0
0
0
0
0
0
0
0
0
0
0
0
-5.872863192e-07
0
0
-1.945413252e-06
4.153160145e-07
-6.640750023e-06
-5.034247868e-06
-1.747474051e-05
-7.209657334e-05
4.351948209e-05
1.234388898e-05
-2.751025523e-05
1.873464536e-05
-0.000105547044
-3.72964858e-05
-0.0001466457689
-0.0002199474113
0.0001809686766
3.648455195e-05
-5.142903987e-05
4.046605261e-05
-0.0002579387726
-6.275553435e-05
-0.000321624728
-0.0003550989596
0.0003264087576
4.341822879e-05
-5.006336407e-05
4.130350042e-05
-0.000379225721
-5.876007346e-05
-0.0004532385141
-0.0004206670994
0.0004122333398
2.734289922e-05
-2.519131704e-05
2.088851541e-05
-0.0004235819121
-2.943774796e-05
-0.0004997367061
0
0
0
0
0
0
0
0
0
0
0
0
0
0
0
0
0
0
0
0
0
0
0
-1.296991365e-06
0
0
-1.783817942e-06
1.799205311e-07
-5.87347243e-06
-5.567431072e-06
-1.923645961e-05
-4.163476958e-05
2.69599938e-05
4.831071915e-06
-1.317819237e-05
6.976849063e-06
-5.77598096e-05
-2.101688357e-05
-9.638395662e-05
-0.0001058057518
9.066957482e-05
1.11945544e-05
-1.758440477e-05
1.139200323e-05
-0.0001191328245
-2.479062619e-05
-0.0001742997733
-0.0001433624394
0.000138277893
8.226608661e-06
-9.263594981e-06
6.22836656e-06
-0.000145171362
-1.278698476e-05
-0.0002058564357
0
0
0
0
0
0
0
0
0
0
0
0
0
0
0
0
0
0
0
0
0
0
0
0
0
0
0
0
0
0
0
0
0
0
0
0
0
-3.807151667e-07
-1.578266809e-06
-1.744047148e-06
7.009081478e-07
0
-6.297435892e-07
3.84308773e-11
-2.961837865e-06
-2.782899657e-06
-1.478656288e-05
-6.216296217e-06
5.408050274e-06
5.417832172e-08
-6.416890511e-07
5.239275606e-08
-6.523994195e-06
-1.88015019e-06
-2.363975313e-05
0
0
0
0
0
0
0
0
0
0
0
0
0
0
0
0
0
0
0
0
0
0
0
0
0
0
0
0
0
0
0
0
0
0
0
0
0
0
0
0
0
0
0
0
0
0
0
0
0
0
0
0
0
0
0
0
0
0
0
0
0
0
0
0
0
0
0
0
0
0
0
0
0
0
0
0
0
0
0
0
0
0
0
0
0
0
0
0
0
0
0
0
0
0
0
0
0
0
0
0
0
0
0
0
0
0
0
0
0
0
0
0
0
0
0
0
0
0
0
0
0
0
0
0
0
0
0
0
0
0
0
0
0
0
0
0
0
0
0
0
0
0
0
0
0
0
0
0
0
0
0
0
0
0
0
0
0
0
0
0
0
0
0
0
0
0
0
0
0
0
0
0
0
0
0
0
0
0
0
0
0
0
0
0
0
0
0
0
0
0
0
0
0
0
0
0
0
0
0
0
0
0
0
0
0
0
0
0
0
0
0
0
0
0
0
0
0
0
0
0
0
0
0
0
0
0
0
0
0
0
0
0
0
0
0
0
0
0
0
0
0
0
0
0
0
0
0
0
0
0
0
0
0
0
0
0
0
0
0
0
0
0
0
0
0
0
0
0
0
0
0
0
0
0
0
0
0
0
0
0
0
0
0
0
0
0
0
0
0
0
0
0
0
0
0
0
0
0
0
0
0
0
0
0
0
0
0
0
0
0
0
0
0
0
0
0
0
0
0
0
0
0
0
0
0
0
0
0
0
0
0
0
0
0
0
0
0
0
0
0
0
0
0
0
0
0
0
0
0
0
0
0
0
0
0
0
0
0
0
0
0
0
0
0
0
0
0
0
0
0
0
0
0
0
0
0
0
0
0
0
0
0
0
0
0
0
0
0
0
0
0
0
0
0
0
0
0
0
0
0
0
0
0
0
0
0
0
0
0
0
0
0
0
0
0
0
0
0
0
0
0
0
0
0
0
0
0
0
0
0
0
0
0
0
0
0
0
0
0
0
0
0
0
0
0
0
0
0
0
0
0
0
0
0
0
0
0
0
0
0
0
0
0
0
0
0
0
0
0
0
0
0
0
0
0
0
0
0
0
0
0
0
0
0
0
0
0
0
0
0
0
0
0
0
0
0
0
0
0
0
0
0
0
0
0
0
0
0
0
0
0
0
0
0
0
0
0
0
0
0
0
0
0
0
0
0
0
0
0
0
0
0
0
0
0
0
0
0
0
0
0
0
0
0
0
0
0
0
0
0
0
0
0
0
0
0
0
0
0
0
0
0
0
0
0
0
0
0
0
0
0
0
0
0
0
0
0
0
0
0
0
0
0
0
0
0
0
0
0
0
0
0
0
0
0
0
0
0
0
0
0
0
0
0
0
0
0
0
0
0
0
0
0
0
0
0
0
0
0
0
0
0
0
0
0
0
0
0
0
0
0
0
0
0
0
0
0
0
0
0
0
0
0
0
0
0
0
0
0
0
0
0
0
0
0
0
0
0
0
0
0
0
0
0
0
0
0
0
0
0
0
0
0
0
0
0
0
0
0
0
0
0
0
0
0
0
0
0
0
0
0
0
0
0
0
0
0
0
0
0
0
0
0
0
0
0
0
0
0
0
0
0
0
0
0
0
0
0
0
0
0
0
0
0
0
0
0
0
0
0
0
0
0
0
0
0
0
0
0
0
0
0
0
0
0
0
0
0
0
0
0
0
0
0
0
0
0
0
0
0
0
0
0
0
0
0
0
0
0
0
0
0
0
0
0
0
0
0
0
0
0
0
0
0
0
0
0
0
0
0
0
0
0
0
0
0
0
0
0
0
0
0
0
0
0
0
0
0
0
0
0
0
0
0
0
0
0
0
0
0
0
0
0
0
0
0
0
0
0
0
0
0
0
0
0
0
0
0
0
0
0
0
0
0
0
0
0
0
0
0
0
0
0
0
0
0
0
0
0
0
0
0
0
0
0
0
0
0
0
0
0
0
0
0
0
0
0
0
0
0
0
0
0
0
0
0
0
0
0
0
0
0
0
0
0
0
0
0
0
0
0
0
0
0
0
0
0
0
0
0
0
0
0
0
0
0
0
0
0
0
0
0
0
0
0
0
0
0
0
0
0
0
-1.473777234e-05
-0.0002353024202
0.0002362334228
-0.0002362290911
-1.474210408e-05
-1.559680121e-05
-1.472063364e-05
-0.0002237833591
0.0002243090651
-0.0002243090651
-1.472063365e-05
-1.554932467e-05
0.0004746527042
-0.0002370283585
-3.364897003e-05
3.718244569e-05
-3.713260669e-05
0.0004746028652
3.717760186e-05
0.0004716003941
0.0004433366316
-0.0002250409678
-3.554710887e-05
3.691005336e-05
-3.79056882e-05
0.0004443322665
3.691005336e-05
0.0004480936727
3.718135513e-05
0.0004684238341
-0.0004654918616
0.0004654889694
3.718424727e-05
-0.0002333840429
3.390722621e-05
-1.471162921e-05
1.471137371e-05
-0.0002294233469
0.0002305047485
-0.0002305268542
-1.468952353e-05
-1.557238071e-05
-0.0002395833911
1.560086871e-05
1.477228845e-05
-0.0002395815708
-0.0002283008055
1.542563832e-05
-1.469010809e-05
1.469113908e-05
-0.0002283018365
-0.0002285606406
-1.577808195e-06
3.691005337e-05
0.0004451633407
-0.0004420282857
0.0004420282857
3.691005336e-05
3.359000584e-05
1.03618196e-05
0.0002230481901
-0.0002223194419
0.0002221117183
1.056954312e-05
-0.0002225304393
9.737976043e-06
-0.0002225341407
8.908697006e-06
-8.289793486e-06
8.080714159e-06
-0.0002223250613
-0.00022327621
3.263084704e-07
2.992519227e-07
0.0001141787338
-8.446437305e-05
8.440302211e-05
-5.728004778e-05
-0.0002619408029
0.0001756030088
-0.0002612223135
0.0001064970591
0.0003527276968
-0.000449513084
7.552919809e-05
7.501012025e-05
-0.0001227474505
-0.0006409639109
0.0005475098088
-0.000642602233
0.0007308130639
-0.0008083952515
0.0001329825143
0.0001336470676
-0.0001395980741
-0.0009108502848
0.000872170957
-0.0009194331529
0.0009482526053
0.0001335321212
0.0001338109798
-6.359049322e-05
-0.0002782590035
0.0001986877991
-0.0002822666697
0.0001263534028
0.000373550101
-9.821977017e-05
-0.0004686896492
8.2153243e-05
-8.05413101e-05
8.297266329e-05
7.838257415e-05
-0.0003611522988
-0.0001286527661
-0.0006372580769
0.0005636894442
-0.0006545707153
0.0007374801777
-0.0001425811133
-0.0008090190774
0.0001381507694
-0.0001368557226
0.0001382726707
0.0001346318541
-0.000721427695
-0.0001419433974
-0.0008746696197
0.0008661820312
-0.0009065897714
0.0009286905642
-0.0001241199765
0.0001348871616
-0.0001345879466
0.0001340719724
0.0001341725619
-0.0009195973245
-1.471128254e-05
-0.0002323043226
1.47113166e-05
0.0002334259809
-0.0002334260167
0.0002334235459
-1.295315854e-05
1.385241559e-05
-1.385488648e-05
1.382837942e-05
1.383558959e-05
-1.386011705e-05
-0.0002341353189
-5.66003984e-05
-0.00022573338
0.0001705459862
-0.0002449669524
0.0001066857627
0.0003268305197
-9.566367668e-05
-0.0004127292514
7.424578165e-05
-7.835645931e-05
6.905582561e-05
8.128791889e-05
-0.0003453261757
-0.0001195859027
-0.0005524790169
0.000499111561
-0.000582452303
0.0006594075995
-0.0001393432262
-0.000726966586
0.0001293369874
-0.0001336083982
0.0001237845495
0.0001365865092
-0.0006845805075
-0.0001359039355
-0.0007980669454
0.000782609247
-0.0008244366912
0.0008512962489
-0.0001226038842
0.0001304184558
-0.0001323195344
0.000127592047
0.0001334812169
-0.000868953561
1.389062176e-05
-1.389062176e-05
-0.000222318761
1.389062176e-05
-0.000222318761
1.305943389e-05
-3.407984385e-05
-0.0001268441765
9.768234006e-05
-0.0001533924241
5.289730382e-05
0.0002176741112
-7.147711486e-05
-0.0002878932533
4.848939629e-05
-5.599455281e-05
4.063798178e-05
6.291582775e-05
-0.000248827082
-8.963784732e-05
-0.0003883547316
0.0003612584138
-0.000434967592
0.0005063437247
-0.0001163193724
-0.0005729665867
9.994881522e-05
-0.0001090020875
8.998336418e-05
0.0001169826222
-0.0005517090497
-0.0001137288717
-0.0006337516605
0.0006328094433
-0.000684345847
0.0007266380268
-0.0001129811097
-0.0007594066557
0.0001121448846
-0.0001185401536
0.0001045151985
0.0001236715378
-0.0007676107134
-9.158109291e-05
-0.0007621455264
0.0007830510437
-0.0007986177413
0.0008076920714
-7.030926601e-05
-0.0008121731938
8.087489743e-05
-8.293771164e-05
7.749963741e-05
8.373079008e-05
-0.00082736519
-4.354021128e-05
-0.0007901364739
0.000813942124
-0.000814442625
3.038872192e-05
-3.065966702e-05
2.941340255e-05
3.065966701e-05
-1.36698532e-05
-9.440735715e-06
-3.312913652e-05
2.435056471e-05
-5.280565923e-05
6.527811004e-06
9.044214484e-05
-3.620131235e-05
-0.0001355252123
1.776704256e-05
-2.497557912e-05
1.140064908e-05
3.270173306e-05
-0.0001205463501
-4.774951966e-05
-0.000192015903
0.0001861232576
-0.0002402122964
0.0002957739616
-7.605294328e-05
-0.000350888494
5.686337711e-05
-6.817063865e-05
4.570795334e-05
7.930561401e-05
-0.0003504429458
-7.410651074e-05
-0.0003873858021
0.0004038294625
-0.0004531318724
0.0004976401542
-8.448702968e-05
-0.0005365398796
7.560010734e-05
-8.603561996e-05
6.473434025e-05
9.575192629e-05
-0.0005625793391
-6.709520523e-05
-0.0005263644234
0.0005693497451
-0.0005958845395
0.0006161943883
-5.810149119e-05
-0.0006304736443
6.052180832e-05
-6.715137056e-05
5.32351564e-05
7.287709155e-05
-0.0006786091565
-3.344384935e-05
-0.0005735104315
0.0006389611533
-0.0006418492627
2.297915686e-05
-2.55980105e-05
2.007103209e-05
2.778416646e-05
0
0
0
-1.257390082e-06
0
8.342196926e-06
-6.692405297e-06
-2.28961023e-05
5.360835381e-07
-2.483193292e-06
0
6.201846608e-06
-2.126579867e-05
-1.131457858e-05
-4.080458027e-05
4.382444506e-05
-6.986471065e-05
9.966151893e-05
-3.129617177e-05
-0.0001318278514
1.661222833e-05
-2.523330685e-05
9.512677757e-06
3.504917231e-05
-0.0001423473503
-3.021834816e-05
-0.0001435978908
0.0001650086502
-0.0001979310286
0.0002294434969
-4.40059037e-05
-0.0002585491327
3.283563176e-05
-4.301289545e-05
2.355427882e-05
5.376100136e-05
-0.0002937572049
-3.278522671e-05
-0.0002374309653
0.0002844184452
-0.0003063900584
0.0003239650897
-3.306319625e-05
-0.0003367881234
3.019366993e-05
-3.779107959e-05
2.303059639e-05
4.556534003e-05
-0.0003983637633
-1.670402077e-05
-0.0002740531019
0.0003446263257
-0.000347351793
1.105875098e-05
-1.397603611e-05
8.374374322e-06
1.702292754e-05
0
0
0
0
0
0
0
0
0
0
0
0
0
0
0
0
-6.53414821e-07
3.510062857e-06
-2.734718763e-06
-9.476065474e-06
2.701415236e-08
-1.049838171e-06
0
4.239315817e-06
-1.47130332e-05
-2.650490657e-06
-9.917263198e-06
1.815736361e-05
-2.869351773e-05
4.024153432e-05
-1.033474565e-05
-5.200701377e-05
3.997323822e-06
-8.882458361e-06
1.006479324e-06
1.547989061e-05
-7.439487086e-05
-6.408112049e-06
-3.837277599e-05
6.326774981e-05
-7.339147093e-05
8.18503416e-05
-9.835417608e-06
-8.822830875e-05
6.347443886e-06
-1.092232516e-05
2.945025978e-06
1.654015348e-05
-0.0001300996597
-3.752106648e-06
-5.285377568e-05
9.222537096e-05
-9.366038775e-05
2.388637789e-06
-3.997206369e-06
1.190508912e-06
6.003091467e-06
0
0
0
0
0
0
0
0
0
0
0
0
0
0
0
0
0
0
0
0
0
0
0
0
0
0
0
0
0
0
0
0
0
0
0
1.406748894e-08
-7.488905084e-08
0
0
0
-2.990337393e-10
1.008098402e-07
-3.566699232e-08
-2.859178197e-07
0
-1.089320685e-08
0
8.123222351e-07
-4.24488706e-06
0
0
4.456362637e-07
-5.115776767e-07
0
-3.40935045e-08
0
4.062552385e-07
0
0
0
0
0
0
0
0
0
0
0
0
0
0
0
0
0
0
0
0
0
0
0
0
0
0
0
0
0
0
0
0
0
0
0
0
0
0
0
0
0
0
0
0
0
0
0
0
0
0
0
0
0
0
0
0
0
0
0
0
0
0
0
0
0
0
0
0
0
0
0
0
0
0
0
0
0
0
0
0
0
0
0
0
0
0
0
0
0
0
0
0
0
0
0
0
0
0
0
0
0
0
0
0
0
0
0
0
0
0
0
0
0
0
0
0
0
0
0
0
0
0
0
0
0
0
0
0
0
0
0
0
0
0
0
0
0
0
0
0
0
0
0
0
0
0
0
0
0
0
0
0
0
0
0
0
0
0
0
0
0
0
0
0
0
0
0
0
0
0
0
0
0
0
0
0
0
0
0
0
0
0
0
0
0
0
0
0
0
0
0
0
0
0
0
0
0
0
0
0
0
0
0
0
0
0
0
0
0
0
0
0
0
0
0
0
0
0
0
0
0
0
0
0
0
0
0
0
0
0
0
0
0
0
0
0
0
0
0
0
0
0
0
0
0
0
0
0
0
0
0
0
0
0
0
0
0
0
0
0
0
0
0
0
0
0
0
0
0
0
0
0
0
0
0
0
0
0
0
0
0
0
0
0
0
0
0
0
0
0
0
0
0
0
0
0
0
0
0
0
0
0
0
0
0
0
0
0
0
0
0
0
0
0
0
0
0
0
0
0
0
0
0
0
0
0
0
0
0
0
0
0
0
0
0
0
0
0
0
0
0
0
0
0
0
0
0
0
0
0
0
0
0
0
0
0
0
0
0
0
0
0
0
0
0
0
0
0
0
0
0
0
0
0
0
0
0
0
0
0
0
0
0
0
0
0
0
0
0
0
0
0
0
0
0
0
0
0
0
0
0
0
0
0
0
0
0
0
0
0
0
0
0
0
0
0
0
0
0
0
0
0
0
0
0
0
0
0
0
0
0
0
0
0
0
0
0
0
0
0
0
0
0
0
0
0
0
0
0
0
0
0
0
0
0
0
0
0
0
0
0
0
0
0
0
0
0
0
0
0
0
0
0
0
0
0
0
0
0
0
0
0
0
0
0
0
0
0
0
0
0
0
0
0
0
0
0
0
0
0
0
0
0
0
0
0
0
0
0
0
0
0
0
0
0
0
0
0
0
0
0
0
0
0
0
0
0
0
0
0
0
0
0
0
0
0
0
0
0
0
0
0
0
0
0
0
0
0
0
0
0
0
0
0
0
0
0
0
0
0
0
0
0
0
0
0
0
0
0
0
0
0
0
0
0
0
0
0
0
0
0
0
0
0
0
0
0
0
0
0
0
0
0
0
0
0
0
0
0
0
0
0
0
0
0
0
0
0
0
0
0
0
0
0
0
0
0
0
0
0
0
0
0
0
0
0
0
0
0
0
0
0
0
0
0
0
0
0
0
0
0
0
0
0
0
0
0
0
0
0
0
0
0
0
0
0
0
0
0
0
0
0
0
0
0
0
0
0
0
0
0
0
0
0
0
0
0
0
0
0
0
0
0
0
0
0
0
0
0
0
0
0
0
0
0
0
0
0
0
0
0
0
0
0
0
0
0
0
0
0
0
0
0
0
0
0
0
0
0
0
0
0
0
0
0
0
0
0
0
0
0
0
0
0
0
0
0
0
0
0
0
0
0
0
0
0
0
0
0
0
0
0
0
0
0
0
0
0
0
0
0
0
0
0
0
0
0
0
0
0
0
0
0
0
0
0
0
0
0
0
0
0
0
0
0
0
0
0
0
0
0
0
0
0
0
0
0
0
0
0
0
0
0
0
0
0
0
0
0
0
0
0
0
0
0
0
0
0
0
0
0
0
0
0
0
0
0
0
0
0
0
0
0
0
0
0
0
0
0
0
0
0
0
0
0
0
0
0
0
0
0
0
0
0
0
0
0
0
0
0
0
0
0
0
0
0
0
0
0
0
0
0
0
0
0
0
0
0
0
0
0
0
0
0
0
0
0
0
0
0
0
0
0
0
0
0
0
0
0
0
0
0
0
0
0
0
0
0
0
0
0
0
0
0
0
0
0
0
0
0
0
0
0
0
0
0
0
0
0
0
0
0
0
0
0
0
0
0
0
0
0
0
0
0
0
0
0
0
0
0
0
0
0
0
0
0
0
0
0
0
0
0
0
0
0.000236203213
-1.29936538e-05
1.386172769e-05
-1.388760583e-05
1.386466216e-05
0.0002377402549
-1.386863996e-05
-0.0002370508816
0.0002370279379
-0.0002370281839
-1.474234999e-05
-1.474402933e-05
0.0002243078892
-1.306591014e-05
1.389054932e-05
-1.38917253e-05
1.38917253e-05
0.0002167036869
-1.441830586e-05
-0.0002250409678
0.0002250409678
-0.0002250409678
-1.472063365e-05
-1.506592707e-05
6.020522332e-06
3.717779218e-05
0.0004802685869
-0.0004772242769
0.0004772694623
-0.0002387642532
-0.0004772677029
4.392066126e-05
0.0004772445513
-4.054746593e-05
4.054922542e-05
-4.057697015e-05
4.055388563e-05
0.0004745751204
0.0004745696221
3.71542347e-05
0.0004600764286
-3.719348175e-05
-0.0004772337712
0.0004764823176
-0.0002323401339
-0.0004762466407
4.41585385e-05
0.0004761210065
-4.066051173e-05
4.089618867e-05
-4.059382394e-05
-4.022827298e-05
4.022827299e-05
0.0004450001822
0.0004456087171
-0.0004654830579
4.393748283e-05
0.0004654777044
-4.055721706e-05
4.056312866e-05
-4.056718235e-05
-0.0004600461606
0.0004624720184
-0.0004624760721
0.0004624690965
0.00046248083
-0.000230829249
3.718900517e-05
0.0002305263794
-1.292396115e-05
1.380624864e-05
-1.380672342e-05
1.380741733e-05
1.382740732e-05
0.0002315478668
-0.0002307657766
0.0002307864605
-0.0002308085015
-1.47115645e-05
2.363000811e-05
0.0004334433736
-0.0004305130416
0.0004305130416
2.363000814e-05
-0.0004305130416
2.030939095e-05
-0.0004305130416
3.026870989e-05
0.0004305130416
-2.695005565e-05
2.695005566e-05
-0.0004305130416
1.698981381e-05
-1.366985322e-05
1.366985322e-05
0.0002223197044
5.590202566e-06
-5.349542235e-06
-0.0001194087502
0.0001198807021
-0.0001198398915
0.0001197618514
5.358327413e-06
-1.472482392e-05
-0.000238338904
0.0002387416871
-0.0002386942226
0.0002386913936
-1.304690049e-05
1.38935044e-05
-1.389633341e-05
-0.0002395539177
3.284914713e-06
0.0001134282622
-0.0001134988342
0.0001128647589
-0.0001147872504
-0.0001124573656
-4.147348563e-06
-1.470191506e-05
-0.0002503315093
0.0002315536505
-0.0002315644265
0.0002316811858
-1.291487008e-05
1.392171628e-05
-1.3804957e-05
1.380514673e-05
-0.0002283016468
5.845198718e-06
0.0001176806375
-0.0001138127757
0.0001148842127
-0.0001152738723
-5.356894873e-06
0.0001147034721
-5.688546734e-06
5.745106872e-06
-5.772757552e-06
5.720030457e-06
5.722662837e-06
-0.0001152601473
0.0001141664812
-5.492513167e-06
5.645625736e-06
-5.656556087e-06
5.638504237e-06
5.707816284e-06
-0.0001140723297
0.0001172569842
-5.528621976e-06
5.298539499e-06
-5.572520477e-06
4.725511025e-06
5.634720095e-06
-0.0001145089897
-0.0004420282857
0.0004420282857
4.355000354e-05
-4.022827299e-05
4.022827299e-05
0.0004393040377
3.691005337e-05
0.0004393040377
3.691005336e-05
0.0004363737057
-0.000222318761
1.223052556e-05
-1.140044124e-05
1.119339857e-05
-1.140051369e-05
-0.0002206481915
0.0002213790631
-0.0002215861782
0.0002213800942
0.0002215861782
-0.0002215875617
1.056954313e-05
-8.080088232e-06
-0.0002206486598
0.0002215884765
-0.0002215878505
0.0002215869536
-6.626699817e-06
-0.0002213804086
7.25019565e-06
-7.251092565e-06
7.460792501e-06
-0.0002221153614
6.054127135e-06
-0.0001041662551
-9.931264927e-05
3.483621251e-06
-1.887554595e-05
3.965918789e-06
-5.284402667e-06
9.296129898e-05
-2.695005565e-05
-0.0004246537386
0.0004273847913
-0.0004273847912
0.0004624634328
-4.730801649e-05
5.061984912e-05
-5.065832046e-05
5.051690735e-05
5.06312388e-05
-5.065057294e-05
-0.0004654733374
5.018783607e-05
-5.018783607e-05
-0.0004420282857
0.0002213800942
1.389062176e-05
0.000474562537
-4.726873686e-05
5.064505497e-05
-5.05968944e-05
5.0613776e-05
-0.0004772648782
0.0004460335569
-4.729489085e-05
5.018783608e-05
-4.971789831e-05
4.978402026e-05
-0.0004761252636
0.0004273847912
-0.0004273847912
2.363000812e-05
-1.36698532e-05
0.0004273847912
3.691005337e-05
-0.0004305130416
-4.022827298e-05
0.0004393040377
5.298843327e-05
1.138819337e-05
1.167649691e-05
6.833602167e-05
-2.749974205e-05
1.471115317e-05
-1.390318853e-05
1.543772871e-05
1.306680854e-05
-6.386781781e-05
5.608100083e-05
-2.655611585e-05
1.168604403e-05
-1.340636573e-05
9.641011449e-06
1.468452118e-05
-6.264726215e-05
2.099748188e-05
-1.396986989e-05
3.193269269e-06
-5.202321351e-06
1.620373843e-06
7.419706355e-06
-2.999345317e-05
2.046767504e-07
-1.775969903e-06
0
-7.406436145e-08
0
6.237226593e-07
-1.956115542e-06
0
0
0
0
0
0
0
0
0
0
0
0
0
0
0
0
0
0
0
0
0
0
0
0
0
0
0
0
0
0
0
0
0
0
0
0
0
0
0
0
0
0
0
0
0
0
0
0
0
0
0
0
0
0
0
0
0
0
0
0
0
0
0
0
0
0
0
0
0
0
0
0
0
0
0
0
0
0
0
0
0
0
0
0
0
0
0
0
0
0
0
0
0
0
0
0
0
0
0
0
0
0
0
0
0
0
0
0
0
0
0
0
0
0
0
0
0
0
0
0
0
0
0
0
0
0
0
0
0
0
0
0
0
0
0
0
0
0
0
-0.0001133515078
9.34212953e-06
-9.341939313e-06
-0.0001133730379
7.126854978e-06
-7.105324866e-06
5.43290305e-06
-5.432801061e-06
-0.0001133833286
9.426449766e-06
-0.0001134678168
7.211343265e-06
5.496380416e-06
9.445243959e-05
-2.731896773e-05
2.768238744e-05
9.421766758e-05
-2.10939081e-05
2.132868011e-05
-1.624726959e-05
1.646103436e-05
-0.0001014646797
6.098226384e-06
-7.990741472e-06
-0.0001000564334
4.686249213e-06
-6.094495459e-06
3.586437603e-06
-4.661908926e-06
-9.596702187e-05
9.236075181e-06
-9.556106051e-06
-9.573242354e-05
7.042048313e-06
-7.276646645e-06
5.369304851e-06
-5.561352559e-06
-0.0001690118794
-5.297380746e-06
-4.174285699e-06
-0.0001130309898
9.46281326e-06
-9.511150392e-06
-0.0001129842122
7.206802346e-06
-7.253579958e-06
5.514287372e-06
-5.559879222e-06
9.000622659e-05
-2.981694857e-05
2.970879364e-05
9.005044407e-05
-2.297755003e-05
2.293333254e-05
-1.770792603e-05
1.766403703e-05
9.438136892e-05
-2.697377462e-05
2.723200744e-05
9.41442875e-05
-2.079169308e-05
2.102877451e-05
-1.605316886e-05
1.618208243e-05
-0.000112663241
9.517771053e-06
-0.0001127261232
7.269684458e-06
5.561610526e-06
-0.0001159275808
-8.563825863e-06
8.585455694e-06
-0.0001159493095
-6.521416525e-06
6.543145189e-06
-4.978722295e-06
5.022293719e-06
-0.0001108831132
-8.585628056e-06
-0.0001108612381
-6.543291599e-06
-5.000525771e-06
-0.0001161829799
8.889894353e-06
-0.0001164221853
6.78235059e-06
5.174352772e-06
-0.0001162489379
9.216088236e-06
-0.0001164881624
7.021575043e-06
5.348347619e-06
-0.0001132889831
-9.107636005e-06
-0.0001134379811
-6.956326865e-06
-5.326357417e-06
-0.0001131701682
9.638440498e-06
-0.0001132973028
7.338477776e-06
5.623477203e-06
0.0001627556745
2.677937642e-05
0.0001625828105
2.066227248e-05
-2.048940853e-05
1.592347083e-05
-1.579389086e-05
-0.0001148234389
-8.890727878e-06
9.062868204e-06
-0.000114995721
-6.761348548e-06
6.933630613e-06
-5.15335273e-06
5.282564871e-06
-0.0001153009497
-8.761562998e-06
-0.0001153870273
-6.675270968e-06
-5.088761321e-06
0.0001000361916
-2.736198143e-05
0.0001000792347
-2.113695114e-05
-1.626873265e-05
-0.0001148881712
9.127654126e-06
-0.0001149097189
6.955178381e-06
5.325702761e-06
-0.000113792558
9.149081288e-06
-0.0001137925107
6.95513116e-06
5.32557325e-06
9.357890346e-05
2.811032541e-05
-2.811005563e-05
9.360020896e-05
2.167114069e-05
-2.16924462e-05
1.671783545e-05
-1.671765645e-05
-0.0001131715875
-9.106678345e-06
-0.0001123131922
-6.952890794e-06
-5.309078263e-06
-9.837893753e-05
-8.607551228e-06
-9.837901673e-05
-6.543212402e-06
-5.000527384e-06
-0.0001619480516
-8.607486499e-06
-0.0001619480774
-6.54318659e-06
-5.022415655e-06
-0.0001160689175
-9.151261039e-06
8.934595077e-06
-0.0001158955892
-7.000097255e-06
6.826768958e-06
-5.326853966e-06
5.218547591e-06
-0.0001160605429
-0.0001160390651
-0.000108397631
-0.0001083119095
-0.0001130263239
-0.0001129414261
0.000157135707
2.966982527e-05
-2.901919198e-05
0.0001566319813
2.289376615e-05
-2.239004041e-05
1.764505684e-05
-1.724619723e-05
9.099411513e-05
9.091033125e-05
9.568128625e-05
9.555186565e-05
-0.0001159822391
8.804829485e-06
-0.0001158739977
6.718527596e-06
5.131999943e-06
-0.0001156955871
-0.0001156523304
9.725535687e-05
-2.749060432e-05
9.734109969e-05
-2.122269396e-05
-1.635459106e-05
-0.0001053335076
9.384288909e-06
-0.0001055474845
7.169108087e-06
5.475322503e-06
9.247360012e-05
2.815254496e-05
9.243125406e-05
2.171348675e-05
1.673885718e-05
-0.0001138062268
-0.0001134894331
9.626686639e-05
2.040269139e-05
1.575071977e-05
-1.568546885e-05
9.474227304e-05
0.0001350516365
1.800721376e-05
-2.640026695e-05
0.0001415431169
1.385761129e-05
-2.034909178e-05
1.068254956e-05
-1.56715587e-05
-0.000118821985
8.296247845e-06
-8.118733891e-06
-0.0001189772663
6.342924306e-06
-6.187643029e-06
4.822525741e-06
-4.711554263e-06
9.225740715e-05
2.872491861e-05
-2.866177029e-05
9.221536382e-05
2.21587916e-05
-2.211674827e-05
1.709933211e-05
-1.703584576e-05
8.51002064e-05
1.215708225e-05
9.471934946e-06
9.144878998e-05
9.121754117e-05
-0.0001180612735
-8.673462395e-06
8.651372052e-06
-0.0001180392647
-6.609106153e-06
6.587097356e-06
-5.066583655e-06
5.044405063e-06
-0.0001082893392
-8.629480128e-06
-0.0001082673691
-6.565156656e-06
-5.022423697e-06
-0.0001182429878
-8.695525033e-06
-0.0001182208532
-6.631240759e-06
-5.066535784e-06
-0.0001186206758
8.584682777e-06
-0.0001188203155
6.542563964e-06
4.977807021e-06
0.0001618863403
0.0001616924209
9.291018231e-05
-2.847111475e-05
2.859818599e-05
9.278284105e-05
-2.194710771e-05
2.207444896e-05
-1.690864726e-05
1.701482385e-05
0.0001590774523
0.0001588438314
0.0001598766831
0.000159512917
8.7468881e-05
-2.882483947e-05
8.935268766e-05
-2.223289844e-05
-1.714553023e-05
4.711648045e-06
-0.000119226175
-0.000119248431
-0.0001583446551
-0.0001584521936
0.0001578349255
-2.864047973e-05
0.0001578137075
-2.209553025e-05
-1.703595982e-05
-0.0001178791162
8.629421842e-06
-0.0001178792107
6.587191913e-06
5.044470816e-06
-0.0001165792853
-0.0001165572501
-0.000118378659
-8.695554058e-06
-0.0001183787621
-6.631137617e-06
-5.066515813e-06
-0.0001183836892
-0.0001184722628
9.160988299e-05
9.15888017e-05
0.0001550701625
2.956032318e-05
0.0001551936234
2.280987163e-05
1.75863906e-05
8.973487351e-05
9.03118467e-05
)
;

boundaryField
{
    topAndBottom
    {
        type            calculated;
        value           uniform 0;
    }
    inlet
    {
        type            calculated;
        value           nonuniform List<scalar> 0();
    }
    outlet
    {
        type            calculated;
        value           uniform 0;
    }
    wing
    {
        type            calculated;
        value           nonuniform List<scalar> 
70
(
3.371507681e-05
-0.0001133731399
-0.0001135312942
9.40039028e-05
-9.898096211e-05
-9.554037583e-05
-0.0001612511561
-0.0001129386204
9.009433308e-05
9.401537392e-05
-0.0001127734463
-0.0001159928809
-0.0001108394346
-0.0001165742443
-0.0001166621572
-0.0001135444248
-0.0001134243995
0.0001624532306
-0.0001151249331
-0.0001154516187
0.0001001006977
-0.0001149528568
-0.0001137923812
9.360002997e-05
-0.0001116660228
-9.837901512e-05
-0.0001619261892
-0.0001157872828
-0.0001160175714
-0.0001082689621
-0.0001128778281
0.0001562331217
9.084746206e-05
9.542216763e-05
-0.0001157874501
-0.0001156090918
9.74269581e-05
-0.0001056972338
9.241023233e-05
-0.0001132369009
-2.571298629e-05
9.620161547e-05
9.469910195e-05
0.0001465321261
-0.0001190882378
9.215187747e-05
8.631082102e-05
9.107067605e-05
-0.0001180170861
-0.0001082673611
-0.0001182209011
-0.0001189755968
0.0001615199123
9.267666446e-05
0.0001586740413
0.0001634516164
0.000159256295
9.082665919e-05
-0.0001194071539
-0.0001192483372
-0.0001585382237
0.0001578138216
-0.0001178792765
-0.000116535203
-0.0001183787821
-0.0001185609716
9.156766574e-05
0.0001552712698
9.075270707e-05
5.138212063e-05
)
;
    }
    front
    {
        type            empty;
        value           nonuniform List<scalar> 0();
    }
    back
    {
        type            empty;
        value           nonuniform List<scalar> 0();
    }
    procBoundary1to0
    {
        type            processor;
        value           nonuniform List<scalar> 
49
(
0
0
0
0
0
0
0
-4.593327709e-06
-0.0002405832327
-1.562643902e-05
-1.222947134e-05
-3.919686731e-06
-0.0001111970954
-4.728771234e-05
-3.385801771e-05
-4.389502952e-05
-1.305174182e-05
-5.466963429e-06
-5.036804046e-06
-1.146191947e-05
0
0
-3.62165692e-05
-5.421270092e-05
-0.0001071554781
-0.0001208455947
-0.0001405659379
-0.0001389079343
-5.436367477e-06
-5.536172756e-06
-1.477410873e-05
-9.098616258e-05
-7.329509777e-05
-0.0001380263185
-0.0001313296408
-0.0001235912486
-0.0001331358312
-3.718234483e-05
-4.054799917e-05
-5.467437224e-06
-5.390352787e-06
-1.392398653e-05
-5.061357466e-05
-2.113099116e-05
-9.429730659e-06
-4.711574839e-06
-8.096560202e-06
0.0001194070807
-6.165387034e-06
)
;
    }
    procBoundary1to3
    {
        type            processor;
        value           nonuniform List<scalar> 
136
(
-0.0001147616579
-3.181839765e-06
-0.0001125479353
-0.0001162479423
-0.0001137325065
-0.0001135246245
-0.0001104426861
-0.0001092782035
-9.463960175e-05
-0.000146862286
-0.0001629716776
-0.0001128322306
-0.0001108634011
-0.0001152463065
-9.587568445e-05
-0.0001120552472
-0.0007888666899
-0.0008405164812
-0.0005707592025
-0.0007505089288
-0.0002718896138
-0.0004969960829
-5.199707249e-05
-0.0002039988498
0
-2.310042083e-05
0
0
0
0
0
0
0
0
0
0
0
0
0
0
0
0
0
0
0
0
0
0
0
0
0
0
0
0
0
0
0
0
0
0
-0.0001172409985
-5.712783935e-06
-0.0002237859625
-0.0002228453023
5.589971208e-06
-0.0002206482367
-0.0001160213094
-0.0001149621683
-0.0004363737057
-0.0004393040901
-3.393678167e-07
-0.0001128893077
-0.0001124650416
-0.0001153609048
-0.0001141785839
-0.0001134743122
-0.000814004731
-0.0008286040394
-0.000639215704
-0.0006997418011
-0.0003449262993
-0.0004209562486
-9.247087758e-05
-0.0001436433073
-4.589892933e-07
-6.278648482e-06
0
0
0
0
0
0
0
0
0
0
0
0
0
0
0
0
0
0
0
0
0
0
0
0
0
0
0
0
0
0
0
0
0
0
-0.000181171753
-0.0002243111429
-0.0004334433736
-0.0004305130416
-0.0002223189868
-0.0001146857292
-0.0001133436515
-0.0004273847912
-0.0004246537386
-0.0002213801845
-2.656337333e-05
-9.633198668e-05
-2.03375711e-05
-9.482899018e-05
-0.0001635384671
-1.559861818e-05
)
;
    }
}


// ************************************************************************* //
