/*--------------------------------*- C++ -*----------------------------------*\
| =========                 |                                                 |
| \\      /  F ield         | OpenFOAM: The Open Source CFD Toolbox           |
|  \\    /   O peration     | Version:  v2012                                 |
|   \\  /    A nd           | Website:  www.openfoam.com                      |
|    \\/     M anipulation  |                                                 |
\*---------------------------------------------------------------------------*/
FoamFile
{
    version     2.0;
    format      ascii;
    class       volScalarField;
    location    "1.71";
    object      p;
}
// * * * * * * * * * * * * * * * * * * * * * * * * * * * * * * * * * * * * * //

dimensions      [0 2 -2 0 0 0 0];


internalField   nonuniform List<scalar> 
3019
(
-785.6582482
-985.9945282
-1051.874683
-1036.408008
-999.287946
-945.7508459
-861.5078684
-814.730292
-752.7948258
-732.9178374
-719.5780185
-713.0526011
227.3516716
-423.3652488
-656.6162306
-748.7724516
-785.2824066
-785.2559132
-748.8446148
-726.7502155
-685.05157
-673.81504
-665.6275014
-661.6791409
189.6416743
-184.3828947
-406.8965681
-532.33217
-606.5381497
-642.8475151
-640.9206531
-639.7046551
-615.7445883
-612.0710203
-608.7440341
-607.2035533
141.1188626
-84.24631776
-259.6658896
-384.7979523
-471.2336881
-525.2826664
-545.0621836
-558.1613424
-548.1362837
-550.5922368
-551.3882818
-551.8645445
115.7896102
-36.73231406
-173.0167614
-284.975742
-371.7384545
-431.4112718
-462.4895659
-484.3110788
-484.634078
-491.5821417
-495.5701436
-497.4899396
97.31520003
-15.39298384
-124.3377798
-220.8267914
-298.7447295
-356.5064393
-392.6059411
-419.0984425
-426.4732397
-436.3818117
-442.548094
-445.4422922
80.19746197
-9.757197503
-98.35962341
-178.2038982
-244.9341757
-297.8233036
-334.7166927
-362.5663294
-374.060786
-385.6379607
-393.0935791
-396.6294086
61.53166975
-10.68882498
-81.87143777
-147.3261386
-204.098954
-251.1150327
-286.5847944
-313.8473086
-327.3973091
-339.6245489
-347.676928
-351.5068681
47.7840326
-11.37705077
-69.62876322
-123.928039
-172.2148018
-213.4766705
-246.2154134
-271.9034294
-286.1107013
-298.2645775
-306.4039576
-310.2869891
37.54246472
-11.60994766
-60.00694111
-105.502784
-146.6528029
-182.6091057
-212.1424414
-235.7247366
-249.6709775
-261.2867907
-269.1692125
-272.9374398
29.84502398
-11.47668909
-52.11878725
-90.52984597
-125.6779013
-156.884638
-183.1375226
-204.4036613
-217.5278346
-228.3306446
-235.7395266
-239.2856664
23.95867722
-11.06335297
-45.4445142
-78.04781411
-108.1210119
-135.1313931
-158.229256
-177.1621779
-189.1541889
-199.0000608
-205.8102492
-209.0719307
19.38028951
-10.44781315
-39.66472757
-67.4280396
-93.1787362
-116.5005759
-136.658274
-153.3477082
-164.0597882
-172.893302
-179.0444692
-181.9911093
15.76389234
-9.693638305
-34.57248094
-58.24219402
-80.28043217
-100.3615473
-117.8251279
-132.4140131
-141.8007418
-149.6233074
-155.0992809
-157.7220108
12.86754562
-8.850065842
-30.02761977
-50.18902174
-69.01124303
-86.23878566
-101.2556316
-113.9076224
-121.9803456
-128.8270238
-133.6393941
-135.9431017
10.51575454
-7.953968705
-25.92909628
-43.04671791
-59.05790045
-73.76206491
-86.56340181
-97.44374386
-104.245724
-110.1692488
-114.3454586
-116.3429585
8.579771615
-7.032220777
-22.20101459
-36.64712964
-50.178378
-62.63844277
-73.43202092
-82.69679671
-88.28396158
-93.34454494
-96.91978107
-98.62773667
6.963136452
-6.103945802
-18.78309996
-30.85705112
-42.17789756
-52.62670633
-61.59724117
-69.38661564
-73.81706402
-78.07539714
-81.08727751
-82.52371369
5.591118099
-5.18281009
-15.62593915
-25.56845112
-34.89666895
-43.51449635
-50.83685552
-57.26976204
-60.5916564
-64.10672742
-66.59150609
-67.77339252
4.404161742
-4.278308219
-12.68764533
-20.6919764
-28.20597205
-35.14701627
-40.93838577
-46.12756875
-48.39753899
-51.21927153
-53.21023533
-54.15454401
3.353552085
-3.396259281
-9.930308592
-16.14904842
-21.99454693
-27.42151954
-31.71120789
-35.7630566
-36.97369589
-39.15885382
-40.68057155
-41.39498753
2.398450773
-2.539527994
-7.318720517
-11.86753522
-16.15241699
-20.14870624
-23.03898024
-25.97665703
-26.36132728
-27.90309678
-28.98117532
-29.49253871
1.504782114
-1.708195046
-4.819234183
-7.780480729
-10.57931187
-13.21331782
-14.76814857
-16.69180887
-15.70948446
-16.63449094
-17.27019225
-17.51867771
0.6515637749
-0.8988247651
-2.39868874
-3.826213967
-5.183926769
-6.486196519
-6.678699769
-7.558238222
-7.590578441
-8.045122038
-8.344638024
-8.559817454
-840.214167
-878.9302862
-1099.372666
315.3926123
-793.298038
178.4577346
-434.9489737
-992.1880681
299.0318389
327.2961161
-1019.203106
-61.33342262
-137.2842587
-191.9372173
-503.8215321
-879.4265228
-1185.504196
-481.1872082
-1234.627464
-1235.271946
-1261.584086
-389.7771847
202.506871
-136.939381
-322.3991177
-926.2491382
-1175.790984
-1187.491971
-153.7664167
-398.9097422
-119.8324972
357.6820558
-1431.521858
-1433.577692
369.1700513
132.910769
-1197.652374
-1025.033525
-1035.737328
-1028.78483
-1200.696612
-811.9167163
-980.711994
-578.6214104
-601.4586549
-762.9738075
-392.2724989
-548.6719778
-480.0376684
-1211.407421
-1387.543446
-1417.432419
-1211.161942
-1118.183041
-1177.59647
-987.9120002
-978.3075723
-816.7906801
-1550.740743
-1539.395973
-1431.637544
-1421.917722
-814.0414428
-829.3001112
-653.6624085
-658.8582746
-756.8294215
-193.814805
-340.0719852
-1554.485904
-1425.812348
-1502.492831
-1045.406196
-1042.065702
-1030.464725
-1144.11666
-850.4487334
-831.3723494
-816.9807372
-971.2857943
-914.3602718
-912.0322086
-583.8617479
-639.1186781
-637.0343657
-459.5278504
-464.8617973
-512.3913495
-1354.330859
-1356.692453
-1411.260306
-1224.39198
-1285.966581
-1294.966564
-1169.262341
-1130.801613
-1116.629942
-1071.748625
-1055.969737
-1004.604789
-514.6518258
-610.4928384
-845.3701678
-529.9069699
-707.6135352
-1045.745715
-741.357901
-802.7809089
-1042.824334
-814.7215629
-834.9931478
-1010.045788
-836.7819481
-829.7020123
-960.5507334
262.778218
14.0226237
-97.32684681
-224.9001645
-412.6606959
-617.3267777
-456.9365794
-554.9594528
-732.5104177
-579.3208194
-634.1227748
-779.6616427
-647.0501315
-672.0452124
-788.1705432
209.7378241
283.5821984
151.2604885
-44.52199577
-104.8164625
-102.4729796
-249.493775
-363.1425924
-289.8832905
-389.3785478
-506.8075406
-416.4374879
-483.3138693
-591.7901503
-501.2263047
-542.2657746
-636.8317603
160.9851354
192.619697
121.0389018
-5.453765215
-31.7406568
-45.59552564
-156.9211539
-221.0355088
-190.3849149
-279.7770424
-357.5689657
-306.0636913
-374.6808188
-452.77579
-394.0055566
-440.6633238
-514.4114141
129.4173846
151.9388307
101.5022495
11.31159663
0.4405438865
-18.91657721
-106.2766861
-141.1408176
-133.8669594
-210.7882036
-259.3156291
-234.2605806
-296.9005137
-352.5307341
-314.8874015
-360.5807491
-418.7307174
103.5513434
122.720935
84.46619765
13.65264376
12.9834294
-10.00571944
-80.70306737
-98.03034116
-103.4921377
-167.7903281
-198.1809499
-187.5387082
-241.077579
-281.25755
-256.9731483
-298.8788971
-343.6666369
82.81377168
97.99585789
65.92907943
8.753314114
13.12917818
-10.41112301
-67.16014432
-76.76000533
-85.5069992
-137.8486666
-159.3758718
-154.215701
-199.5536429
-229.576282
-213.3401103
-250.5971904
-285.7306574
65.68190965
78.02020127
50.87436682
4.292930148
7.450923535
-11.25053856
-57.40435667
-64.45745223
-72.39712731
-115.5703723
-131.6924658
-129.2346694
-167.6383065
-190.8132719
-179.508675
-212.1509178
-240.1953383
52.46618498
62.02467623
39.83030983
1.281110014
3.427112472
-11.58959658
-49.78470109
-55.33763535
-62.22327318
-98.24637342
-110.8511978
-109.7378631
-142.3584898
-160.7853793
-152.5568921
-180.9516924
-203.7686602
42.33371075
49.68187212
31.57547328
-0.7441459811
0.6950585455
-11.5395647
-43.52795283
-48.11376601
-53.96103001
-84.2852923
-94.48700904
-94.00896354
-121.8031502
-136.8348321
-130.5628898
-155.1708036
-174.0696007
34.4395243
40.17705937
25.29111959
-2.058958261
-1.130747346
-11.18846501
-38.20137791
-42.12133127
-47.01911687
-72.70775253
-81.19660315
-80.97329168
-104.7133664
-117.2446458
-112.2383228
-133.5143935
-149.4226641
28.19448856
32.74236895
20.42336865
-2.85797617
-2.300750419
-10.61691468
-33.54974711
-36.98264585
-41.03853547
-62.88798423
-70.10713556
-69.93442759
-90.24069841
-100.8765436
-96.70346147
-115.0622302
-128.6407307
23.18520863
26.83940941
16.59233967
-3.282843441
-2.994682349
-9.892257541
-29.41401401
-32.47224109
-35.78954223
-54.40839438
-60.65549594
-60.42227499
-77.79335189
-86.95792963
-83.33799109
-99.14263577
-110.8757048
19.11807762
22.08963991
13.53464239
-3.436805646
-3.343344089
-9.06713208
-25.69015696
-28.44770689
-31.1185499
-46.98056155
-52.46211301
-52.10932229
-66.94807262
-74.94570619
-71.69429194
-85.25711793
-95.50495835
15.77644304
18.22176858
11.060402
-3.396391655
-3.442414407
-8.181317779
-22.30508948
-24.81450098
-26.91644562
-40.39560237
-45.26214953
-44.75696069
-57.39028337
-64.44837272
-61.4372423
-73.02350392
-82.06352243
12.9971444
15.03426164
9.030502336
-3.2181812
-3.36289945
-7.263909032
-19.20429642
-21.50499224
-23.10182503
-34.4965238
-38.86164518
-38.18518463
-48.87921491
-55.17232226
-52.30888805
-62.14212278
-70.19233427
10.65559035
12.37495436
7.341752486
-2.944145413
-3.157268177
-6.335798317
-16.34507087
-18.46833364
-19.6113466
-29.16124206
-33.11405734
-32.25368858
-41.22504357
-46.89193594
-44.10483596
-52.37157061
-59.6090583
8.651971378
10.12641422
5.914651651
-2.605891256
-2.864547084
-5.411834786
-13.69194381
-15.6637271
-16.39314639
-24.29079481
-27.903506
-26.84868792
-34.27253846
-39.42656186
-36.65700302
-43.50716285
-50.08243467
6.905938924
8.194115456
4.686363571
-2.227587085
-2.514259487
-4.502498519
-11.21475757
-13.05726302
-13.40382173
-19.80378148
-23.13600512
-21.87687803
-27.89562568
-32.62875676
-29.82944851
-35.38591025
-41.4159507
5.351429749
6.501657938
3.605764233
-1.827577713
-2.12901234
-3.614454258
-8.885928833
-10.61968325
-10.6046157
-15.62941609
-18.73348856
-17.25750826
-21.98735456
-26.37860572
-23.50845937
-27.88528207
-33.45942344
3.933755878
4.986155177
2.630252838
-1.419563499
-1.725879894
-2.751288166
-6.679477503
-8.323850785
-7.959824909
-11.70353966
-14.62707505
-12.91717194
-16.44698237
-20.57168772
-17.58399055
-20.86192622
-26.09313214
2.606020659
3.595067447
1.72396799
-1.013170175
-1.317521741
-1.913715364
-4.569912132
-6.143979876
-5.43532839
-7.966254424
-10.75376958
-8.787390653
-11.17985835
-15.10805594
-11.95242115
-14.18703373
-19.16702171
1.331813143
2.283515612
0.8597593629
-0.6150424201
-0.912590349
-1.100960638
-2.53333366
-4.054800556
-2.99953242
-4.363420991
-7.054927485
-4.806578359
-6.101720843
-9.89569554
-6.521762509
-7.745468148
-12.56049223
0.05694897764
1.021254903
-0.1182507155
-0.4476358839
-0.5145667481
-0.5312820452
-0.7755395227
-2.030549165
-0.857334108
-1.104307143
-3.475958319
-1.186637361
-1.433109249
-4.85100643
-1.51581109
-1.792498073
-6.156550088
-889.5343688
-882.8251675
-833.0542038
-894.0238101
-984.282737
-973.3893583
-1438.611592
-1457.710365
-1042.587255
184.7758734
439.163702
-768.5580261
-611.8788851
-671.8434563
54.06457237
-20.58008446
114.0949844
-635.0019483
-471.135099
-234.3915797
-913.3813588
-569.0305225
-714.8661583
343.3041442
377.9460793
-1163.718053
-1181.078046
-942.775996
-1263.651255
-1275.181135
-1531.424937
-1524.955503
-0.2940403271
75.0992089
9.208211581
-217.5068966
-165.5563517
-80.61544591
-332.6181775
-540.6729934
-429.0428557
-619.5693693
-559.0421703
-430.8114894
-867.3353137
-697.3778307
-745.3401191
-1184.875405
-1137.16453
-1137.177431
-351.4625893
-413.5806057
-404.1069821
-576.0171753
-562.7012162
-416.5137007
-1287.046606
-1286.290068
-1231.502483
-1260.891107
-1353.751748
-1383.184476
-1348.61897
-1350.68158
-1260.801195
-1440.685673
-1435.847513
-350.4840841
-256.5656361
-301.9206101
-246.6154313
-294.3538146
-20.99138315
-149.1264417
80.28404166
72.67295977
260.2978858
-179.7868755
-64.79109524
-34.38656362
-180.5090264
-114.7478473
-238.8090752
-1008.248467
-996.0333972
-909.8241768
-1171.583193
-1083.282883
-1091.435872
-1068.503863
-1075.274128
-1167.09791
-222.8617143
-128.9107064
-56.94133516
-316.9636472
-216.02575
-305.1671229
65.50742222
-113.9998026
-223.7681269
370.78224
485.2408859
456.7826501
-1485.241633
-1488.333459
-1431.805395
145.5694219
64.50218966
285.0214639
219.0742905
299.4443896
73.91509967
144.3579379
206.819352
-1141.134331
-1138.246199
-1186.626925
-1027.709889
-1079.625102
-1069.208373
-1087.440588
-1084.114235
-1031.464845
-650.4823868
-639.9673926
-591.4643403
-760.0299206
-686.4551281
-703.6958284
-444.0589295
-427.7008189
-372.5361002
-533.3171333
-479.3115891
-495.616176
-1395.093726
-1346.352386
-1339.95516
-1181.526562
-1359.491144
-1430.091839
-1316.746472
-1340.678559
-1182.959629
-983.2358352
-932.6473111
-937.8359183
-919.4291411
-927.0648765
-979.3089799
-824.6532537
-874.2094968
-864.074638
-1428.706917
-1477.298769
-1481.950973
-1470.041292
-1473.310432
-1427.278799
-1519.433935
-1516.417624
-145.219654
-198.13938
-243.5374396
-220.3769781
-170.2772592
-318.0932913
-267.5004415
-289.0956629
-986.1109394
-953.1633023
-916.696022
-884.5601329
-856.2865124
-833.1591289
-693.9204832
-717.5792643
-804.978695
-813.9853402
-861.1093858
-1014.744847
-938.6644163
-949.7395073
-1051.214632
-959.7370665
-957.9762864
-1028.883903
-943.1650409
-935.5622219
-987.4587197
-823.8355322
-821.8090997
-887.1901128
-805.2177574
-787.6229965
-836.9477665
-771.1274286
-758.2757217
-795.2404312
251.4284799
137.0271361
104.4547859
-339.7806665
-421.1627523
-504.4729328
-580.8576582
-615.630243
-687.6487412
-687.6186564
-703.8507697
-761.522865
-736.2400822
-742.3928084
-788.8607552
-675.8310147
-696.044667
-757.8105191
-693.6626137
-688.6842329
-737.836869
-682.4589755
-676.6685906
-716.2700821
177.180873
84.95678421
84.23532072
-151.3623538
-215.0080526
-253.3072933
-363.04073
-400.6276453
-444.7097371
-489.8152825
-513.2978382
-554.8096016
-568.727733
-582.5234702
-618.8641827
-551.9712017
-584.0422862
-637.9157144
-591.2982661
-595.7833882
-641.1567764
-597.7623713
-598.1634102
-636.9495162
133.161796
79.06200696
79.8181474
-69.02463403
-114.332293
-133.4335856
-233.3238603
-267.5226389
-295.1543205
-355.9289176
-380.9583558
-409.6507455
-443.582305
-460.4522575
-487.6647999
-452.8270371
-489.2913229
-534.5859058
-502.1580711
-512.481814
-552.8560466
-519.8913292
-525.0099855
-561.1800764
110.7788938
75.34581712
76.62817071
-29.43213988
-63.21984173
-72.87911987
-157.9791635
-187.0454102
-203.3380952
-266.1300882
-289.6904895
-309.0834508
-351.2156445
-368.4073461
-389.1410486
-373.2433943
-409.9696019
-447.8309385
-425.9514184
-439.5917194
-474.7447737
-450.2744994
-458.4364453
-491.1459192
93.11480463
67.18617286
69.47534542
-12.81218627
-39.30480139
-43.42975472
-116.2220722
-140.624345
-149.8515095
-208.7189954
-229.2896801
-242.2910364
-283.7817662
-299.5780068
-314.9462749
-310.9120765
-344.99671
-375.7557491
-362.3003932
-377.2565284
-407.1625228
-389.5123842
-399.2799966
-428.1960639
75.73802305
54.2275071
58.10244237
-9.769383999
-31.20265872
-32.32820843
-93.70750751
-113.6302349
-119.3884805
-169.5896864
-186.8029238
-196.1978277
-233.6963708
-247.7098725
-259.4044659
-261.5200821
-292.443498
-317.327138
-309.5729481
-324.4134535
-349.7611066
-337.0329704
-347.3557478
-372.722055
57.72471171
40.40862829
43.28972974
-10.91083979
-28.09071513
-28.79342845
-78.49477271
-94.712234
-98.91862963
-140.8958279
-155.3358732
-162.4085714
-195.4104913
-207.6339905
-216.7588322
-221.9012521
-249.5392261
-269.9643398
-265.5309941
-279.5910299
-301.1038015
-291.8571016
-302.0581202
-324.2197449
44.93133743
30.84955854
32.97789095
-11.47495933
-25.57886817
-26.17208249
-67.02071716
-80.42391174
-83.66884151
-118.9270877
-131.0981672
-136.6244422
-165.310857
-175.8967735
-183.1926062
-189.5506689
-213.9304385
-230.9272674
-228.4761612
-241.4440774
-259.7750922
-252.939575
-262.6184878
-281.9450905
35.41255194
23.75731173
25.34246143
-11.60755504
-23.35013196
-23.88978255
-57.89725234
-69.10482227
-71.71649237
-101.4807923
-111.7905822
-116.2447376
-141.0324257
-150.1724103
-156.1361788
-162.6971082
-184.0599114
-198.3624286
-197.0748958
-208.8031734
-224.5149675
-219.3180518
-228.2573836
-245.1281334
28.2266105
18.42977059
19.62566744
-11.39636441
-21.27176182
-21.78111406
-50.35148738
-59.80275528
-61.9752062
-87.20485746
-95.97413642
-99.65824997
-121.0046498
-128.8851642
-133.8567694
-140.0683084
-158.7075945
-170.8816487
-170.224728
-180.6881259
-194.245206
-190.1462868
-198.2475112
-213.0100512
22.7072009
14.38273401
15.29488326
-10.92567457
-19.28868975
-19.77690968
-43.92527551
-51.94114437
-53.79402106
-75.23775623
-82.7182716
-85.8300523
-104.165826
-110.9534854
-115.1674921
-120.7467942
-136.9603281
-147.4309648
-147.0688189
-156.3086604
-168.0853568
-164.7113254
-171.9503215
-184.9100715
18.39685019
11.27798992
11.98028916
-10.27011748
-17.38193662
-17.85184737
-38.33359036
-45.15468561
-46.76535421
-65.0106982
-71.40107523
-74.07474297
-89.78093017
-95.61952912
-99.24233638
-104.0546
-118.1208056
-127.2138299
-126.9328777
-135.0246024
-145.324541
-142.4156809
-148.8119118
-160.235479
14.98010557
8.876175997
9.42105973
-9.489488489
-15.54712244
-15.99904624
-33.38942839
-39.20005778
-40.6208639
-56.13249499
-61.59055157
-63.92037329
-77.32405349
-82.33553074
-85.48833699
-89.48365277
-101.6518263
-109.6182626
-109.2847106
-116.3176846
-125.3859719
-122.7621139
-128.3586375
-138.4740176
12.23426474
7.004484239
7.430350498
-8.629765381
-13.78516006
-14.21874379
-28.96447075
-33.90846363
-35.17657432
-48.3254035
-52.97768233
-55.03231615
-66.41001328
-70.69697243
-73.47065527
-76.64092584
-87.13081123
-94.1705594
-93.69710923
-99.76290302
-107.8027604
-105.3332253
-110.1841624
-119.1899006
9.996990066
5.534645447
5.870134036
-7.72507564
-12.0972315
-12.51222181
-24.96493155
-29.156027
-30.29909284
-41.38291608
-45.33150995
-47.1627834
-56.74563039
-60.39386913
-62.8585696
-65.2163428
-74.21822926
-80.49186071
-79.82116284
-85.00704549
-92.18694915
-89.775801
-93.93833084
-102.0054136
8.148909108
4.370553041
4.63725228
-6.800146715
-10.48357643
-10.88008066
-21.31953593
-24.84861119
-25.88812548
-35.1470499
-38.47469826
-40.12317214
-48.10258182
-51.18348702
-53.39511796
-54.95883505
-62.63681812
-68.27633015
-67.368303
-71.75357205
-78.2157493
-75.78846944
-79.31785521
-86.5960557
6.599710307
3.438482344
3.653167951
-5.872531755
-8.942791829
-9.321304396
-17.9710228
-20.91095299
-21.86433137
-29.49151435
-32.26513906
-33.76366746
-40.29549773
-42.86753588
-44.87232578
-45.65117228
-52.15901322
-57.27172605
-56.09617656
-59.74867408
-65.6154187
-63.11043875
-66.05845671
-72.67799032
5.279086903
2.680398837
2.856322591
-4.954836776
-7.472392942
-7.833588644
-14.8723789
-17.2816537
-18.16307655
-24.31389996
-26.58759112
-27.96265002
-33.17309675
-35.28317125
-37.11823274
-37.12765541
-42.62333255
-47.28467544
-45.79405412
-48.77079204
-54.15017093
-51.51149857
-53.921914
-60.00652635
4.130439901
2.049765117
2.197669955
-4.055532727
-6.068393343
-6.413442118
-11.98276776
-13.90799679
-14.73009173
-19.52789977
-21.34548941
-22.61997767
-26.6124774
-28.30084449
-29.99614196
-29.27146883
-33.80869543
-38.14167855
-36.25096431
-38.61888714
-43.60831667
-40.78996508
-42.71667492
-48.34600548
3.107270718
1.508787721
1.63741957
-3.179652701
-4.725206808
-5.055656948
-9.265092091
-10.74266263
-11.51688974
-15.05688455
-16.45304839
-17.64781929
-20.50354548
-21.80423794
-23.38965982
-21.89965256
-25.47388363
-29.57842045
-27.31465815
-29.11402235
-33.80074235
-30.72656598
-32.17500417
-37.54760249
2.170433438
1.026606003
1.143100975
-2.329356963
-3.435734974
-3.753521976
-6.684611065
-7.741827078
-8.478921455
-10.83002648
-11.83040365
-12.96490792
-14.73762576
-15.67325316
-17.17749841
-14.89445419
-17.59118638
-21.48520591
-18.86773963
-20.11782681
-24.56371066
-21.23340452
-22.19751792
-27.23304236
1.287768221
0.5787965162
0.6885843629
-1.50417763
-2.191379609
-2.49871277
-4.208174921
-4.864233531
-5.574180127
-6.781920983
-7.404104581
-8.495957617
-9.217305833
-9.803056785
-11.25152124
-8.133090844
-10.03612133
-13.76122832
-10.77625206
-11.48930579
-15.75381706
-12.12125287
-12.78544374
-17.45655428
0.4346576188
0.1410191944
0.2584126982
-0.7124569699
-0.9925533623
-1.280473598
-1.812528612
-2.079287513
-2.762266191
-2.860964526
-3.115546598
-4.172136839
-3.861867182
-4.104975664
-5.512390959
-1.903287943
-3.271058299
-6.213241174
-3.537278417
-3.795612742
-7.133770928
-4.107682838
-4.50568865
-7.92636674
-1210.193276
-1200.880104
-1083.936522
267.5522058
363.5976647
397.1816809
-786.0507789
-740.3641539
-743.5231132
-971.8172015
-866.134471
-894.4926187
-1425.768502
-1424.570768
-244.8109769
-316.0390566
-267.7401861
-1235.325596
-1285.565066
-1286.08663
52.1597
0.5400347638
-1141.331825
-1138.468203
-1189.135565
-51.30620892
-108.1170907
-178.3848817
139.9612956
92.42516232
-1157.647141
-1268.172861
-1292.61472
-1220.80519
-1244.048284
-1144.553841
-1101.918024
-1176.585537
-1198.259247
-1134.262085
-1155.334781
-1087.063102
-1039.580722
-1092.066028
-1113.240319
-1048.449653
-1070.52101
-1022.479518
-548.6408666
-631.8069959
-603.2146551
-686.305324
-659.6789018
-580.3727853
-824.8130691
-741.2744537
-765.1901269
-605.4779732
-724.0183957
-660.1544781
-809.3690191
-774.1533611
-664.0811412
-1034.890213
-898.1291606
-922.2289487
-767.2542622
-854.747938
-835.3396018
-878.8339112
-868.8119192
-787.2855767
-1047.869527
-956.9987905
-959.8683432
-823.7336519
-890.5009084
-885.6891184
-891.0957245
-891.5405213
-830.3122957
-1019.949259
-954.179664
-949.1597336
-835.5069253
-884.6285101
-888.4592198
-872.5432008
-879.4633741
-833.4528116
-974.5504986
-926.6303003
-916.2981127
170.4320684
157.6284627
260.9287823
-2.979737757
35.29276919
-55.28964795
-298.8008942
-353.6900394
-275.3285241
-470.3468046
-417.707092
-360.6581801
-568.1527097
-486.1249115
-538.1734461
-494.5791292
-551.2264903
-514.3767274
-608.7380945
-582.3023792
-526.9276561
-712.4842009
-644.2380585
-668.0050998
-600.3721007
-650.1216478
-631.1287275
-679.5107623
-666.1772282
-618.5828653
-771.7747213
-717.1808074
-727.8879024
-657.5946416
-698.7158533
-690.2354224
-709.1769517
-705.0761793
-665.9160434
-788.8463693
-746.2364067
-747.9592056
232.3200188
255.2307494
82.10090498
83.78444419
163.758227
-60.14629319
9.948884159
17.93162671
-14.68096895
-0.5943833296
-79.85303648
-156.0053915
-182.8686855
-124.4690946
-282.4231921
-235.4226137
-204.9579572
-312.4606109
-271.0921429
-320.1338942
-326.4441305
-361.4632573
-324.269303
-424.4895295
-394.6810017
-359.4945416
-477.7580624
-433.8756501
-463.4675291
-440.9961033
-475.4444187
-451.2786617
-516.5596827
-497.1680315
-463.2481429
-574.5796897
-534.1932289
-552.6484148
-517.0124449
-548.5934618
-533.6795366
-571.9304947
-561.2989026
-530.6513129
-628.9313312
-594.0553849
-603.4416173
171.0097601
181.4479884
77.65876724
78.70174077
126.779228
-12.57214358
33.35008059
36.22893454
23.85860557
28.99664698
-21.24874739
-84.40573186
-98.10680522
-56.25185823
-175.2565931
-137.8369572
-121.5842659
-179.0178468
-156.8439058
-196.4827996
-221.9841032
-243.2663795
-210.3762239
-302.8180419
-274.0492128
-251.7668872
-327.7505608
-299.2828183
-328.7143996
-330.6570043
-354.617016
-329.6627516
-398.7715723
-377.6637893
-353.5417061
-432.2767857
-403.8634517
-424.7204332
-411.4316066
-435.1560458
-417.9368842
-463.7865739
-450.3803834
-426.9156184
-502.0180042
-475.3104332
-488.2799465
136.3594772
143.8143507
71.77819585
73.74938036
106.0191503
8.747010995
41.38616194
41.68862188
38.74590925
40.4294101
5.126160273
-48.67725134
-55.21372671
-23.53797262
-116.0670351
-86.10399357
-77.84465794
-107.7418727
-95.99856446
-127.6111119
-160.527887
-172.853704
-145.0087804
-225.0435304
-199.54822
-186.1898083
-232.1043736
-214.7781618
-241.1487793
-256.5242158
-272.2415383
-249.2922205
-313.8702413
-293.8114729
-277.4436999
-331.6150066
-311.7821047
-332.3333378
-331.4597609
-349.2301517
-332.3281652
-378.6727898
-364.6371635
-346.6642081
-404.740271
-383.9633319
-398.0156404
109.7269463
116.1554169
61.80799731
64.95787275
88.79125326
14.13208538
39.39157877
38.10954082
41.44299143
40.5505497
13.91575132
-33.86513079
-36.16059426
-11.06668578
-85.41133631
-60.98622762
-57.45344731
-71.02401431
-65.45918308
-91.13468836
-125.6808268
-132.6589485
-109.3373326
-176.9538215
-155.2454128
-147.1482334
-174.4908199
-164.2552823
-187.0016118
-206.3508158
-217.3485845
-197.6761843
-253.458003
-235.9445091
-224.2020574
-262.4473387
-248.6562428
-266.8152745
-271.8962254
-285.2588361
-269.8917843
-312.8926249
-299.5753877
-285.8595448
-329.8929369
-314.2278503
-327.7740656
88.0972966
93.0294771
46.57734424
50.3245361
70.96075159
10.20702618
30.48520142
27.97067963
35.88593349
33.18602124
11.7764325
-29.52826906
-30.30702327
-10.0715039
-70.08511793
-50.34530133
-48.47346941
-54.70481846
-52.39981907
-73.26716644
-103.4440238
-108.3320242
-89.43930417
-144.4742924
-126.6963771
-120.9094258
-139.7526631
-132.957929
-151.6279721
-169.9736724
-178.084767
-161.6167753
-208.8863867
-193.8482756
-185.0934727
-213.3283077
-203.2369666
-218.8715401
-226.4452564
-236.7438337
-223.1866731
-261.6425692
-249.5574204
-238.8677958
-272.9937121
-260.9164838
-273.3129448
69.58569322
73.68919516
35.28154143
37.76109266
54.19950181
5.242920716
21.7264875
19.9781502
25.68134061
23.61555235
6.288199657
-26.78503422
-27.42252777
-11.09555096
-59.60159095
-43.60773555
-42.18241064
-46.74046732
-45.12302638
-61.94613267
-87.11577994
-90.78811653
-75.34518167
-120.5940422
-105.8849139
-101.5194429
-115.5423751
-110.5476958
-125.9554549
-142.4832682
-148.7080437
-134.8787581
-174.9009725
-162.0557601
-155.2912662
-176.911483
-169.248296
-182.6116882
-190.8903698
-199.0250889
-187.2279926
-221.0119757
-210.284227
-201.7758406
-228.7877705
-219.2769708
-230.326834
55.44020427
58.61872631
27.04651344
28.8784528
42.28839528
1.927641812
15.50447536
14.24136593
18.36192656
16.87400349
2.640582727
-24.4399235
-25.00229726
-11.545176
-51.53926601
-38.3402156
-37.17726269
-40.83555324
-39.55736705
-53.38661095
-74.46430364
-77.36169799
-64.55708396
-102.2130438
-89.92306326
-86.48051605
-97.42106904
-93.56299653
-106.4069314
-120.933187
-125.8766398
-114.205406
-148.1743338
-137.2056389
-131.8124821
-148.9167704
-142.8978029
-154.3071005
-162.3956449
-168.9741915
-158.7679848
-188.19607
-178.7827666
-171.8656432
-193.7092039
-186.0561573
-195.7740222
44.62887287
47.07393799
20.90734767
22.28191516
33.42766943
-0.3135085076
11.00889499
10.09417728
13.07575637
12.00053064
0.1648923699
-22.29680255
-22.81951848
-11.58364516
-44.99190341
-33.9602518
-32.96421317
-36.06280342
-34.99188885
-46.51847908
-64.2440364
-66.61749625
-55.88473767
-87.5213371
-77.16946037
-74.35800741
-83.21758519
-80.11852628
-90.91722535
-103.5131223
-107.5522647
-97.65467791
-126.576402
-117.1977561
-112.7825039
-126.6942228
-121.8291245
-131.5808312
-139.0509186
-144.4837931
-135.6755194
-161.1983113
-152.991237
-147.2584192
-165.2747095
-158.9917025
-167.4752737
36.23885871
38.14863341
16.27002198
17.31310907
26.7112205
-1.785185776
7.753244292
7.090513414
9.25027815
8.471671389
-1.476715195
-20.26998743
-20.76815065
-11.29986744
-39.46182742
-30.16016852
-29.27899689
-32.00062669
-31.06676629
-40.76737179
-55.71825893
-57.71912489
-48.65317463
-75.41720852
-66.64503071
-64.2853441
-71.6732046
-69.10522518
-78.24403175
-89.0703503
-92.44822897
-84.02245514
-108.7125087
-100.6821408
-96.98737626
-108.5675703
-104.5385817
-112.8857748
-119.5529902
-124.1213707
-116.5288454
-138.6076464
-131.4810623
-126.6494472
-141.7716916
-136.5189092
-143.8918914
29.62620948
31.14015766
12.72946331
13.52898945
21.53064194
-2.69807379
5.394689646
4.914804678
6.479082456
5.915012495
-2.51302736
-18.3262445
-18.80517026
-10.77652206
-34.65924415
-26.77062193
-25.97495184
-28.42135608
-27.58568915
-35.80278487
-48.43090335
-50.15486548
-42.45771684
-65.20363385
-57.74016894
-55.71714335
-62.01877961
-59.83897991
-67.60799745
-76.8478488
-79.72671375
-72.53557239
-93.64928931
-86.76766498
-83.61947222
-93.44307382
-90.03948436
-97.19166577
-103.0000318
-106.9008893
-100.3631019
-119.4243877
-113.2548092
-109.1235595
-122.007538
-117.5472512
-123.9345536
24.33939997
25.55594844
10.00122463
10.61932227
17.46886923
-3.205522231
3.688584185
3.34240444
4.472307726
4.064419598
-3.109978387
-16.45549317
-16.9165003
-10.08467734
-30.40602641
-23.6942344
-22.96650235
-25.19761171
-24.4376566
-31.42489133
-42.08517118
-43.5956634
-37.04265779
-56.42025818
-50.05734844
-48.29376999
-53.76514617
-51.87986904
-58.50113386
-66.32889006
-68.82100455
-62.6771369
-80.74096228
-74.84466334
-72.12149549
-80.58739787
-77.6645796
-83.79360443
-88.74904201
-92.12427079
-86.50309557
-102.9233067
-97.59781537
-94.02070584
-105.14148
-101.3030845
-106.820526
20.05942172
21.04885799
7.882954933
8.364211473
14.23796089
-3.419141102
2.46117074
2.213615834
3.023779416
2.730651441
-3.388366984
-14.65694381
-15.09974581
-9.28045471
-26.58689946
-20.87166664
-20.20083647
-22.25394908
-21.55586146
-27.5057213
-36.47995865
-37.82046574
-32.23865603
-48.7514106
-43.32659821
-41.76905264
-46.58623127
-44.93144814
-50.57755885
-57.15033494
-59.33519265
-54.08938678
-69.52791553
-64.48324621
-62.09835729
-69.49032261
-66.94578465
-72.19221375
-76.33179396
-79.28515684
-74.46374568
-88.56762031
-83.98653822
-80.85572837
-90.56329412
-87.22133426
-91.97182285
16.55348528
17.36778117
6.22599776
6.603586382
11.63258141
-3.42133508
1.587123966
1.412448816
1.98639123
1.77801383
-3.436955392
-12.93191184
-13.35621104
-8.406705191
-23.12280867
-18.26384399
-17.64191166
-19.54288963
-18.89736856
-23.95900513
-31.47134316
-32.67392196
-27.92781864
-41.97209367
-37.35678407
-35.9657393
-40.25639119
-38.78633864
-43.59349022
-49.04594918
-50.98323482
-46.51561589
-59.67319815
-55.37058314
-53.25846229
-59.78710128
-57.54568375
-62.02467524
-65.39507186
-68.00651528
-63.88669944
-75.95092323
-72.02795631
-69.25974505
-77.82147485
-74.88112576
-78.95412193
13.64653099
14.32493818
4.919419963
5.218156755
9.502413514
-3.273150674
0.9743339516
0.8535680651
1.252791423
1.107096877
-3.321595223
-11.28117306
-11.68688471
-7.494953863
-19.95530986
-15.8419114
-15.26272978
-17.03112535
-16.43126683
-20.72199143
-26.9517668
-28.04066884
-24.02282545
-35.91409559
-32.00552786
-30.75103024
-34.61119806
-33.29173382
-37.36852231
-41.81402012
-43.54937877
-39.76310801
-50.91987101
-47.26948043
-45.37981135
-51.20597469
-49.21065975
-53.01660902
-55.66536496
-57.99724591
-54.49703634
-64.75517682
-61.41660367
-58.94533483
-66.5700497
-63.95766198
-67.42980598
11.20578626
11.77836525
3.879472244
4.118290136
7.736633311
-3.019763468
0.5546956991
0.4736532541
0.7439104829
0.6445423283
-3.090959231
-9.704219443
-10.09163169
-6.567931925
-17.03927111
-13.5831417
-13.04160971
-14.69340828
-14.13364558
-17.74684511
-22.83771196
-23.83214529
-20.45657281
-30.44794985
-27.16344849
-26.02179837
-29.52676834
-28.33135302
-31.76505721
-35.29683115
-36.86655904
-33.68313931
-43.06725945
-39.99553035
-38.28815968
-43.53915466
-41.74514899
-44.95543325
-46.9247779
-49.02762003
-46.07895563
-54.72660368
-51.91007899
-49.68223387
-56.53862344
-54.1951698
-57.13146883
9.125834107
9.61688372
3.040838999
3.234642181
6.250554906
-2.695043362
0.2767416228
0.2245319047
0.4007279768
0.3352825164
-2.781377013
-8.199007912
-8.568723965
-5.641786134
-14.3375983
-11.46805472
-10.95970297
-12.50877435
-11.98430462
-14.99467545
-19.06122379
-19.97690784
-17.17462571
-25.46948235
-22.74250349
-21.69437231
-24.90520068
-23.81238405
-26.67325351
-29.36627367
-30.79993211
-28.15592217
-35.95218024
-33.39941971
-31.84158663
-36.62099313
-34.99190178
-37.66946847
-38.99275085
-40.90848789
-38.45599977
-45.65246601
-43.30713259
-41.27770552
-47.50702699
-45.38326406
-47.83756941
7.322130906
7.751189246
2.351692946
2.512399854
4.97776589
-2.324824754
0.1007222742
0.06882633762
0.1781208321
0.1370047964
-2.420471427
-6.762395077
-7.115352241
-4.728033981
-11.81909872
-9.479536645
-9.000266245
-10.45900182
-9.965698064
-12.43312299
-15.56590756
-16.41618261
-14.13187111
-20.89359295
-18.67057307
-17.69967251
-20.66698774
-19.65937025
-22.00397127
-23.91760474
-25.23969876
-23.08378576
-29.4419341
-27.35967837
-25.92441764
-30.31674306
-28.82328575
-31.01909957
-31.72390126
-33.48557293
-31.48460847
-37.35653374
-35.4425319
-33.57699766
-39.29109959
-37.34733858
-39.36173785
5.725237577
6.108394034
1.770139922
1.907418465
3.864508285
-1.928792108
-0.004640593828
-0.0229615692
0.0408948064
0.01652909632
-2.029342921
-5.389584616
-5.727114382
-3.834214838
-9.455644208
-7.601271364
-7.147060063
-8.527643976
-8.061416404
-10.03346955
-12.30204475
-13.09881736
-11.28855557
-16.64725122
-14.88538996
-13.97728294
-16.74577949
-15.80801052
-17.68168779
-18.86061728
-20.09269913
-18.38336819
-23.42596648
-21.77401933
-20.43764276
-24.51604775
-23.13311501
-24.88929746
-24.99949945
-26.6356812
-25.04710111
-29.71053698
-28.18954456
-26.45870488
-31.74682335
-29.95240961
-31.565281
4.278054524
4.628596821
1.262041569
1.383805534
2.866357592
-1.521726312
-0.06414460906
-0.07425308166
-0.03878161457
-0.0524104529
-1.623874746
-4.07426431
-4.398117703
-2.964662541
-7.221025811
-5.817158218
-5.383892659
-6.698477763
-6.255265343
-7.769015285
-9.224328034
-9.978692786
-8.608439766
-12.66507291
-11.331113
-10.47240969
-13.08274732
-12.20096236
-13.63927506
-14.11275683
-15.27508536
-13.97994225
-17.80296193
-16.54972189
-15.28962102
-19.12239763
-17.82687957
-19.17738715
-18.69973032
-20.24135352
-19.03386452
-22.58259035
-21.42394264
-19.79307372
-24.75524897
-23.07800833
-24.32299904
2.931826391
3.261274248
0.7996222986
0.9122279354
1.945771488
-1.114243434
-0.09735054077
-0.1033473723
-0.08300574943
-0.09063282261
-1.215711018
-2.808452801
-3.120774562
-2.120775766
-5.089613111
-4.110568078
-3.694012828
-4.955217063
-4.530862302
-5.614149954
-6.290017836
-7.012423783
-6.057004972
-8.886038099
-7.955528953
-7.133726039
-9.624082548
-8.785372333
-9.814889502
-9.59692149
-10.70814065
-9.803670248
-12.47590366
-11.5990488
-10.39454112
-14.04530555
-12.81552593
-13.78481051
-12.71174151
-14.18516151
-13.33816233
-15.83137182
-15.01597902
-13.45724436
-18.18210622
-16.59082067
-17.4882214
1.646630021
1.963738016
0.3622153238
0.4704130358
1.073079422
-0.7130571744
-0.1184544758
-0.1237751326
-0.1087834339
-0.1138666322
-0.8126005471
-1.583757062
-1.886173887
-1.301473294
-3.036627973
-2.464652327
-2.06126905
-3.281053243
-2.871394662
-3.543865522
-3.459931999
-4.159503332
-3.601578673
-5.25410747
-4.710349836
-3.914546725
-6.319450859
-5.51191725
-6.151164629
-5.244040798
-6.320314444
-5.790767144
-7.357642755
-6.842657637
-5.675779504
-9.201127453
-8.017551605
-8.622037416
-6.935821005
-8.364716633
-7.865083378
-9.340099644
-8.856170624
-7.343975054
-11.91167211
-10.37893237
-10.94267526
0.4236395538
0.7109563586
-0.2533640309
0.07458768593
0.260415709
-0.2924208879
-0.107238823
-0.3565138854
-0.1256667407
-0.143103055
-0.4300881279
-0.6129996133
-0.6543766604
-0.47413968
-1.008275837
-0.8323100283
-0.6941255477
-1.657718817
-1.269176395
-1.542547886
-0.9395043728
-1.354320807
-1.182220198
-1.693115346
-1.524616236
-1.02188879
-3.121329747
-2.342892895
-2.603428195
-1.268833749
-2.024769208
-1.859826087
-2.349479295
-2.187967411
-1.350937098
-4.51373647
-3.367201373
-3.615957112
-1.600201382
-2.668227297
-2.509453586
-2.984942654
-2.826708766
-1.68985174
-5.836115117
-4.34492181
-4.577490432
-1446.03491
-1322.025559
-1322.657061
-1315.713036
-1319.576271
-1452.472415
-1065.197614
-1190.103591
-1177.09047
263.474991
309.7947078
230.1090936
390.1023121
348.3377762
489.4264088
468.0382226
-714.9933563
-724.8876966
-775.9228054
-623.1214158
-672.0734263
-661.9901575
155.9361583
100.2183681
47.74108407
-382.6562311
-451.1078469
-534.4303484
-304.0843538
-377.6966258
-303.7629288
-790.7340513
-831.8523942
-945.1703786
-625.7693698
-725.3181296
-675.8121095
430.1505685
402.3402784
326.6279292
479.994467
482.4845694
-1099.532989
-1108.448494
-1187.963221
-956.7000319
-1033.035384
-1021.657416
-1431.126296
-1428.014342
-1266.956369
-1347.235939
-1347.364301
-1351.374959
-1349.722376
-1273.845297
-404.3733107
-362.0414341
-296.6941876
-506.0212198
-431.1790476
-468.0366939
-346.8130592
-390.3542591
-468.1795769
-794.4471179
-811.1913344
-883.331225
-511.4889325
-525.0109354
-574.168722
-425.5241797
-476.3696236
-462.4014094
-1334.761408
-1333.078634
-1381.423524
-122.6679678
-79.34094866
-95.6624554
-46.65536797
-94.20029663
3.922504059
-55.78044906
7.881572146
229.7570517
178.6619833
-904.7472301
-894.9194965
-930.1219699
-747.2511204
-745.8269181
-781.1635997
-610.7070459
-616.0551529
-646.6836512
-499.5397188
-508.5859623
-533.4920659
-410.6347795
-421.1687006
-441.5733709
-340.213487
-351.0587291
-367.6717059
-284.8112078
-295.1990632
-309.2465322
-240.6664422
-250.1378138
-261.6998639
-204.9411691
-213.3998421
-222.9776817
-175.5261226
-182.9949705
-191.0231091
-150.918987
-157.4639006
-164.2731262
-130.0411639
-135.7454095
-141.5809555
-112.107282
-117.0565939
-122.1043125
-96.53087654
-100.806119
-105.2089683
-82.86721601
-86.54152081
-90.4116873
-70.7680013
-73.90586192
-77.33290336
-59.95576326
-62.61349924
-65.67045765
-50.19911469
-52.4255952
-55.17454821
-41.2989208
-43.11936041
-45.59933361
-33.12203844
-34.55993231
-36.74214277
-25.53282929
-26.64932732
-28.63676966
-18.35840968
-19.17203939
-21.0545834
-11.4858115
-12.01076002
-13.82825724
-4.792674129
-5.036999671
-6.762796358
307.6482963
377.1934918
354.8170336
402.4176563
401.0473876
346.454001
-1128.200685
-1223.302917
-1218.51511
-22.54380194
62.61139911
78.91912686
-590.6547558
-513.9127036
-557.6528572
-801.2932114
-768.7229896
-675.1763486
490.3057153
481.464516
252.4915233
195.0951364
179.7097595
-139.2294263
-199.7718627
-254.0267532
-1321.249454
-1319.571281
-1421.664847
-968.2049647
-1003.30867
-1026.135338
-818.530984
-854.5707002
-863.9130469
-678.0900692
-711.6892298
-711.2231818
-559.5350931
-587.2762004
-580.8573242
-462.742569
-485.168036
-475.8113121
-384.0482986
-402.3093335
-391.5842696
-321.6206307
-336.8413609
-325.4378591
-271.4735921
-284.2562786
-273.1652145
-230.8682677
-241.3770562
-231.3258499
-197.5081265
-206.2626321
-197.3103533
-169.6942218
-177.0777033
-169.1862222
-146.1820497
-152.4779171
-145.5704823
-126.0630678
-131.4845002
-125.4693654
-108.6571723
-113.3674037
-108.1524926
-93.44982736
-97.57392276
-93.0733844
-80.03950606
-83.6780838
-79.81462999
-68.10761029
-71.34133645
-68.04721538
-57.39532172
-60.2907421
-57.50716626
-47.67253058
-50.29347
-47.97074808
-38.75328735
-41.08279117
-39.24440836
-30.5464792
-32.57328945
-31.20980932
-22.8626517
-24.79397119
-23.7349448
-15.56460162
-17.40180415
-16.64661848
-8.511831998
-10.28756462
-9.82794692
-2.0072563
-3.298128205
-3.136913088
-1459.512262
-1476.896497
-1488.459271
-1189.23493
-1190.697357
-1197.887863
-1408.192102
-1407.845254
-1412.607839
-1233.725868
-1244.15835
-1249.96982
-1138.53959
-1142.434049
-1147.624353
-1301.200258
-1310.81866
-1318.45115
-1356.038402
-1359.991398
-1365.982495
-797.531354
-746.7200427
-851.0569924
-861.7035519
-1557.797834
-1563.080188
-1568.061198
-1514.432568
-1528.893326
-1538.095951
-968.6587373
-971.7232907
-975.4318912
-918.9751654
-929.2953137
-936.8922431
-1016.28907
-1013.304599
-1016.293304
-1064.374432
-1071.287965
-1075.27314
)
;

boundaryField
{
    topAndBottom
    {
        type            slip;
    }
    inlet
    {
        type            zeroGradient;
    }
    outlet
    {
        type            fixedValue;
        value           uniform 0;
    }
    wing
    {
        type            zeroGradient;
    }
    front
    {
        type            empty;
    }
    back
    {
        type            empty;
    }
    procBoundary3to1
    {
        type            processor;
        value           nonuniform List<scalar> 
136
(
-330.0824427
-330.0824427
462.1099953
-266.8206203
84.46608681
128.0988536
416.9700804
498.1737786
-568.9106739
-472.5749842
-675.2124448
338.454334
-382.8689235
-116.4189407
-622.5246334
-450.0762301
279.8550629
391.4718247
203.9323097
255.6435389
159.9688871
191.034834
128.1081025
151.4496806
99.22175189
119.9757533
79.19514592
93.77910535
63.88396561
74.96368396
52.13309775
60.65886988
42.92956566
49.62469023
35.59081889
40.9412902
29.6422536
33.98861118
24.74375546
28.33014589
20.65005435
23.6528629
17.18154485
19.73018516
14.20269967
16.39541591
11.60735034
13.52156775
9.310490636
11.00811339
7.241982112
8.774493936
5.341387916
6.753274752
3.55566488
4.88615066
1.839313052
3.121570763
0.2979993265
1.416125922
548.5326251
479.172906
589.3495474
569.4404768
541.2025257
541.2025257
-227.1738823
-64.55108888
554.3456194
586.4526553
253.4013317
253.4013317
385.1379232
-176.5332869
33.92664307
173.6053531
311.8399811
350.3267583
218.5316909
235.390951
169.0847065
179.5162521
135.7905651
143.4487962
105.1066178
111.9313033
83.73775353
88.60791369
67.32971817
71.01586793
54.79911303
57.63606879
45.03339895
47.26194039
37.27926409
39.06042563
31.01969139
32.46674337
25.88467105
27.0789076
21.6087449
22.60879871
17.99806841
18.84696253
14.90765789
15.6380229
12.22519138
12.86279222
9.860761055
10.42627009
7.741148928
8.251712546
5.803806801
6.274156447
3.994063079
4.437277793
2.263504073
2.691048829
0.5796164022
1.006165439
479.172906
579.8623598
518.6419772
478.0099076
561.5005066
-17.07081528
215.9357971
443.8124046
451.5507189
555.8176134
-675.2124448
-795.269972
-795.269972
-749.133072
-868.0020981
-868.0020981
)
;
    }
    procBoundary3to2
    {
        type            processor;
        value           nonuniform List<scalar> 
51
(
-968.8971306
-894.8484419
-815.5629424
-815.5629424
-786.2118633
-767.7801811
-758.8241344
-1582.985678
-1501.630484
-1501.630484
-1576.95665
-1523.331997
-1601.017204
-1557.203036
-1596.34964
-1562.826478
-1606.045956
-1539.846069
-1545.098051
-1515.482459
-1571.806086
-1531.160483
-1531.160483
-1461.526973
-1504.942533
-1587.857865
-1566.741857
-1420.449662
-1381.95178
-1280.463146
-1250.77779
-1169.157302
-1143.152091
-1015.871372
-929.046168
-865.3310494
-1504.693344
-1573.320694
-1312.010759
-1345.67003
-1195.55526
-1222.667393
-1091.113311
-1117.233319
-1509.136508
-1065.019029
-1039.999234
-1527.449253
-1597.691395
-1596.534018
-1600.570956
)
;
    }
}


// ************************************************************************* //
