/*--------------------------------*- C++ -*----------------------------------*\
| =========                 |                                                 |
| \\      /  F ield         | OpenFOAM: The Open Source CFD Toolbox           |
|  \\    /   O peration     | Version:  v2012                                 |
|   \\  /    A nd           | Website:  www.openfoam.com                      |
|    \\/     M anipulation  |                                                 |
\*---------------------------------------------------------------------------*/
FoamFile
{
    version     2.0;
    format      ascii;
    class       volScalarField;
    location    "1.19";
    object      k;
}
// * * * * * * * * * * * * * * * * * * * * * * * * * * * * * * * * * * * * * //

dimensions      [0 2 -2 0 0 0 0];


internalField   nonuniform List<scalar> 
3259
(
37.00414659
37.00551011
37.00145528
36.98850576
36.97670336
36.9669499
36.9609359
36.95723589
36.91079629
36.90943181
36.90878039
36.90842185
37.02514398
37.03330816
37.0200368
36.97419785
36.9131981
36.86428341
36.81134661
36.79043761
36.73552849
36.73080937
36.72862573
36.72758934
37.08953415
37.10523512
37.07758584
37.00370376
36.89358259
36.78357898
36.68395383
36.63696135
36.5677094
36.55728939
36.55234372
36.55038225
37.26535305
37.27245805
37.2135594
37.09866852
36.94002794
36.77239516
36.59922782
36.50775683
36.41063336
36.39055873
36.38084174
36.37707969
37.65330896
37.63268574
37.49875551
37.29667056
37.06426247
36.82321897
36.58128264
36.41202648
36.26916395
36.23063605
36.21311002
36.20634475
38.5140394
38.40784711
38.04264208
37.65859139
37.29147798
36.94500702
36.60697158
36.3571989
36.14386363
36.07680861
36.04773212
36.03633528
40.45898438
40.29562088
39.02776094
38.24492203
37.64317944
37.14036708
36.67351856
36.34550109
36.03468209
35.92946597
35.88380225
35.86594984
43.28011661
40.6280093
39.07411705
38.12140358
37.40604097
36.77902259
36.35737518
35.94333315
35.78973848
35.72220512
35.69605273
48.26392692
42.59884772
40.071076
38.68426063
37.72128344
36.91057143
36.38460443
35.86875993
35.66029307
35.56643657
35.53034105
51.66176063
44.39638454
41.08100071
39.2742171
38.05161231
37.05455918
36.42178811
35.81147781
35.54519984
35.42205197
35.3745231
53.31698797
45.74837874
41.97401386
39.8228859
38.36933014
37.19487373
36.46489549
35.76853665
35.44749002
35.29436067
35.2345215
54.01536153
46.66670507
42.68007611
40.27990776
38.64001083
37.31907263
36.50797296
35.74057392
35.36773156
35.18619367
35.11387987
48.85986761
43.69200093
52.60598035
49.32550583
54.31274848
52.91341703
54.97905593
54.42441745
55.01889662
40.42393691
43.18243599
40.18795525
53.23434305
45.56592335
47.71465951
43.05289617
41.23367419
56.5687062
59.21281225
51.35182781
45.27480839
43.65520774
54.87989864
54.42004275
53.18417618
46.88585473
45.74447619
56.54027589
55.54365832
40.08071911
57.57794622
57.30132494
59.15213969
53.59417393
46.63682406
52.45394889
57.75922872
54.53113291
56.31128783
51.16869098
57.58477573
56.31917916
57.95170189
57.72022995
50.91581566
55.35680017
54.97411957
53.84920443
56.84076036
57.09621979
56.25211793
56.79604338
53.66029232
57.2439895
56.65243018
42.41936782
44.06948423
57.61497716
39.73040575
66.65179877
49.2261293
54.42154437
53.97451875
47.91841318
47.20049485
64.53885913
47.88466334
46.17802876
45.12036585
51.38845045
45.97450261
45.69562055
42.02401124
54.77888963
57.39866378
57.52138908
57.1301471
57.37290999
54.71166966
42.24959665
44.93171013
42.20886773
42.2481705
72.13982453
49.94710324
66.31109886
48.0186753
62.13509759
49.01685778
58.48742287
58.66268233
54.55565199
54.5273562
41.21803331
49.55344871
56.1518511
41.90143841
41.42395905
52.08859682
42.34798324
56.01826329
51.24038122
48.85907847
56.874048
57.30613998
56.90022387
55.5482274
55.70400824
56.9899947
55.50971452
54.9120505
56.07986402
55.67112133
56.88998679
58.50031418
53.52847328
52.4374214
54.67961077
53.84662531
58.46911883
55.56870103
52.96168181
55.49003835
41.64713093
44.83496802
56.94900596
41.52327628
41.03602402
66.13897295
51.92778902
66.41758788
40.1441015
41.3896556
56.903287
42.30954806
48.4530951
43.98746044
48.04435709
43.84938034
44.1173627
57.47321103
60.94947644
59.35213046
59.14512167
54.6551489
44.55203737
44.52254697
49.33996192
48.86820755
54.24533677
58.62367044
62.82524339
61.36138064
55.16797547
50.16802403
48.58197099
52.02579543
50.66424513
55.55832474
54.92021779
50.15842744
49.66286764
55.87005543
44.63619489
44.69695251
55.17826269
56.95923963
56.75072618
56.6867844
56.20310885
56.4448577
56.18493066
56.65671231
56.50672311
56.21259119
57.02574801
45.49345865
50.15795247
57.56007589
59.26360731
58.64030038
57.99632576
54.2230173
53.96322384
39.69484789
39.97789001
65.13500803
62.65010732
50.57081804
63.13366076
47.72984082
42.10373128
43.45113568
53.3715732
60.49110277
72.48109521
58.19320038
54.01895955
62.48701609
59.09117451
53.21239873
49.75512587
56.08670059
56.64036649
55.97447276
57.82054915
59.03638091
58.9001669
57.25793661
45.94489608
44.85906588
54.59479631
49.59606469
49.12003735
45.67562759
49.05069122
48.88370525
54.29234534
48.70643526
46.39891732
42.61772369
43.5647365
41.28418106
50.15106716
49.02374917
45.65640522
46.70062118
45.18520628
48.58079175
47.26605929
44.4404424
45.33050495
40.15252249
39.72138575
62.88032057
62.10868129
58.32685517
63.93341114
65.11870659
64.73142698
64.32317961
63.55078974
65.52464959
64.11211366
55.52283911
61.91563647
63.01099945
50.97823698
50.25215424
55.0714344
55.87954798
52.56802129
51.33394154
43.33709799
43.15475385
44.76919422
43.62453152
52.83001786
43.77872009
45.01557188
43.10932572
43.42668627
60.45029681
40.92499837
59.15867732
52.41439128
58.72462102
40.86690946
65.93853543
42.80788253
40.6648634
39.27454985
63.67521239
63.13601185
48.11883021
63.89922242
57.53124955
57.62290721
55.15103908
46.59180252
45.74377357
49.90235845
56.5342995
46.37208255
46.59791924
41.6303172
42.00667337
44.61961252
51.72646508
55.99561913
59.05441217
41.87242872
40.5158005
42.97316776
50.93368408
52.83567949
57.45806878
59.93622749
61.71913018
55.09109305
53.33322189
46.98645523
67.23196948
59.36575146
42.37044854
67.32192477
53.93123483
44.74914332
47.14004053
63.53721304
40.12147211
39.96774129
48.33705682
48.03048711
46.32196532
48.6707067
44.02914107
41.27458504
40.24872573
43.44012667
43.80397899
47.20045541
68.52289879
62.98497712
60.08241849
71.80012191
68.56853729
41.4604254
46.57368953
45.02586185
56.02539048
55.24665173
45.99471525
51.48550987
50.52717048
41.2181681
52.6713708
42.59887852
43.07315552
50.88624999
41.4404162
42.66194798
52.03694793
51.51567426
43.71042899
44.3336323
52.57077063
51.30335583
51.63898183
55.25534293
44.80372715
45.97838983
66.34756048
63.46687462
62.37904887
49.29739052
47.23113035
40.82147044
58.42650629
60.79508018
62.905294
44.00739324
61.49918092
54.46602349
61.88180164
60.35718376
45.98470406
45.31952199
46.18246574
51.69703389
54.32160506
54.76062064
53.63411695
53.95341323
60.46938269
59.87375694
60.23533603
59.08601706
59.45072568
59.89187038
49.29026001
47.0297496
47.33487871
46.56198193
46.75509823
49.39000289
62.18669196
61.19223096
61.25003859
60.62433201
60.93962369
61.75998169
49.78790179
48.32689553
48.67823691
47.65708543
47.98308551
49.68040959
52.93973884
53.00048128
52.1491599
52.28651877
68.81326816
68.99120794
66.22577615
50.90641039
68.91258851
63.96163778
70.43023918
64.3357981
67.15195003
62.17347888
52.80792133
68.87286259
63.15156421
54.87832604
54.24505159
65.20987822
49.93079869
55.69711827
59.41414051
60.11635293
61.81698743
59.0367387
67.50563396
63.48042203
68.00515091
61.18995564
64.39447301
67.4028485
69.15111701
68.41412608
56.04071848
56.58936804
56.94562541
55.57671245
55.81170638
55.65312482
58.28719838
58.28455283
58.64546664
57.46542484
57.81495298
57.79816822
45.57284559
47.0967021
47.08868956
49.3459159
49.28224723
47.08162469
50.18525398
49.9813769
49.16495369
49.13006623
49.7245542
47.56456272
46.6289237
46.49082152
47.00652456
46.82638839
46.85396672
55.72581112
50.43788412
41.84285945
57.63748575
57.51376878
57.09759809
44.61383867
55.65321437
54.96947166
42.05328544
42.24884822
48.51261791
62.65938917
61.25077362
61.20645866
61.2019805
61.23792607
62.38264965
64.36682014
64.67509734
64.23635003
67.82593425
67.66127612
67.84124512
67.89191805
64.08395575
65.80530079
67.07900842
68.96176098
65.92603378
50.84996042
49.78737884
50.171068
49.03537734
49.40791242
50.42995297
51.99390068
51.25074104
51.57656727
50.56195386
50.9246305
51.74515368
51.27174601
51.06196514
52.41586409
45.38971523
47.80440475
44.13642483
50.62213862
51.07405056
50.17810146
50.43932076
44.58295742
43.11083364
47.43202296
45.35873435
50.27714409
50.4816523
43.18899701
57.92587467
44.16167576
45.5114489
41.75264307
42.91086653
58.88439071
57.41811094
56.61784037
47.22439808
51.55190043
59.38694124
64.73866156
37.05831782
37.0184561
37.06576423
37.08162969
37.03313192
37.08105203
37.06695643
37.02628813
37.05785342
37.01160788
36.99249729
36.99140088
36.91704475
36.92845505
36.89158025
36.81713693
36.87553959
37.19369248
37.07937572
37.20779641
37.22102338
37.10644873
37.21634911
37.1859767
37.08837752
37.16870818
37.09680551
37.02618369
37.06693466
36.96090783
36.92159108
36.92214836
36.80509748
36.80650569
37.51272789
37.24951569
37.53022324
37.53296394
37.27624495
37.51190631
37.44055177
37.2342867
37.40699536
37.28326953
37.13179931
37.23533663
37.07890711
36.98300179
37.02439246
36.85931976
36.81192391
38.19015584
37.62734965
38.22810909
38.21972335
37.63720346
38.13498339
37.94563626
37.541314
37.87185131
37.63251753
37.35232854
37.54946025
37.30368548
37.12402569
37.2227023
36.98761728
36.88362417
40.09273494
38.45184443
40.11510456
39.88211226
38.42401387
39.50879026
38.92198768
38.13906407
38.72835835
38.22352853
37.75372204
38.07289945
37.6680571
37.38059439
37.54239743
37.19463757
37.03065378
41.70446484
41.73259225
40.45670666
41.120896
40.41707439
39.92648957
40.17292451
39.11782591
38.41696271
38.84839542
38.17665877
37.78251169
37.98575035
37.48463655
37.25847494
45.21115704
43.75561393
42.36996423
42.10289203
40.25718175
39.3807851
39.82853755
38.816257
38.33066725
38.54166519
37.8407406
37.56729791
49.78521377
46.98149462
45.80532325
43.98302059
41.44077687
40.5452785
40.85812562
39.49462791
38.97830224
39.13290978
38.22593473
37.93469153
52.44764847
49.27771105
48.54701258
45.44830537
42.47863492
41.70500835
41.77761969
40.13585588
39.65418198
39.69495554
38.59881452
38.31855319
53.67060162
50.58037599
50.21827252
46.46000362
43.30949213
42.70209786
42.52915154
40.67556543
40.27437271
40.1764036
38.92717001
38.68596836
54.1715876
51.71888444
51.59047633
43.47282225
40.79146117
38.9974986
48.0570512
49.60570448
50.85855775
44.00471203
44.92605572
44.42181698
52.25740649
54.47283825
54.93005277
51.24514832
52.28668536
50.08127994
54.16973165
55.91125767
56.11953027
55.04877808
55.37829773
53.19313415
54.91163191
55.93019729
55.97231775
55.68041738
55.74137845
54.53444703
56.0008289
56.04069746
55.07349695
54.76580645
55.06232468
56.78308831
41.7381351
56.8102087
53.98072836
42.55641776
42.73505648
43.43451567
40.35700528
41.65648676
41.3469161
52.62591044
53.47934004
54.14753545
46.35089597
47.27821225
46.56822733
45.45018557
44.09575995
45.8212119
42.44304979
43.49259612
44.23189458
42.00347057
42.73943486
41.8283148
56.84184635
54.74898172
54.30836389
59.93847046
59.77743377
59.21616387
48.26460875
47.31068879
50.21306795
44.77346897
46.24698068
46.81248946
44.94949672
45.61888752
44.22633527
54.78972334
52.52220173
52.74193899
51.20114934
51.04170891
54.32793095
50.03584806
49.5049686
52.65565511
46.55021628
48.1971035
48.54752027
47.32969161
47.78508408
46.16217409
56.41388416
54.13735682
54.50816826
49.80044774
50.83345594
55.70965632
39.40765428
39.51675657
40.6580008
57.48360614
53.37589892
54.68894039
56.49655461
56.64722159
57.35874379
59.04434556
60.17991126
60.10453639
54.78803632
55.44497636
54.15516106
47.72938691
49.14962203
47.47964844
53.04844128
51.42671549
50.71306796
55.0558198
54.54864949
56.96368814
54.65050913
51.57550768
51.38164935
53.91178402
53.50839848
56.09928233
53.66662533
54.30175254
51.60121277
57.2676122
57.41187427
57.35206345
57.77405582
57.77429727
56.52877236
58.34560295
55.90958856
55.48943031
57.29216677
57.13517939
58.11725616
50.25578978
52.59167229
53.43336235
55.15812565
48.13354431
49.43260359
52.89446554
53.0091286
55.04301918
55.73704213
55.88020336
54.02512972
56.8798816
57.67647173
57.69376806
56.78958521
56.75933385
56.98846593
56.14773062
57.76453203
57.77074478
57.71475811
57.72712978
56.2827912
53.43693899
55.45872043
55.68550524
57.17371037
56.15687152
56.33614607
54.75558881
55.03480676
56.76419396
55.06586592
39.37602096
50.64992728
55.47633317
52.18507263
51.43253035
50.74681701
53.74534389
47.71486574
49.37098207
49.56888569
48.86405349
49.12841204
47.46367883
46.92589531
40.02398115
40.68967834
42.91666711
43.30787035
46.78303908
47.60599328
45.73877293
44.22782502
49.91438802
49.19234944
50.64579757
45.12845503
45.72493099
47.21731295
45.12437998
41.90318907
42.32154191
40.51278807
40.54285068
42.36335119
55.86422615
55.90417796
54.86191621
57.46932219
57.02471127
56.75821169
57.02681174
57.02469225
57.47801066
57.23960098
56.78546695
56.78933105
56.76823181
56.78261675
57.27454874
54.6185653
55.78335999
55.83013661
43.36163944
44.3184335
44.61844614
45.17127046
42.14832983
43.25101644
43.00791032
43.55284334
43.40425093
42.14428938
51.83178645
55.07296262
51.32303389
53.92418135
49.18517953
47.14111729
58.61887838
56.86433757
61.53730835
47.52008857
49.25748973
51.1637543
57.94028953
57.73468612
58.32859911
58.78729699
58.53574047
58.34436805
51.9871901
51.9970892
54.56292105
54.47069338
51.71653101
51.92003122
53.3600986
53.78631761
56.28705971
41.62220819
41.909986
41.74739689
44.35469898
43.91613025
41.30183701
41.66722125
41.66642265
43.03356192
55.88306706
51.19783869
51.63362829
50.49355007
44.9404621
45.98300922
41.1499875
42.04021928
49.68511565
59.15487411
59.43289209
57.66569756
56.46738938
58.33408112
58.79069272
52.84039653
52.62874567
55.38814755
55.82116613
53.1419189
53.025243
57.71074268
57.66283028
57.1992122
55.32557993
56.61750255
56.75450204
56.25589904
56.46024327
55.13150593
55.95422505
57.07629706
57.15857517
56.87534252
56.98323282
55.82336175
56.62037662
57.76299672
57.74420585
56.58542906
56.24566427
58.42486964
53.18871938
54.5755128
54.91506462
53.78570321
54.19290454
52.82377654
54.41995347
55.79560255
56.04973202
55.24495215
55.52101925
54.14670275
58.23917586
57.10515424
56.82674887
46.44048322
47.6311621
55.99576083
55.41431019
53.58097224
53.71634815
42.77208231
51.2319021
51.73454584
52.45736006
51.90994743
43.26883914
56.85495816
55.2953664
55.5375094
41.28105809
40.65325098
40.51762173
43.86459627
42.74888319
40.9016354
47.01379247
40.44010539
45.62889311
43.83627447
44.08398724
45.27816734
45.53627316
45.0119178
43.82385346
48.44563781
45.50148659
46.68584323
47.2170871
48.94601639
44.09103755
45.2110142
44.84523485
45.59458192
45.4484271
44.17711018
55.83203972
55.22627147
57.14740226
59.19508455
59.53712162
59.35318353
52.12045652
52.30437971
54.6966045
44.41422894
47.50667227
47.22587606
48.42581745
47.93630354
44.42748724
54.26065114
50.9217221
50.90380761
60.09001251
60.19129483
58.86436367
52.8161554
52.10907223
54.10164006
49.65469
50.68790289
51.27701935
49.45744962
50.09129423
49.12732844
51.59424783
52.87188519
53.34465299
51.83568628
52.37082736
51.13869154
56.62926818
54.01884998
53.43172301
51.9823185
51.77816163
54.78422665
55.92119018
53.20369212
52.97924258
44.65983243
49.04018348
48.79393655
49.41766554
49.23495317
44.68131061
55.11653761
53.09202336
53.18286054
57.64391709
57.65782189
56.91327008
56.73363419
57.52087872
57.51814954
57.51238008
57.52099386
56.71543931
57.74524143
57.75573867
56.15123291
56.3660836
57.34161754
57.38631273
57.229032
57.29025963
56.28540818
56.61258342
57.48065031
57.50092188
57.42396593
57.45634988
56.56796058
56.25159873
57.72888406
57.73953016
55.75969699
55.97045106
57.10670973
46.62391201
53.44431971
53.04225265
54.30631614
53.89241133
49.33904541
53.78775136
57.23674017
64.36117418
39.72766403
40.58387259
40.16269443
42.1463611
41.16752086
39.82614625
52.92322056
45.4169042
40.7628766
41.13837068
40.40644514
40.56704099
43.59645147
43.02683164
40.64100976
40.81194104
56.53244323
59.5095733
61.65861768
56.47173923
58.58320307
55.68038782
62.72463266
64.38681161
60.54184134
51.68588289
53.60358233
55.45441274
51.0243665
52.43264916
50.94719321
58.00727205
54.64214956
53.35302174
58.09944084
57.17034386
56.5687456
59.06802619
58.87734515
58.93495716
47.13127393
47.10039645
45.16849265
54.58334287
52.00104096
52.03602536
51.06319853
51.37851581
54.38141053
42.44972714
42.20450375
41.44641924
49.8239171
45.87123017
46.36443047
44.748806
45.2980669
49.39833877
46.18800463
42.54386808
42.78422234
42.37187141
42.39433973
45.61493698
48.18557739
43.78578911
44.21137857
43.11636839
43.41182564
47.6691661
43.73142154
41.76003225
41.88220614
40.21265394
40.7310365
47.89855366
40.01511409
39.62343682
39.52521353
39.89964091
39.71574193
39.791326
58.00781892
59.69548417
59.90785494
57.22410283
57.80486016
55.99536038
62.53027294
60.25267857
59.68318358
61.08896824
60.74259008
62.96687745
55.22492233
52.41331237
52.19668343
53.02814577
53.13856558
55.88473317
43.21353381
43.37370455
43.03232218
44.4364212
43.90926044
43.18711286
44.4160415
42.49151306
42.38147888
42.7389389
42.57947959
44.005315
41.01244865
40.77694846
41.03004447
40.84714276
41.80604817
41.27121952
42.10572409
41.2665415
41.40359281
40.14791945
40.60615832
41.28814601
39.55236684
40.05181983
39.68233952
49.74750866
49.89796271
48.27058926
57.59596647
57.03632158
57.03080158
57.06700455
57.04750265
57.58400805
46.41348855
47.72335586
48.12956267
46.67473669
47.20470443
46.39839531
56.10079256
48.87740477
48.99979182
50.02776807
53.58377445
62.55597042
46.48545487
47.86524588
47.43288832
48.40571059
48.30109592
46.53709122
42.7368885
42.4852862
41.93135234
43.91784421
43.0448062
43.18977518
52.23459889
52.85013256
52.30419275
57.11785604
54.74944927
53.89084064
56.41878001
55.53520764
58.02664281
41.38212599
39.65610027
39.82013864
39.52385964
39.55489196
40.87546652
41.52918672
39.63564944
39.86053
51.5985647
55.00793051
54.66967054
55.58721672
55.30656414
52.24186315
60.74743352
57.957342
57.1715879
59.16431635
58.53344724
61.15178071
54.5514851
56.04315411
56.64729879
40.13764747
39.98577125
40.72222719
40.53440164
41.37366796
41.15045093
39.95775639
47.15252705
44.13710103
43.93976217
47.4614658
48.17208884
48.82004049
49.48962756
48.32314032
47.62555337
41.11704857
41.44755271
44.57291447
40.76474973
40.25134047
40.29450169
40.34807356
40.27505064
40.45730871
43.51892725
43.90164167
43.80880454
44.34350193
44.22970178
43.62630561
45.99224572
44.84801504
45.51810545
51.17308112
48.00618806
48.34514806
46.93681238
47.40011589
50.82564663
41.22647344
43.29370546
42.90505523
53.28979514
53.42257034
55.32401084
45.04651929
49.98741178
49.66631208
50.76371001
50.40279447
45.48311033
45.51578951
46.45585301
46.08342977
47.03515877
46.83293629
45.85991603
50.20301626
47.85754002
48.6488957
37.014586
37.01841538
37.00548497
37.0187452
37.01516531
37.00435543
37.00771533
36.99214431
36.99506249
36.97273372
36.95151016
36.98258266
36.93312996
36.91749284
36.97143657
36.90508644
36.89323193
36.9637265
36.8846581
36.87824019
36.95888316
37.03562336
37.04081506
37.02923286
37.04572334
37.04459316
37.03272085
37.02976647
37.02001779
37.01293246
36.97726223
36.95894208
36.95966597
36.90134435
36.8828623
36.90019117
36.79938382
36.76664116
36.82517012
36.74358848
36.72611877
36.7996589
36.7134414
36.70700589
36.78406984
37.12099972
37.13048114
37.09853436
37.13492339
37.13097408
37.10235837
37.10194555
37.08567002
37.06304874
37.02015897
36.99188611
36.97759531
36.89860046
36.86585008
36.86316553
36.76914892
36.68280288
36.7186732
36.63427883
36.59800718
36.65762468
36.57123787
36.555223
36.62255371
37.3385923
37.34896624
37.27541644
37.33635586
37.32370312
37.26460843
37.2667773
37.23894557
37.18932866
37.13684706
37.09683028
37.06253499
36.96260057
36.91525387
36.89611588
36.80634408
36.67400761
36.66937178
36.57952779
36.50947303
36.54767316
36.4577638
36.42310992
36.47975678
37.81339782
37.81589334
37.65957345
37.7665191
37.72273919
37.61751739
37.6019572
37.54826675
37.45319401
37.36933342
37.30633475
37.24045197
37.11015109
37.04440685
37.00407563
36.91074056
36.71368836
36.68691144
36.58935106
36.472713
36.48399168
36.38107967
36.31665872
36.36073741
38.89564357
38.90098974
38.53104402
38.6780924
38.55447555
38.35009819
38.23942032
38.12249496
37.94600978
37.78149264
37.67438881
37.56467104
37.36505023
37.26835991
37.20279381
37.08834162
36.80984772
36.75421938
36.6354079
36.48375137
36.47544158
36.34587255
36.24003963
36.26881328
40.79949028
40.82507282
40.54235869
39.36766742
39.09763788
38.80462945
38.43207157
38.24451579
38.08252414
37.74861419
37.60154003
37.50983947
37.33731411
36.9562972
36.87660966
36.7226681
36.52451692
36.50091614
36.34936883
36.19432974
36.20882991
43.9032455
43.57200371
43.02978834
41.10988114
40.54012477
40.1382058
39.32432324
39.01668129
38.8021314
38.25524792
38.04116108
37.92606418
37.64094656
37.14597079
37.04550237
36.8428317
36.58789243
36.55338388
36.36985562
36.17196537
36.17767798
48.80774149
47.82956156
47.34295672
43.07981112
42.179068
41.76972336
40.34278122
39.89846606
39.66192723
38.83535933
38.54491433
38.41438305
37.97107699
37.36010182
37.25040378
36.98251983
36.66753636
36.6256121
36.40282658
36.16942334
36.16806835
51.95010089
50.80416445
50.51161363
44.77549161
43.6570075
43.3146146
41.3412834
40.77338733
40.54530361
39.41687222
39.05085359
38.92771113
38.29428415
37.57338646
37.46693245
37.12630611
36.75487368
36.71001022
36.44425115
36.17636478
36.17221909
53.45356589
52.37757939
52.22622657
46.00791914
44.7973093
44.54350912
42.18371323
41.52832578
41.33681549
39.94653534
39.51709541
39.4097977
38.57979391
37.76646194
37.67313814
37.25992898
36.84012896
36.79702852
36.48941952
36.18724351
36.18230516
54.08223338
53.09404861
53.0448485
46.82235441
45.59026409
45.42779865
42.82740622
42.11775591
41.97972095
40.38275237
39.90557712
39.8137604
37.85051653
36.87752633
36.19447958
40.82769864
46.84251253
46.31322925
47.09323076
50.20766676
49.86943903
51.00933303
52.08737153
51.90931549
53.02133725
57.54683442
57.20533259
57.29522288
56.67439193
56.41961869
57.53466874
57.46477263
57.88803597
57.92514548
57.25661974
57.27911498
56.37777752
58.10253524
57.08083496
56.86716203
57.98248956
58.02043248
57.85162219
57.5999457
57.60635127
57.06615113
56.20784207
57.2067521
57.22134225
57.36469463
52.96481935
52.90356126
53.89656576
45.83917047
45.32555233
44.85895739
57.43350089
57.56871973
57.55985828
57.52312927
57.52513332
57.50468114
57.16611193
57.58379241
57.58895621
57.5599083
57.56068364
57.34020756
42.07433536
42.439139
42.49832682
42.56867957
42.56840242
42.22695465
50.11718431
48.51116624
47.39209916
57.58857355
57.63686313
57.06902375
56.80101444
57.48899911
57.53547932
57.89071268
57.78777536
58.51122049
58.41485409
58.04230804
57.97105788
53.86825496
53.95149377
55.63450407
41.93447365
45.46819218
45.00109949
48.46591072
47.99510906
44.32083498
54.55192215
54.26385399
54.76967866
55.92408542
55.11722173
54.78944673
57.17998193
57.17533171
56.18548399
56.22519102
57.18963904
57.18282146
45.91077324
49.36583359
48.88694724
42.58661581
42.10872982
42.26197092
57.55275317
57.52019809
57.5209494
55.1080058
56.07083549
56.10316011
41.75663495
42.32870773
42.18693584
44.28747116
43.89637449
44.00245933
57.40280619
56.77803931
56.90947109
46.87010353
47.5012377
46.89139031
46.86701941
46.02555748
46.19843808
37.04179509
37.02836635
37.07337266
37.05444116
37.04872578
37.06142531
37.0582155
37.07852972
37.032409
37.04359636
37.04539764
37.0787386
37.05983678
37.06175095
37.04976908
37.05626133
37.07451363
37.02988472
37.04155248
37.03635301
37.04478832
37.03048263
37.04214125
37.00103764
37.01701454
37.0297674
36.99995192
37.00741879
36.99499384
36.96740646
36.96143692
36.98287881
36.91538215
36.94061189
36.94396619
36.94285384
36.93960649
36.9185739
36.86316971
36.87043702
36.89342505
36.83182925
36.85159892
36.84004697
36.88692334
36.86755463
36.85178
37.14612269
37.10887568
37.21899782
37.16934267
37.15892049
37.17483643
37.17437435
37.22260178
37.10420953
37.13603118
37.1370911
37.20930262
37.16732073
37.17232999
37.14702725
37.15929344
37.1999487
37.09720586
37.1247221
37.11454121
37.14771941
37.11365145
37.13212573
37.06816719
37.09253433
37.12387826
37.04625583
37.06690452
37.04484873
37.03382782
37.01057068
37.04107428
36.94330554
36.97817672
36.99863759
36.9510178
36.96232398
36.93034129
36.88241836
36.87202315
36.90818446
36.80221728
36.83718907
36.84318513
36.83377796
36.83426629
36.80185353
37.40340142
37.32192937
37.53769071
37.4303312
37.42243063
37.42410405
37.4287042
37.53957153
37.27768516
37.35104009
37.34645683
37.48805405
37.40823482
37.419249
37.3609672
37.3874491
37.46787035
37.25196713
37.30996731
37.29060501
37.36897592
37.2988741
37.3316014
37.22421023
37.26312696
37.32753506
37.16216479
37.20794204
37.17382616
37.18439513
37.13841705
37.18264764
37.04100197
37.09089823
37.13230902
37.02410292
37.05458667
37.00942456
36.9692317
36.93974377
36.99068249
36.83857506
36.88890104
36.91397501
36.85339054
36.86877692
36.82360766
37.94582959
37.78349489
38.23772684
38.00344048
37.99184629
37.95015693
37.98391276
38.23601365
37.65096783
37.81709608
37.81016848
38.05945435
37.9172167
37.94330534
37.79081422
37.85519199
38.00851628
37.58218154
37.69170001
37.65084901
37.79429443
37.66122756
37.72694879
37.52475705
37.59405303
37.71453318
37.40472139
37.49123001
37.4313892
37.46785358
37.38168361
37.45330204
37.23594769
37.30923962
37.3861085
37.1832103
37.24218654
37.17605194
37.14326342
37.09089005
37.16338681
36.94770271
37.01898671
37.06499892
36.94384634
36.978933
36.91393913
39.30306754
38.84522986
40.13874422
39.39962883
39.39304426
39.1727685
39.29963157
40.01228315
38.49008915
38.89765558
38.84663878
39.29398284
38.98698681
39.12786434
38.62062259
38.78527092
39.12184529
38.24140662
38.46369234
38.3559706
38.55050333
38.32075743
38.46780965
38.04764676
38.18100355
38.38322893
37.84965689
38.00720586
37.89294669
37.93280124
37.79572524
37.91975167
37.56212032
37.67580416
37.79857461
37.47167592
37.56977017
37.46599813
37.42203423
37.34335211
37.45196188
37.1345583
37.23756767
37.30634775
37.11569674
37.17415186
37.08124794
41.72595706
41.30434375
41.28939745
41.21367767
41.26688767
41.79037822
40.52260046
40.88571647
40.8698408
39.76703926
39.41507435
39.75234079
38.86317529
39.12305374
39.42074677
38.60223759
38.85624833
38.63504004
38.60511232
38.41666282
38.6291
38.03790502
38.22045305
38.38206364
37.92841429
38.06881804
37.90412516
37.80763996
37.70414662
37.86620189
37.40324838
37.54979219
37.64156937
37.3817805
37.46220734
37.32914744
44.67462074
44.10412514
44.50201801
43.2176094
43.65226205
44.14682177
41.35936915
40.94158024
41.60378155
39.94867443
40.40236656
40.75840889
39.73059181
40.06999576
39.6709897
39.45271522
39.21786004
39.55825335
38.64164938
38.91517492
39.11782221
38.55612671
38.7392421
38.48695894
38.2896578
38.16009764
38.39119638
37.74529966
37.9454447
38.05671511
37.74122621
37.84208296
37.65594223
48.72409953
48.28224358
49.30365142
46.58974371
47.37676766
47.78361085
46.52138998
46.96358539
46.24371496
42.95608419
42.57188568
43.5448571
41.13526909
41.78777554
42.12682251
41.10174052
41.45375785
40.85287476
40.34721574
40.106207
40.58066254
39.31780657
39.69045954
39.89560516
39.30164875
39.50540599
39.15367066
38.80357351
38.67192896
38.9804145
38.12850504
38.3887876
38.50226277
38.16516678
38.27786875
38.03177894
51.31228581
51.06102038
52.20726344
49.05916833
50.00613277
50.25736415
49.47243756
49.75911223
48.80297343
44.26922291
43.97466421
45.13146089
42.23312705
43.02662119
43.29755949
42.43702377
42.74478653
41.98640592
41.16650205
40.96007395
41.55225427
39.97510877
40.43896089
40.62384308
40.07508847
40.2693333
39.82094589
39.29564262
39.17545505
39.55690439
38.50700447
38.82646667
38.93145392
38.61004375
38.71689904
38.41176134
52.61548291
52.48329933
53.55418094
45.23277266
45.02335094
46.25454736
43.11125449
43.99146537
44.19962285
43.54525691
43.78923023
42.93001426
41.83914183
41.68368417
42.35099258
40.55261965
41.08824788
41.22661665
40.77435752
40.94702275
40.42188052
39.72153135
39.62564762
40.06780901
38.85131562
39.22133507
39.30595964
39.03190306
39.12544825
38.76839344
44.37708001
44.53969057
43.62715571
41.35533654
41.48113202
40.9054916
39.38751109
39.46860823
39.06802272
50.036299
49.22095782
48.76714909
49.9475524
49.54123663
50.45839667
54.64190332
53.54577079
53.36158374
53.87379058
53.71321339
54.78311491
51.61099928
50.629767
50.26070472
51.25537311
50.93066888
51.95914654
55.94756366
55.19394578
55.15216504
55.1743951
54.15846225
54.02105887
54.40598143
54.28732375
55.27156505
41.21874441
40.81870082
40.76888084
40.34388803
41.53509693
41.05902526
41.09256798
40.85961144
40.9499696
41.43255153
44.96794107
45.60085441
46.07268489
44.63402052
45.12553105
44.61386244
46.50450113
45.78021057
45.21975983
47.96422309
48.8535418
49.18203986
48.155621
48.52305595
47.65653732
50.63892978
49.51866352
49.12930066
49.88957205
50.85303276
51.03778201
50.46427545
50.68132739
49.68747886
52.85448191
51.73687336
51.52396965
50.14167949
53.02456346
52.86506467
53.38470056
53.22812397
50.5292816
57.01098018
57.1239392
57.51059727
53.8551473
56.06950605
55.83097934
56.46842954
56.27689283
54.30601486
48.20669767
47.63174081
47.10260057
48.44115634
47.9555089
48.69226542
57.2639667
56.19639701
55.90592936
53.89743654
52.77180675
52.54022783
53.17369384
52.96194035
54.09678901
57.79449255
57.82218255
57.34708567
57.44963822
57.74447817
57.80706402
57.67920359
57.72526606
57.38758331
56.45900726
57.32123983
57.35187398
57.41613442
57.24051531
58.23212026
57.24305338
57.56071617
57.63158964
57.35419589
57.47548878
57.18407331
57.98844314
58.0684379
58.09551892
52.89265683
51.81529923
51.53820301
52.32207942
52.0661483
53.1683639
48.62561969
52.26157813
52.06776784
52.65645945
52.49443254
49.06542676
55.79431314
54.95586015
54.88902383
55.0859069
55.03162395
55.83498703
56.77094869
57.48875927
57.48037453
57.51158016
57.50391637
56.76894675
57.04518968
57.61820338
57.6276429
57.17596641
57.18127266
56.16328331
56.16415727
57.33992517
57.20568303
55.54791296
54.61942962
54.51988772
54.80236583
54.71919172
55.61276097
56.64639493
53.84694367
52.81147672
52.69410544
40.15383743
42.33227798
41.85733344
43.43192335
42.87395767
40.42121609
46.73750574
46.06865383
46.67482719
45.18496544
45.58926276
46.1825186
44.59003703
45.01096488
44.76870144
46.20356756
45.93113214
45.3544641
46.78381413
46.23635559
46.72865479
57.54759819
57.55779425
57.44604239
57.32498336
57.39473248
56.64407288
57.49687305
57.53214594
57.53703893
57.57210888
57.57517036
57.20276581
56.78757941
57.4243569
57.41388752
57.45862324
57.44764404
56.78802319
56.77351798
57.35730239
57.34533265
57.39087555
57.38002167
56.77687964
57.30868938
57.564364
57.56603313
42.42199
42.02535023
43.29237298
42.7368105
43.00933995
42.8175986
43.23918655
42.47627738
42.46161318
42.08011807
43.17761224
42.74828276
42.81743302
42.71538289
42.74883324
43.02733037
43.5322127
42.98554835
43.00569694
42.84844405
42.96485102
43.44195863
42.21742718
42.5445411
42.52336745
53.03227342
51.79121874
50.90537295
53.14736148
52.332754
53.85470086
51.14696316
50.01504722
51.33283188
47.99468313
48.93774031
49.76778018
50.48615048
49.72446793
50.06603378
51.39106847
53.73452903
53.57165162
54.38283316
53.87989992
51.79487532
41.48714807
44.59575483
43.94708009
46.25056857
45.00544003
42.23482014
57.14412787
57.68955933
57.7413379
57.39860487
57.43847823
56.70151675
58.49417297
57.68312606
57.54710577
58.10924467
58.09214152
58.33849274
46.80544479
51.3285242
51.11401949
51.80713799
51.62099568
47.19426476
55.70482091
54.1224884
53.96277013
46.52161011
46.01249724
42.32662128
49.03569634
48.89141481
52.50834023
43.75462199
47.52776271
47.0393451
45.2503463
44.69908014
44.54572384
44.89478043
44.90710952
45.37527531
44.40797044
47.23693757
46.6665634
45.1729385
44.72081717
44.78123776
45.60513878
44.87340384
44.88223756
44.79704867
44.86531714
45.57700958
55.66762414
55.35537551
56.2856609
56.16649453
57.17211073
57.16901594
57.19957449
57.1915181
56.23828226
50.69404523
49.699717
46.75894029
41.89915171
41.74719566
41.3024552
57.50073697
57.5182693
57.5657604
43.69182921
43.49880573
43.07976268
36.87400334
36.87255051
36.95562984
36.83973012
36.82999983
36.85439608
36.77496439
36.75040503
36.7607654
36.78019731
36.73666565
36.73253377
36.84957054
36.78678858
36.76503814
36.99055844
36.90180166
36.8615616
37.20423444
37.08190315
37.02586122
37.48312134
37.31769404
37.24964835
37.80443567
37.59105041
37.51862861
38.13277423
37.87154163
37.8030739
38.44174488
38.1346068
38.07532958
38.70098866
38.3556289
38.30839092
40.26110377
40.67260386
40.61499668
51.55312347
51.83919966
51.31175127
50.72625307
51.06747013
51.35328264
39.77189526
40.13900486
39.88956938
39.80229449
41.05225131
40.60913919
40.65864087
42.68984248
43.17064614
42.90514196
50.49994649
51.44874662
51.59188639
51.17900656
51.33844563
50.33186876
53.19485888
53.15932359
54.11727876
55.14842873
55.25477404
55.9702935
51.62137753
51.9895783
52.33466256
50.52353341
50.83034513
50.49515167
51.66929326
51.97661653
50.60089141
41.61123964
41.84777979
42.26039267
43.45075117
43.7715556
44.05246057
36.78317348
36.8018663
36.81682387
36.73369779
36.73493416
36.76825372
36.75443337
36.74185882
36.78927612
36.83570178
36.80481961
36.87508471
36.98454383
36.93574824
37.03355252
37.19386385
37.13065048
37.26548165
37.45183635
37.37971753
37.55873292
37.73285283
37.660885
37.88765013
38.00828666
37.94243486
38.21473039
38.25198362
38.19837051
38.51257495
39.79336226
39.88357749
40.16390761
96.19856968
128.7584012
112.5558186
109.0666749
152.2560463
71.08972831
107.8618933
125.2334665
56.24677583
96.49762272
132.6788055
110.428896
75.59943522
117.7021866
106.5734138
76.18602373
211.2017954
96.66359827
75.69619587
211.8507746
97.36088187
75.53583199
212.3516287
98.77351502
84.41484852
182.853326
96.3545016
82.70127495
186.7998261
98.10110275
83.8093892
182.3618046
96.09003009
86.86328583
178.7057549
93.43583819
108.3260008
154.8934153
72.94827135
108.5784798
154.5728613
72.41126153
111.1069344
137.813616
63.74034766
106.8093667
122.7037164
54.74304015
78.21593697
208.0814635
94.47752531
80.83206406
200.0862447
92.10822934
79.41790265
205.3318665
93.4154891
81.64281868
197.4487331
91.71069304
74.9500151
212.0449042
100.1135692
75.51139158
212.4549394
98.99463894
75.98351035
211.2308319
100.1842489
80.06409706
192.9570423
100.3386198
81.77386783
188.3349337
99.11616935
79.47289958
194.6068981
100.3831075
86.80144079
178.2752217
92.82558265
87.69780027
175.7394551
90.69430858
92.62401728
170.2892188
86.53591312
89.30822758
173.6639417
90.18712641
91.73465534
171.360176
87.3099364
111.0625538
138.7826944
64.401002
106.2583618
120.458246
52.82515823
96.42518071
124.380557
114.01132
109.1933988
152.7655279
71.51086686
107.8505205
124.0275118
55.74200526
100.0599791
165.8215527
78.108152
109.6013241
151.4633946
70.51790834
109.5557083
150.9545053
70.75740541
71.84515592
95.71004362
58.41706236
106.9638476
121.7667723
54.08894721
106.8740043
121.0573218
53.38571941
76.59770371
210.3379855
96.15080188
76.74785742
209.7120205
95.9817864
75.48684685
212.437372
97.72823807
74.55821439
212.6773822
98.59494195
83.41043737
184.2954232
97.49147455
81.98988317
186.162875
97.94910134
85.24419093
180.7579085
95.28474718
86.14661042
179.3082615
94.54207148
82.62564076
116.0775372
111.8117118
88.78987604
117.1630246
115.2122894
91.35369765
118.1900615
115.5543736
108.9098564
153.7757583
72.00227072
110.8819038
137.4687536
63.47827956
110.7636164
135.38136
62.65149653
110.4542699
136.1155874
63.10456143
68.43606373
51.23877954
49.68702927
50.12738626
107.6772515
123.1992854
55.23227749
78.84153644
202.9448824
93.48290264
79.85026417
203.6141188
93.50700447
82.38679142
194.5394418
91.64687814
75.52276042
212.2587614
99.63931258
75.0956814
212.482893
99.51616254
75.75666365
210.8849079
100.5074415
76.14926125
210.3457453
100.523977
81.12056469
191.0512306
99.41718864
80.4257348
190.2923295
99.45874208
79.86557615
195.5742338
100.2473462
78.89088556
197.0322022
101.0275649
88.28328702
176.2017868
91.0529181
93.46323547
169.759486
85.48515306
90.64124038
172.2837689
89.22832452
90.97612385
171.8970646
88.30946787
109.988879
146.9852742
69.6380634
110.1115406
148.141905
70.18333378
109.6450447
149.6950416
70.52420825
110.1420112
131.4766682
60.92661725
110.0580765
130.9302587
60.38622703
66.99328465
97.50561448
75.22506145
67.92210195
97.98482109
82.54970735
67.2896949
106.2043252
88.36862878
107.8472947
125.451084
56.75717365
105.6023189
159.4001213
74.7556048
105.9115896
158.7471077
74.57908264
90.22496914
168.4403031
96.33199341
102.0771728
164.1553844
77.06542015
101.0331815
165.2818337
77.70682376
73.83602793
89.22619103
55.35392618
71.6416387
91.78323461
56.39136931
108.8405544
128.1528297
59.01612711
106.339987
119.9749088
52.06954751
106.2348278
119.549558
51.3962561
76.62301885
205.2506643
101.8388453
75.08359782
209.664481
101.6014357
76.51517674
207.871606
101.4995184
75.92503462
204.3303796
102.2261421
78.94442893
197.9425146
101.0943013
78.18927778
199.5333354
101.8667864
111.3850202
142.3603539
65.51749046
74.2138359
85.8097574
55.32061048
74.52517001
52.84267298
108.9589866
127.8310324
58.43588137
104.3385165
161.6756733
75.4900845
71.25855945
51.94108586
94.56185811
148.3834234
104.4322101
94.10044956
152.139502
101.6984452
88.00342709
177.0607714
91.65896512
102.7915652
163.0744286
76.01765179
111.0275224
145.4490112
67.69284909
111.1670997
141.6841454
65.3456284
111.0565571
144.2689307
67.34488806
71.33614563
96.79937498
63.63224034
109.8997482
132.7656823
61.51281666
109.8330701
130.250427
59.9334936
108.7386406
126.3630556
57.31173386
93.64822657
121.3697448
115.2490067
105.7434267
160.299894
74.58356259
106.1760395
156.8424205
74.28795791
107.2302329
155.7388594
73.69682578
96.52315331
138.3475316
108.376524
92.1337741
161.1443421
97.88947373
88.7021279
172.281106
95.05769097
87.73471528
176.6177152
94.02682855
95.13903723
168.6743776
83.59823022
93.33221059
169.7003771
84.56321283
102.6661452
163.7904744
76.68979945
96.09504662
167.8274384
82.84363087
97.09668051
167.4163841
81.80905796
73.5437354
118.4570166
100.421899
110.6839623
134.3803007
62.06196821
110.3561249
134.1173174
61.76161656
109.6512428
129.2982382
59.60701303
76.83487967
206.3977901
101.4180474
76.50080553
206.9397206
101.5427802
77.57812495
201.9328415
101.8938042
77.11111264
201.1360416
101.9354608
74.60855301
77.70219239
53.92911458
74.95656657
81.90978724
54.24546001
108.9120624
126.8135027
57.71751065
85.8382179
115.3393645
114.1529097
105.0545235
160.6882985
75.14644541
95.55711534
141.6412013
106.3309452
93.41338849
157.369685
100.1520316
86.12591301
184.0478898
92.11956395
87.12411623
179.2968317
93.32298
84.24235434
187.3113536
92.40812592
82.95765447
191.9233687
92.15646911
103.170073
163.1846307
75.91386937
98.00860233
166.9293647
80.21199476
97.41923101
167.4473702
80.99924995
99.05859027
166.3078211
79.55806199
99.29286858
165.9887169
78.80339056
111.0309889
145.7191372
68.15440956
110.5361864
146.4578613
68.87673932
110.5849286
139.5519305
64.82445027
110.9405507
141.1117185
65.1907128
110.7511859
143.4321951
66.78143644
111.2076302
142.7564159
66.25410852
68.65247048
109.3942471
94.30711888
)
;

boundaryField
{
    topAndBottom
    {
        type            slip;
    }
    inlet
    {
        type            fixedValue;
        value           uniform 37;
    }
    outlet
    {
        type            inletOutlet;
        inletValue      nonuniform List<scalar> 0();
        value           nonuniform List<scalar> 0();
    }
    wing
    {
        type            kqRWallFunction;
        value           nonuniform List<scalar> 
162
(
112.5558186
71.08972831
56.24677583
110.428896
106.5734138
96.66359827
97.36088187
98.77351502
96.3545016
98.10110275
96.09003009
93.43583819
72.94827135
72.41126153
63.74034766
54.74304015
94.47752531
92.10822934
93.4154891
91.71069304
100.1135692
98.99463894
100.1842489
100.3386198
99.11616935
100.3831075
92.82558265
90.69430858
86.53591312
90.18712641
87.3099364
64.401002
52.82515823
114.01132
71.51086686
55.74200526
78.108152
70.51790834
70.75740541
58.41706236
54.08894721
53.38571941
96.15080188
95.9817864
97.72823807
98.59494195
97.49147455
97.94910134
95.28474718
94.54207148
111.8117118
115.2122894
115.5543736
72.00227072
63.47827956
62.65149653
63.10456143
51.23877954
49.68702927
50.12738626
55.23227749
93.48290264
93.50700447
91.64687814
99.63931258
99.51616254
100.5074415
100.523977
99.41718864
99.45874208
100.2473462
101.0275649
91.0529181
85.48515306
89.22832452
88.30946787
69.6380634
70.18333378
70.52420825
60.92661725
60.38622703
75.22506145
82.54970735
88.36862878
56.75717365
74.7556048
74.57908264
96.33199341
77.06542015
77.70682376
55.35392618
56.39136931
59.01612711
52.06954751
51.3962561
101.8388453
101.6014357
101.4995184
102.2261421
101.0943013
101.8667864
65.51749046
55.32061048
52.84267298
58.43588137
75.4900845
51.94108586
104.4322101
101.6984452
91.65896512
76.01765179
67.69284909
65.3456284
67.34488806
63.63224034
61.51281666
59.9334936
57.31173386
115.2490067
74.58356259
74.28795791
73.69682578
108.376524
97.88947373
95.05769097
94.02682855
83.59823022
84.56321283
76.68979945
82.84363087
81.80905796
100.421899
62.06196821
61.76161656
59.60701303
101.4180474
101.5427802
101.8938042
101.9354608
53.92911458
54.24546001
57.71751065
114.1529097
75.14644541
106.3309452
100.1520316
92.11956395
93.32298
92.40812592
92.15646911
75.91386937
80.21199476
80.99924995
79.55806199
78.80339056
68.15440956
68.87673932
64.82445027
65.1907128
66.78143644
66.25410852
94.30711888
)
;
    }
    front
    {
        type            empty;
    }
    back
    {
        type            empty;
    }
    procBoundary2to0
    {
        type            processor;
        value           nonuniform List<scalar> 
58
(
37.00104308
40.42185792
43.59990796
56.74328921
48.80045289
57.80470797
67.33013239
53.23529333
64.43794372
67.33013239
37.04615218
37.00647986
37.01068305
37.17503955
37.06671734
37.47702829
37.23027551
38.11894873
37.58953738
40.0230218
38.39132498
41.58847497
42.0479724
43.08471156
44.92750711
44.41374539
47.73163411
45.28698708
51.46225133
37.00647986
40.71277017
37.02951265
37.0176266
37.1291042
37.09387724
37.38063873
37.29917994
37.90419642
37.72665083
39.17076723
39.79337506
38.732116
41.17413066
41.58847497
42.29360264
42.68304055
44.41374539
46.45220416
45.91753358
39.79337506
49.32360157
71.73093698
65.59832401
63.75866035
65.59832401
74.11130896
74.11130896
72.95051245
)
;
    }
    procBoundary2to3
    {
        type            processor;
        value           nonuniform List<scalar> 
51
(
37.37219773
36.53019184
35.71956951
36.19916886
35.30434276
35.09662208
35.01285832
41.38085576
57.66605295
57.65048078
39.50619321
52.5476281
57.66605295
55.17689691
49.98812628
42.96979116
67.37211706
54.19945589
51.82043447
55.37332993
39.38783634
47.94783686
42.96979116
48.42751823
50.03345908
57.07960897
40.40073504
46.98806117
45.75105024
42.95671724
42.23317038
40.46611445
39.97921775
37.92527662
36.91440632
36.19916886
57.43918089
56.12359841
43.77076527
44.69170037
40.99958569
41.58625397
39.12672509
39.53399991
56.79450747
38.75300849
38.4055993
53.24601618
105.9026836
119.3127406
50.90964184
)
;
    }
}


// ************************************************************************* //
