/*--------------------------------*- C++ -*----------------------------------*\
| =========                 |                                                 |
| \\      /  F ield         | OpenFOAM: The Open Source CFD Toolbox           |
|  \\    /   O peration     | Version:  v2012                                 |
|   \\  /    A nd           | Website:  www.openfoam.com                      |
|    \\/     M anipulation  |                                                 |
\*---------------------------------------------------------------------------*/
FoamFile
{
    version     2.0;
    format      ascii;
    class       surfaceScalarField;
    location    "2.37";
    object      phi;
}
// * * * * * * * * * * * * * * * * * * * * * * * * * * * * * * * * * * * * * //

dimensions      [0 3 -1 0 0 0 0];
oriented        oriented;


internalField   nonuniform List<scalar> 
6430
(
-0.007860972327
0.9329617963
-0.01593751029
0.9323887295
-0.02419362955
0.9311220963
-0.008788581563
0.9291143386
-0.02423767932
-0.4588324272
0.4601518203
-0.01010797467
-0.4565284756
0.01158432097
0.4581938131
-0.01324965845
-0.4456056662
0.01496352566
0.4438789823
-0.006281570401
-0.006863967421
-0.1939857022
0.003748684461
0.1926156622
-0.002245623149
-0.1794842924
0.001584086316
0.1795762937
-0.001497621018
-0.1931055273
0.002711878499
0.1923674473
-0.001859022983
-0.2164816373
0.005669176315
0.2177434062
-0.003463665282
-0.003467279945
-0.05256532669
0.002809602478
0.05265688078
-0.002901156562
-0.004364025936
0.9373258223
-0.008865937256
0.9368906408
-0.01365096184
0.9359071209
-0.00934106761
0.9343547253
-0.009550280893
-0.4635234049
0.4649233313
-0.01074099403
-0.4616433405
0.01230728856
0.4633405207
-0.01400446873
-0.4438297135
0.01586527687
0.4479453432
-0.009519934731
-0.01035610575
-0.1901705725
0.01037073526
0.1904214606
-0.01048208812
-0.1780018538
0.00976653632
0.1777035017
-0.009286401304
-0.1964024366
0.007615363197
0.1959689629
-0.007073198345
-0.2220255197
0.00613285283
0.2232976004
-0.003703058996
-0.003701874462
-0.05489881255
0.006045396725
0.1102315548
-0.05486862068
-0.003249403196
-0.003260115091
-0.004543866451
0.9418696887
-0.00922014875
0.9415669231
-0.01416416726
0.9408511394
-0.009699974233
0.9397155761
-0.009825043896
-0.4664093814
0.4678824237
-0.01117301646
-0.4650468246
0.01276932203
0.4667477664
-0.01447026379
-0.4546196125
0.01630220766
0.4621110654
-0.01191175084
-0.01184485026
-0.1942012692
0.01717897922
0.1965741465
-0.01943440657
-0.1781289519
0.02400514955
0.1789394428
-0.02464371936
-0.192526816
0.02347979253
0.1911717155
-0.0219990512
-0.2215794423
0.0142069537
0.2180008715
-0.01060199242
-0.1134366681
0.01002526041
0.2269033687
-0.01013415637
-0.1133578047
-0.004599980524
0.9464696693
-0.009317306993
0.9462842496
-0.01426714971
0.9458009822
-0.009781557235
0.945029541
-0.009799557312
-0.469344388
0.4708093455
-0.01124651469
-0.4684212182
0.0128055874
0.4700588554
-0.01444322467
-0.4674307619
0.01618079454
0.4693703054
-0.009133671697
-0.008986609166
-0.2072852516
0.01840380102
0.2120409278
-0.02308859932
-0.1845056205
0.03508410845
0.1876223842
-0.03806008022
-0.1889623186
0.04298590733
0.189333439
-0.0432254018
-0.2093943318
0.04030929309
0.2076824458
-0.03852610673
-0.2209781515
0.0331805086
0.2176574543
-0.0298432045
-0.004547960423
0.9510176297
-0.009194279433
0.9509305686
-0.01403079948
0.9506375022
-0.009628279647
0.9501636012
-0.00953658008
-0.4722191763
0.4736195661
-0.0110286695
-0.4716426383
0.01250094131
0.4731685915
-0.01402689453
-0.4711361343
0.01562211924
0.4728072144
-0.008700896961
-0.008592302418
-0.2293014603
0.009684667479
0.2345966918
-0.01497062678
-0.2011051549
0.03392208455
0.2068805077
-0.03961306018
-0.1949141832
0.05335428861
0.1983092046
-0.05664516403
-0.2069365038
0.06285066133
0.2081297263
-0.0639698491
-0.2089709992
0.06099999169
0.2078535886
-0.05986013777
-0.004409914088
0.9554275438
-0.008897289276
0.9554179438
-0.01352777634
0.9552679893
-0.009278340808
0.9550176892
-0.00910352351
-0.474949364
0.4762549799
-0.01058395676
-0.474624119
0.01194066489
0.4760107299
-0.01332727577
-0.4743769034
0.01475405816
0.4758438999
-0.008179996143
-0.008041058523
-0.2368964306
0.008945734587
0.2372848306
-0.009334134597
-0.2268944704
0.0138018125
0.2340185661
-0.02091086618
-0.2124507155
0.04056309639
0.2181495224
-0.04621109965
-0.2146697521
0.05962430057
0.2173964581
-0.06230535211
-0.2117158105
0.06404686747
0.2144335922
-0.06675134446
-0.004206881189
0.959634425
-0.008470047812
0.9596811104
-0.01283007139
0.9596280129
-0.008785612558
0.9595297528
-0.008556522415
-0.4774842336
0.4786811842
-0.009982563149
-0.4773207281
0.01121167394
0.4785592803
-0.01245022613
-0.4772123967
0.01370463988
0.4784815625
-0.007559909231
-0.007413896409
-0.2383472723
0.008212903465
0.2386703479
-0.008535979017
-0.2376678181
0.009496208077
0.2379820226
-0.009810412638
-0.2360726132
0.01072736599
0.2369376723
-0.01159164094
-0.2264826281
0.0237985751
0.2298442819
-0.02715086782
-0.2222269505
0.03424193325
0.2242363672
-0.03624822286
-0.003959154658
0.9635935796
-0.00795525919
0.963677215
-0.01200699889
0.9636797526
-0.008202051568
0.9636697145
-0.007944909043
-0.4797999742
0.4808854649
-0.009287542245
-0.4797220713
0.01038838784
0.4808165522
-0.01148286876
-0.4796564221
0.01257502112
0.4807427337
-0.006894711438
-0.006766621344
-0.2395528707
0.007456769648
0.2398213618
-0.007725260718
-0.2388242218
0.008506589994
0.2390750845
-0.008757452679
-0.2377125604
0.009476908775
0.2379353411
-0.009699689536
-0.2320280495
0.010101642
0.2320103812
-0.01008397369
-0.226985096
0.01069228235
0.2272666499
-0.01097383626
-0.003685267393
0.967278847
-0.007391067252
0.9673830148
-0.01111859871
0.967407284
-0.007573841341
0.9674322387
-0.007307281588
-0.4818923226
0.4828699219
-0.008551440671
-0.4818404175
0.009530550175
0.4828020198
-0.01049215248
-0.4817464736
0.01143935991
0.4826735449
-0.006236457908
-0.006129973293
-0.2405551099
0.006720997386
0.2407788436
-0.006944731079
-0.2397509166
0.00758493178
0.2399534473
-0.007787462456
-0.2385174979
0.008357596547
0.2386870617
-0.008527160336
-0.2319666333
0.008803482153
0.2319545129
-0.00879136178
-0.2279277883
0.009333882794
0.2281016071
-0.009507701578
-0.00339983911
0.9706786862
-0.006806910318
0.9707900861
-0.01020965247
0.9708100262
-0.006934548736
0.970829093
-0.006671958015
-0.4837695001
0.4846446228
-0.007809671449
-0.4836998639
0.008676634372
0.4845423385
-0.009519108951
-0.4835286926
0.0103404538
0.4843209492
-0.005613370468
-0.005519339919
-0.2413914642
0.00602773041
0.2415786237
-0.006214889982
-0.2405026198
0.006743988388
0.2406682282
-0.006909596853
-0.2391355923
0.007368868876
0.2392675832
-0.007500859741
-0.2319295927
0.007698392701
0.2319259015
-0.007694701456
-0.2285186955
0.008174335002
0.2286291596
-0.008284799097
-0.003115299768
0.9737939859
-0.006227483407
0.9739022697
-0.009316271086
0.9738988139
-0.006310440651
0.973882187
-0.006058924373
-0.4854451364
0.486225855
-0.007091159232
-0.485328609
0.007857460499
0.4860662882
-0.008595139738
-0.4850549641
0.009307707229
0.4857354132
-0.005037643548
-0.004950512741
-0.2420924014
0.005390830546
0.2422499572
-0.005548386302
-0.2411202182
0.005989951778
0.2412574048
-0.006127138367
-0.2396197265
0.006502820529
0.2397241592
-0.006607253277
-0.2319310379
0.006754299137
0.231938429
-0.006761690221
-0.2288944857
0.007185229543
0.2289644967
-0.007255240541
-0.002840021605
0.9766340075
-0.005669188634
0.9767314367
-0.008461732706
0.9766913579
-0.005716632578
0.9766185215
-0.005481434717
-0.4869366413
0.4876317578
-0.006411749019
-0.486754738
0.007088608227
0.4874009654
-0.007734835646
-0.4863668671
0.008353828734
0.4869532971
-0.004510853461
-0.004429405253
-0.2426839834
0.004813580121
0.2428176388
-0.004947235544
-0.2416341459
0.005319515286
0.2417492318
-0.005434601102
-0.2400047397
0.005745970456
0.2400885727
-0.005829803434
-0.2319778836
0.005944875363
0.2319966831
-0.005963674873
-0.2291312707
0.006338595071
0.2291746795
-0.006382003907
-0.002580136514
0.9792141441
-0.005143881286
0.9792951815
-0.007662442797
0.9792099194
-0.005163385887
0.979067729
-0.004948264386
-0.4882623648
0.4888808584
-0.0057818795
-0.4880044135
0.006380001007
0.4885713964
-0.006946983902
-0.4874985006
0.007486109214
0.4880058355
-0.004033306657
-0.003960137509
-0.2431870185
0.004294091479
0.243301224
-0.004408296981
-0.2420669893
0.004725124563
0.2421646069
-0.004822742199
-0.2403153271
0.005083651163
0.2403835823
-0.005151906306
-0.2320690948
0.005246946488
0.2320982777
-0.005276129438
-0.2292758586
0.005609708036
0.2293013479
-0.005635197311
-0.002339137841
0.9815532819
-0.004658110237
0.9816141539
-0.006926878983
0.9814786882
-0.004656559603
0.9812595259
-0.004462116239
-0.4894405788
0.4899911716
-0.005207152361
-0.4891014286
0.005736447636
0.4896000506
-0.006235069684
-0.4884785773
0.006706238974
0.488919436
-0.003605208057
-0.00354188961
-0.2436179963
0.003830977449
0.2437162868
-0.003929267951
-0.2424354975
0.004201313351
0.2425190917
-0.004284907586
-0.2405695248
0.004505688416
0.2406258857
-0.004562049351
-0.2321995049
0.00464467607
0.2322374378
-0.00468260892
-0.2293579773
0.004981643166
0.229371186
-0.004994851884
-0.002119835146
0.983673117
-0.004217072124
0.9837113909
-0.006261638947
0.983523255
-0.004198973873
0.9832234277
-0.004026566858
-0.4904885264
0.4909795088
-0.004689956298
-0.4900667784
0.0051594797
0.4905066775
-0.00559937884
-0.489331184
0.00601284544
0.4897161955
-0.003226724013
-0.003171132934
-0.2439899654
0.00342327704
0.2440752178
-0.003508529426
-0.2427521321
0.00374420039
0.242824355
-0.00381642334
-0.240780551
0.0040050727
0.2408277768
-0.004052298483
-0.2323623023
0.004127373961
0.2324072361
-0.004172307723
-0.2293970516
0.004443041327
0.2294017143
-0.004447704049
-0.001923265214
0.9855963823
-0.003822476125
0.9856106018
-0.005668304064
0.9853690829
-0.003791331701
0.9849875923
-0.003641136984
-0.4914225365
0.4918616396
-0.004230434782
-0.4909191958
0.004648375615
0.4913088709
-0.00503805071
-0.4900767716
0.005402636815
0.4904149218
-0.002895179185
-0.00284560786
-0.2443134845
0.003067323616
0.2443880236
-0.003141862766
-0.2430265116
0.003347778509
0.2430894355
-0.003410702368
-0.2409582996
0.003573446143
0.2409984547
-0.003613601241
-0.2325505279
0.003684157331
0.2326007772
-0.003734406568
-0.2294060484
0.003982423842
0.2294047197
-0.003981095156
-0.001749828374
0.9873462106
-0.003474819648
0.9873355931
-0.005146854455
0.9870411177
-0.003433049721
0.9865786725
-0.003304884974
-0.4922576358
0.4926520322
-0.003827446156
-0.4916751512
0.004201207869
0.4920221198
-0.004548176548
-0.4907326032
0.004871492359
0.4910314906
-0.002606457043
-0.002563922682
-0.2445971269
0.002758174857
0.2446628352
-0.002823883135
-0.2432662237
0.003005296591
0.2433214891
-0.003060562005
-0.2411102041
0.003202276433
0.241144847
-0.0032369194
-0.2327575898
0.003304795106
0.232811596
-0.003358801281
-0.2293939964
0.003588874657
0.2293884924
-0.003583370639
-0.001599481629
0.9889456923
-0.003173789803
0.9889099013
-0.004696203984
0.9885635319
-0.003123302893
0.9880221125
-0.003016341026
-0.493007687
0.4933639435
-0.003479559424
-0.4923492452
0.003815880102
0.4926602855
-0.004126920404
-0.49131306
0.004415734939
0.4915787596
-0.002358805615
-0.002322628922
-0.2448480148
0.002493362839
0.2449064728
-0.002551820739
-0.2434774291
0.00271308127
0.2435263965
-0.002762048711
-0.2412419927
0.002886722298
0.2412723499
-0.002917079479
-0.2329775941
0.002983465989
0.2330340134
-0.003039885242
-0.2293673268
0.003256079549
0.2293589488
-0.003247701566
-0.001471586847
0.9904172791
-0.002917857742
0.9903561721
-0.004313551011
0.9899592252
-0.002858769696
0.9893408577
-0.002773526561
-0.4936853064
0.4940097627
-0.003183226011
-0.492954687
0.003488287016
0.4932358819
-0.003769481927
-0.491830473
0.004030102219
0.4920696456
-0.002151480959
-0.002117793835
-0.2450719353
0.002269579635
0.2451243513
-0.002321995625
-0.2436652042
0.002466592602
0.2437089879
-0.002510376304
-0.2413581749
0.00262124999
0.2413852133
-0.002648288434
-0.2332055162
0.002714008257
0.2332632178
-0.002771709944
-0.2293307043
0.002977224773
0.2293204357
-0.002966956169
-0.001365679154
0.9917829583
-0.002706148545
0.9916966415
-0.003997095577
0.9912501722
-0.002639882811
0.990558895
-0.002575250111
-0.4943026066
0.4946002976
-0.002937573835
-0.4935033469
0.003216860506
0.4937601669
-0.003473680576
-0.4922978159
0.003711453211
0.4925168677
-0.001981499984
-0.001949005053
-0.2452735359
0.002084998114
0.2453210129
-0.002132475162
-0.2438337718
0.002263531642
0.2438733572
-0.002303117029
-0.2414623296
0.002402983006
0.2414868445
-0.002427497825
-0.2334372
0.002493108891
0.2334953086
-0.002551217486
-0.2292877424
0.002748697613
0.2292763597
-0.002737314894
-0.001281809336
0.9930647676
-0.002537965963
0.9929527982
-0.003745531815
0.9924577381
-0.002458317588
0.9916889797
-0.00241729887
-0.4948688952
0.4951490887
-0.002738511082
-0.4940058556
0.002998177669
0.4942432907
-0.003235612759
-0.4927271617
0.003454530904
0.4929289278
-0.001841086634
-0.001815210383
-0.2454572188
0.001936473031
0.2455009738
-0.001980227998
-0.2439869026
0.002100745641
0.2440231866
-0.002137029628
-0.2415574285
0.002228358142
0.2415800971
-0.002251026775
-0.2336694596
0.002316885825
0.2337273326
-0.002374758869
-0.2292412618
0.002566388969
0.2292293582
-0.002554485393
-0.001217229853
0.9942819974
-0.002409723411
0.9941452917
-0.003554650557
0.9936026652
-0.002328579265
0.9927659045
-0.00230299614
-0.4954009094
0.4956618402
-0.002589510091
-0.4944717229
0.00283152436
0.4946937125
-0.003053514006
-0.4931235954
0.003258201168
0.4933121041
-0.001732473483
-0.00171423639
-0.2456273657
0.001821626592
0.2456682397
-0.001862500573
-0.2441279986
0.001974910911
0.2441617511
-0.00200866343
-0.2416460106
0.002093584301
0.2416674031
-0.002114976822
-0.233899961
0.00218135608
0.2339571031
-0.002238498207
-0.2291934989
0.002425896252
0.2291815975
-0.002413994811
-0.001180004538
0.995462002
-0.002330253984
0.9952955412
-0.003435062117
0.9947074733
-0.002244006303
0.9937955608
-0.002220712152
-0.495899359
0.4961375685
-0.002482215866
-0.4949093126
0.002713582421
0.4951207809
-0.002925050753
-0.4934956697
0.003119739572
0.4936746135
-0.001654296411
-0.001644386884
-0.2457871855
0.001739034378
0.2458259463
-0.001777795248
-0.2442600376
0.001884247015
0.2442919467
-0.001916156088
-0.2417302871
0.001996605843
0.2417509266
-0.002017245387
-0.2341269612
0.002084481316
0.2341829923
-0.002140512446
-0.2291464702
0.002324887297
0.2291350398
-0.002313456901
-0.001139732956
-0.002262542886
-0.003339495968
-0.002193886445
-0.002139378253
-0.4963749908
0.4966089183
-0.002427813978
-0.4953265975
0.00264643244
0.4955303931
-0.002850228004
-0.4938516708
0.003037953149
0.4940219542
-0.001609401252
-0.001598835334
-0.2459395824
0.001688197949
0.2459769649
-0.001725580385
-0.2443857028
0.001828053083
0.2444164111
-0.00185876135
-0.241812393
0.001936693983
0.2418328622
-0.001957163244
-0.2343491677
0.002025778973
0.2344038594
-0.002080470652
-0.2291018851
0.002263075258
0.229091144
-0.002252334166
0.002767694667
-0.002870660139
-0.05246236122
0.003016392965
-0.003128414074
-0.05478679144
0.005413026795
-0.2152406861
-0.003296650099
-0.003357327903
0.1055385765
-0.002754275191
-0.105124078
0.005107471397
0.0220533775
-0.2204979205
-0.01987015718
-0.003710819522
0.1099152341
-0.003014101401
-0.1094837896
0.005599049814
-0.002818252079
0.005236790006
0.105929641
0.05340414663
0.002924582007
-0.003038882921
-0.05328984572
0.02637317862
-0.0002977030361
-0.0269158536
0.0008403780152
-0.02775695587
-0.0008201897437
0.001204159892
0.02737298572
0.005429886552
-0.005806841131
-0.1130597135
-0.001354262972
-0.02798290281
0.001580209914
0.02719582698
-0.0008581387653
-0.02769195119
-0.002596469677
0.04745190858
0.003756107628
-0.02574630305
-0.02286524349
-0.0002187064197
0.0006483770224
0.02594350802
0.002939289725
0.05351055668
-0.003045699778
-0.02251053828
0.02235207164
-6.023977858e-05
0.02464361704
-0.004678039708
-0.0121443373
-0.01041770971
0.0267185825
-0.0003429452626
-0.02288879529
8.05539757e-05
0.005135436973
0.02463685613
-0.02424651549
-0.001204688239
0.001625509199
0.02382569453
-0.05207173342
0.003328890729
0.05220054587
-0.003457703175
0.052554317
0.003366717549
-0.05245975025
-0.001756443409
-0.001704840886
-0.05186053475
0.003166935954
0.05191240561
-0.003218806818
0.003283322365
-0.003352565392
-0.05200249039
-0.0007668653999
-0.02470437546
0.001224725373
-0.02494638312
-0.001121855488
0.001383997902
0.02468424071
-0.05146370165
0.002997564789
0.05154257053
-0.003076433666
0.003145458608
-0.003237519784
-0.05176847357
0.002944999699
-0.003009379501
-0.05139932185
-0.0009375534026
-0.02525812477
0.001249295054
0.02463611407
-0.0005134420554
-0.02506022541
0.0242100277
-0.0006957691185
0.003363895184
0.05262356786
-0.00173409978
-0.00169904626
0.05306656142
0.01374910341
-0.05286389329
-0.005232653749
-0.008719117783
-0.01232651299
0.02556592803
-0.02474669907
0.01150728404
0.01221913543
-0.01571057327
-0.008835075152
0.02381786046
-0.02374353553
0.004838894638
-0.02377504816
-0.005552780369
0.005463857974
0.02386397055
0.02377845028
-0.0002461885233
-0.02429912715
0.02740514217
-0.02180373554
-0.0004659696569
-0.005668076397
-0.02373766639
0.005630694629
-0.006493726835
0.01282001784
0.02107885117
0.02306051522
-0.0004867531783
0.02452856074
0.0247734958
-0.02483502021
0.009976101155
-0.007085308599
-0.224458633
0.226492777
0.009356286866
-0.00546805654
-0.1124663755
-0.1124847453
0.005605595824
0.110355035
0.1116764568
0.005901589518
-0.006397110572
-0.1111809357
-0.006169925837
0.09492380739
-0.09562537367
0.006871492115
-0.002520532811
0.003814688326
0.04615775307
-0.004766520189
-0.02641062413
0.00367796173
0.02749918259
-0.02639102787
0.001974365481
0.02671337555
-0.002296713164
0.02670418074
0.001674317
-0.001536564514
-0.02684193323
0.02659886864
-0.004475784406
0.08082849435
-0.009815063075
-0.0771833571
0.02628911997
0.0008781681247
-0.0004951667078
-0.02667212138
-0.0247151855
0.004237632206
0.02661134584
-0.006133792547
-0.03219723801
0.02381620999
0.03394695606
0.02391855385
0.05439114272
-0.01894874459
-0.006294390556
0.003459432255
0.05460222818
-0.003555779643
-0.05450588079
0.001626264098
0.02652077123
-0.001442854581
0.02598025999
0.001725718725
-0.001584774286
-0.02612120443
-0.0004293712694
0.02455696241
-0.02502098307
0.0008933919363
0.024669535
0.02163525168
-0.02189866284
-0.0001659601016
0.02029066617
-0.003843373549
-0.01558189304
-0.0008653995816
-0.008504362228
0.0495664257
-0.04910550262
0.008043439149
0.00243537685
0.02382948441
-0.01997810257
0.02545498919
0.0004901878111
-0.0001068131448
-0.02583836386
-0.03086699202
0.02603892965
6.154218216e-05
-0.02554831086
0.00176379354
0.02557586755
-0.001791350229
0.001945603141
-0.002357100179
-0.02597953083
-0.006002943864
-0.02460973543
0.004202055164
-0.0005181018937
-0.02602223557
0.0009563100145
0.02558402745
-0.02585915649
0.001624276093
0.02575162434
-0.001516743947
0.001701099008
-0.001646389157
-0.02560302071
0.0008460697494
0.02588951797
-0.0004464677523
0.003613107707
-0.004599840363
-0.02372845284
-0.001194541774
0.001609056938
0.02414244724
0.002048125935
0.0259336223
-0.002001488238
0.02685345539
0.009267573817
-0.009766145705
-0.0263548835
-0.001977609021
0.02515371399
-0.02008135243
-0.003094752537
-0.004414077438
0.008434408056
0.01627033555
0.02078148503
-0.0003407751296
-0.01692557997
0.02211163006
-0.004452665374
-0.0007333847161
0.01924479109
-0.004526412607
-0.01856175203
0.02382390908
-0.005024165083
-0.02389772112
0.005097977129
0.02508297294
-0.0001460856423
0.01397686927
-0.000883815313
-0.02309176276
-0.006099169924
0.005829340398
0.02336159229
-0.004125187641
-0.01208051109
-0.0007198812328
-0.006319777552
-0.02294300708
0.006171021868
-0.01476964593
-0.02210028996
-0.02616506039
0.001669091429
0.02607521113
-0.001579242164
0.001564704029
-0.001501721957
-0.02592213856
-0.02646680207
0.0009347543118
-0.02567337926
0.003022319223
0.02688869225
-0.02573089545
0.001747462319
0.02588375862
-0.001900325483
0.001589226964
-0.00164935461
-0.02610493275
-0.02392709483
0.02309453095
-2.557488604e-05
0.002332524921
-0.0262600669
4.471487954e-07
-0.02774326175
0.002383835482
0.02213855531
0.0001151280491
9.838827972e-05
-0.0001098264128
0.02626315065
0.000565258267
-0.0227954632
0.0225585228
0.0001271139809
-4.38775087e-05
-0.02376221072
0.0008318089122
4.160651986e-05
-0.02546130599
0.001545170874
0.02546347649
-0.001547341368
0.001692001173
-0.001847857221
-0.0255750394
-0.02480242259
0.002742151037
-0.02623248855
0.001167210639
0.02591134766
-0.0255735673
0.001490067146
0.02553801764
-0.001454517481
0.001521896234
-0.001503389661
-0.02547981256
-0.02469118705
0.02429261233
-0.0001148673404
0.0004454865852
-7.766045398e-05
-0.02505901318
0.0008631332695
-0.0254778721
-0.001169197757
0.02382438064
0.001554844818
-0.02380174155
0.0231207104
-0.0004881666065
-0.0002048983364
0.006833745604
-0.007385523067
-0.02419492161
0.0256717321
-0.02514507487
0.006307088383
0.0266694359
0.01050958023
0.000204764341
0.004264300456
-0.004469064796
-0.01871153191
-0.00438456442
0.004985157834
0.02381784138
0.01954922627
-0.004718512613
0.02082523487
-0.002204383125
-0.02059846076
-0.02175171488
0.02147717501
2.835134266e-05
0.0002085820467
-0.0219170808
-4.321612453e-05
-0.02470424784
0.0006137027352
-0.01825254048
-0.0004854787574
0.01385082132
-0.001030803484
-0.004981651457
0.01945060535
-0.0006181325665
0.02230847923
-0.006211279511
-0.001473742858
0.02222617429
0.002308083784
-0.02091736472
0.01943284231
1.077954849e-05
7.305711876e-05
0.02492568892
-0.02495038196
0.02253873102
0.0001995917501
-2.515924424e-05
0.02241782767
0.0001621770968
-4.127374622e-05
0.01501332432
-0.0150213524
8.028081275e-06
-0.004796970165
0.003665054256
-0.03106159522
4.558159981e-06
-0.02218206345
0.01996099335
0.02760553091
-0.02071306887
0.02716046044
0.001559959884
-0.001449378202
-0.02727104211
-0.0001138057115
0.02319673196
-0.02396828624
0.0008853599919
0.0006192971094
-0.0001502432808
-0.0254900369
0.02571013996
-0.02617649928
0.001085656428
0.0252931636
0.001310368301
8.964918813e-05
-0.01113974544
-0.003485637679
-0.0009565099179
-0.009796609389
-0.001343136049
0.01198235779
-0.001565001577
-0.01053116192
0.0170693049
-0.004306402434
-0.01691246343
0.004149560965
0.003054895668
0.00367032395
0.01842849438
-0.02236477569
0.02221973452
3.822802608e-05
5.809895621e-05
0.0001356481605
0.0004828857458
0.002390062269
-0.0001133433372
0.02197866242
-0.02212200708
6.568420269e-05
0.02181627485
4.75202305e-05
0.02227191564
9.739631673e-05
4.85157114e-05
6.684188162e-05
8.306668702e-05
-0.02229863579
-0.004483268021
0.002304038075
-0.001481963463
0.002399965874
0.01953255517
-0.02104110336
2.658472545e-05
2.793475256e-05
0.0215693358
4.204071066e-05
4.006583833e-05
0.02503337046
0.001868850072
-0.0034351667
0.003323462291
-0.003487641064
0.000829022086
-0.01701673178
-0.003893642738
0.01660105733
-0.01354502392
-0.002227011321
0.01371106913
0.009978072042
-0.001543663985
-0.00222107971
-0.001345872165
-0.002967475936
-0.001417687941
-0.004989842377
0.01730486305
-0.02037065236
-0.005298425215
0.0206792352
-0.0197237186
-0.005099599137
-0.0001737293941
0.0005524544917
-0.02207327551
-1.753468168e-05
3.733632028e-07
-0.0005448068299
-0.0182027497
0.02382309163
-0.004903671768
-0.000716670158
-0.01294960034
-0.004544391976
-0.0007087573817
-0.01850056131
-0.00534834493
0.01093963466
-0.005617104341
-0.001140876434
-0.01191683029
-0.001032770047
0.005402221218
-0.006036749071
0.0254354058
-0.0005825792311
0.01968959737
-0.01502797777
0.0002583318483
0.004417348434
-1.248389663e-05
0.004543232773
0.007239151409
-0.007215392236
-0.1938849467
-0.003824303314
0.1775778771
-0.1809245391
0.007348362464
-0.003081823169
-0.1800517325
-0.001977021874
0.1875077065
-0.1874842973
0.002090535962
-0.002209405069
-0.1927613558
0.2145027718
-0.2129858629
0.003910330999
0.02120854289
-0.02047570641
-0.1907648572
-0.01832618887
0.1780286485
-0.1784880696
0.01896647161
-0.0007724526618
0.180119169
-0.01783264242
-0.1783151956
-0.01776379716
0.189430281
-0.1890378393
0.01750579127
0.00208417628
0.1882723351
-0.01834789514
-0.1957115784
0.2212755952
-0.2197794801
0.0205633418
0.004087155893
0.2160971856
0.2190311952
0.0058010623
-0.003542547666
-0.003546303627
0.108731775
-0.004254974838
-0.1083754335
0.003898633324
-0.1073157634
-0.004118018577
0.003768269881
0.1076655121
0.05297175918
0.002871476128
-0.002987107898
-0.05285612741
0.05237690306
-0.05228382294
0.003190242246
-0.05204228058
0.003085764112
0.05212345242
0.01575665375
-0.01742808287
-0.1924044723
-0.02044461297
0.1791501726
-0.1783349523
0.01980278793
0.01014955735
0.1778279498
-0.02069397098
-0.1777036861
-0.01891200801
0.1865839444
-0.1874713386
0.01994255726
0.008179261178
0.1890026616
-0.01742267904
-0.1938952044
0.2145326442
-0.2174984466
0.01297961949
0.006051272428
0.2213648845
-0.007301755588
0.2245268584
0.006072533899
0.2240274519
-0.00432236952
-0.1113746442
-0.1112609742
-0.004371219488
-0.1105322105
-0.004401332873
0.004040746757
0.1108927967
0.1107018702
0.006028443891
-0.003251790328
-0.003246968931
0.05529936932
-0.003571634642
-0.05511806902
0.003390334344
-0.05472458768
-0.003485480885
0.003368619516
0.05484144905
0.01895652864
-0.02304470067
-0.203112565
-0.03306975016
0.1876265365
-0.184611136
0.03019662803
0.02289601594
0.1804272439
-0.03536841309
-0.18205594
-0.0383119258
0.1856221198
-0.1851860937
0.03802041262
0.02440373214
0.1858053263
-0.03791209858
-0.1892292577
-0.03310864785
0.2039251919
-0.205952742
0.03521831349
0.0173478098
0.2114426492
-0.03068919668
-0.2117499268
-0.02405755362
0.2232013445
-0.2251364612
0.02601312838
0.008749627475
0.2277684099
-0.02097961197
-0.2240446682
0.01220280544
-0.01836245854
-0.2231174517
-0.03586164516
0.2062766208
-0.2006584727
0.03033028745
0.03153652068
0.1913046977
-0.0409302412
-0.1959361092
-0.05252728094
0.1943869657
-0.191063765
0.04932071878
0.04204524944
0.1867034845
-0.05504700706
-0.1922802625
-0.05891701915
0.2027644745
-0.2019122953
0.05815411695
0.04179353301
0.2025289075
-0.05933950466
-0.2064369242
-0.05602646686
0.2144201121
-0.2169836434
0.05862661029
0.03507664194
0.2213329026
-0.05372946246
-0.2112450784
0.009121509316
-0.0095272534
-0.2364906865
-0.0206343584
0.2331320594
-0.2259919361
0.01351137593
0.02783158054
0.2124371096
-0.02760136701
-0.2198950138
-0.04632826138
0.2143789923
-0.2085403482
0.04055121117
0.04939755181
0.1984484588
-0.05154807748
-0.2071655246
-0.06364774653
0.2131603507
-0.2096845687
0.06023248699
0.06131678648
0.2043830761
-0.06612423104
-0.2121388615
-0.06612001257
0.2083716894
-0.2085418493
0.0663173309
0.06357236399
0.2118837364
-0.0683687918
-0.2094508475
0.008401419778
-0.008739117541
-0.2380095745
-0.009751008767
0.2378833051
-0.2375473862
0.009415089833
0.01012138054
0.2368167197
-0.01008393452
-0.2373348923
-0.01437943878
0.2368977237
-0.2334723376
0.01095817082
0.03440934053
0.2205786482
-0.02022224315
-0.2302218637
-0.03525932385
0.2297109101
-0.2253805952
0.03094715334
0.05582106913
0.2170138071
-0.03843044825
-0.2232934344
-0.04477644952
0.2158354468
-0.2133130748
0.04226389219
0.06317272475
0.2092687112
-0.04711827709
-0.2198798771
0.007644028413
-0.007924386946
-0.2392725122
-0.008746508268
0.23905698
-0.2387869935
0.008476521765
0.009178353867
0.2382011593
-0.009011605371
-0.2385591247
-0.009775905778
0.2379984172
-0.237749019
0.00952650758
0.01042566365
0.2371994261
-0.01001562758
-0.2374728386
-0.0104637558
0.2357021961
-0.235631933
0.0103934927
0.01947705187
0.2340404861
-0.0104429973
-0.232048808
-0.01106097505
0.2219684629
-0.221534163
0.01062667517
0.03174721376
0.2183361062
-0.01138799196
-0.2266580791
0.006900675095
-0.007133887203
-0.2403218978
-0.00780612484
0.2400051988
-0.2397863
0.007587226018
0.008250573884
0.2393129961
-0.008019473702
-0.2395375677
-0.008622648402
0.2388515083
-0.2386576312
0.008428771283
0.009243117688
0.2382322083
-0.008803700465
-0.2383364458
-0.00910590472
0.2358956872
-0.2358572687
0.00906748614
0.01004219857
0.2357616395
-0.009092373468
-0.2319801645
-0.00965110697
0.22342316
-0.2230943537
0.009322300588
0.01029104103
0.2223697042
-0.009846206297
-0.227732689
0.006197814529
-0.006392748347
-0.2411965303
-0.006947388405
0.2407791409
-0.2405996625
0.006767910007
0.007376811743
0.2402133189
-0.007121364097
-0.2403286441
-0.00760550221
0.2395227954
-0.2393690476
0.00745175438
0.008174933211
0.2390341716
-0.00774581051
-0.238995284
-0.007959945015
0.2360066176
-0.2359839354
0.007937262826
0.008770077982
0.2359290914
-0.007953795717
-0.231935742
-0.008448672366
0.2245491478
-0.2242937003
0.008193224918
0.009025199585
0.2237318432
-0.008572348362
-0.2283950195
0.005546559149
-0.005710294863
-0.2419286657
-0.006172011463
0.2414178422
-0.241269068
0.00602323725
0.006572953316
0.240950176
-0.006315671463
-0.2409765582
-0.006710285041
0.2400605967
-0.2399366462
0.006586334503
0.007223419242
0.2396682451
-0.006820891062
-0.2395091205
-0.006978549162
0.2360770561
-0.2360616733
0.006963166382
0.00767817772
0.2360268326
-0.006983064457
-0.2319265226
-0.007420051011
0.2254223944
-0.2252246106
0.007222267233
0.007934662287
0.2247888205
-0.007498630572
-0.2288159062
0.004952044971
-0.005090586042
-0.2425454423
-0.005478720651
0.2419509662
-0.2418262682
0.005354022656
0.005847771448
0.2415600226
-0.005598817749
-0.2415140488
-0.005924733967
0.240497738
-0.2403965129
0.005823508841
0.006385144352
0.2401782729
-0.006013166019
-0.2399163076
-0.006134875956
0.2361317696
-0.2361186455
0.006121751881
0.006739852635
0.2360915026
-0.006150880572
-0.231961879
-0.006537188477
0.2260968942
-0.2259443671
0.006384661334
0.006999863554
0.2256077604
-0.006586268792
-0.2290821904
0.004417971428
-0.004536106448
-0.2430688835
-0.004865648015
0.2424009284
-0.2422952417
0.004759961401
0.005199957121
0.2420705244
-0.004967243567
-0.2419653938
-0.00523961391
0.2408573817
-0.2407737276
0.005155959831
0.005649537277
0.2405941712
-0.00531135456
-0.2402435865
-0.005410524705
0.2361849724
-0.2361713277
0.005396879979
0.005931809269
0.2361448356
-0.005437244576
-0.2320423749
-0.005780409412
0.2266163905
-0.2264990127
0.005663031535
0.006195678447
0.2262398108
-0.005809748842
-0.2292465192
0.003942636301
-0.00404414996
-0.2435164826
-0.004326614547
0.2427846959
-0.242694197
0.00423611569
0.004623529674
0.2425025233
-0.004413454804
-0.2423486572
-0.004643480937
0.2411566473
-0.2410867259
0.004573559511
0.005003732179
0.2409373007
-0.004702536266
-0.2405104694
-0.004787738307
0.2362439895
-0.2362284644
0.004772213148
0.0052329152
0.2361990037
-0.004823655382
-0.2321635878
-0.005130772554
0.2270159445
-0.226925663
0.00504049109
0.005499767288
0.2267263313
-0.005146643006
-0.2293421068
0.003521491118
-0.003609361208
-0.2439020953
-0.003853542912
0.2431150707
-0.2430368903
0.003775362513
0.00411415401
0.2428718552
-0.003928413757
-0.2426772612
-0.004124501676
0.2414083716
-0.2413493073
0.00406543734
0.004438738445
0.2412235973
-0.004173806527
-0.2407312461
-0.004250446412
0.2363119726
-0.2362940652
0.004232538996
0.004628582633
0.236260083
-0.004293803088
-0.2323189456
-0.004571133997
0.2273233592
-0.2272538479
0.004501622713
0.004897109338
0.2271004783
-0.004577659688
-0.2293905259
0.00315226835
-0.003228919929
-0.2442368329
-0.003441781993
0.2434019591
-0.2433338514
0.003373674301
0.00366874364
0.2431905275
-0.00350686583
-0.2429614278
-0.003675593785
0.2416224161
-0.2415719834
0.003625161103
0.003948365827
0.2414650785
-0.003717356549
-0.2409165368
-0.003788836563
0.236389657
-0.2363693408
0.003768520417
0.004108858176
0.2363304884
-0.003837912023
-0.2325014525
-0.004091142538
0.227560509
-0.2275067951
0.004037428656
0.004377914707
0.2273884858
-0.004091117128
-0.2294060738
0.002830833747
-0.002898237919
-0.2445297227
-0.00308532181
0.2436531577
-0.243593345
0.003025509133
0.003281893088
0.2434678445
-0.00314235016
-0.2432091953
-0.003288881386
0.2418063986
-0.2417628744
0.003245357244
0.0035248851
0.2416709771
-0.003324767555
-0.2410743179
-0.003393166982
0.236476452
-0.2364539638
0.003370678765
0.003663268348
0.236410546
-0.003446356055
-0.2327044007
-0.003680449087
0.2277445553
-0.2277027332
0.00363862703
0.003932012194
0.2276109207
-0.003675851158
-0.2293985944
0.002555230957
-0.002615068207
-0.2447881776
-0.002781001869
0.2438749872
-0.2438219893
0.002728003971
0.002947298735
0.2437111556
-0.002831418363
-0.2434270126
-0.002959991299
0.2419663419
-0.2419283322
0.002921981562
0.003160239053
0.241848436
-0.002991312678
-0.2412106713
-0.003057965647
0.2365711401
-0.2365468038
0.003033629396
0.003281808031
0.2364994391
-0.003113882446
-0.2329216773
-0.003333159759
0.2278889954
-0.2278559812
0.003300145581
0.003549504463
0.2277839255
-0.003325400724
-0.2293750858
0.002322379437
-0.002375979489
-0.2450183352
-0.002524500995
0.2440726342
-0.2440252415
0.002477108251
0.002661577762
0.2439264907
-0.002569492256
-0.243620213
-0.002683560379
0.2421070965
-0.242073477
0.00264994085
0.002849899253
0.242003165
-0.002711353361
-0.2413303819
-0.00277718793
0.2366724431
-0.2366465602
0.002751305027
0.002958711797
0.2365958943
-0.002834671482
-0.2331480326
-0.003042629635
0.2280044283
-0.2279777933
0.003015994635
0.003224861992
0.227920213
-0.003032751362
-0.2293405825
0.002128299027
-0.002176762814
-0.2452250721
-0.002310996339
0.2442504021
-0.2442076014
0.00226819558
0.002420449595
0.2441187772
-0.002351554546
-0.2437932136
-0.002453956074
0.2422325983
-0.2422024578
0.002423815604
0.002588587973
0.2421397585
-0.002479040654
-0.2414372451
-0.002544656341
0.2367792058
-0.2367520635
0.002517514038
0.002687788471
0.2366986629
-0.002602746551
-0.2333791098
-0.002802065077
0.2280993896
-0.2280771564
0.002779831927
0.002951868166
0.2280297849
-0.002790896681
-0.2292989108
0.001970158666
-0.00201458534
-0.2454127922
-0.002137483107
0.2444121787
-0.2443730354
0.002098339841
0.002221739521
0.2442921942
-0.002174508016
-0.2439498777
-0.002267741145
0.2423462028
-0.2423187532
0.002240291471
0.002373591125
0.2422619902
-0.002290809837
-0.2415343598
-0.002356566643
0.2368902394
-0.2368621497
0.002328476974
0.002465705998
0.2368066087
-0.00241453829
-0.2336114879
-0.002607424327
0.228180868
-0.2281614398
0.002587996079
0.002727305215
0.228120782
-0.002595603371
-0.2292530827
0.001846900652
-0.001888271893
-0.2455859944
-0.002002498652
0.2445615072
-0.2445251742
0.001966165659
0.002062367728
0.2444505566
-0.002036808584
-0.2440936887
-0.002123123425
0.2424508414
-0.2424253799
0.002097661864
0.002201460467
0.2423731005
-0.002144779775
-0.2416243543
-0.002210982262
0.2370044355
-0.2369756437
0.002182190465
0.002288592509
0.2369185327
-0.002268332438
-0.2338426108
-0.002456617344
0.2282544526
-0.2282365283
0.002438692966
0.002547447479
0.2281998095
-0.00244467153
-0.2292054447
0.001757107482
-0.001796201883
-0.2457480911
-0.0019039925
0.2447014292
-0.2446671754
0.001869738692
0.001939156678
0.2445972614
-0.001936305551
-0.2442277246
-0.002017707239
0.2425490997
-0.242524999
0.001993606502
0.00206851522
0.2424759105
-0.00203848807
-0.2417095062
-0.002105473987
0.23712099
-0.237091663
0.002076147013
0.002152410408
0.2370333811
-0.002161818542
-0.2340706166
-0.002346887467
0.2283248316
-0.2283073091
0.002329365
0.002408166523
0.2282721824
-0.002335300496
-0.2291580572
0.001698546942
-0.001736080485
-0.2459020489
-0.001839425778
0.2448346589
-0.2448018354
0.001806602274
0.0018504169
0.2447352593
-0.001870387611
-0.244354741
-0.00194878043
0.2426434273
-0.2426200709
0.001925424079
0.001972756746
0.2425729488
-0.001969232958
-0.2417919404
-0.002037506981
0.2372394183
-0.2372096383
0.002007726913
0.002055043792
0.2371504275
-0.002092565434
-0.2342941093
-0.002275349959
0.2283958629
-0.2283778579
0.002257344893
0.00230732645
0.2283423924
-0.002264513754
-0.2291127213
0.001668440167
-0.001705551835
-0.2460505436
-0.001806005114
-0.2449316255
0.00177421985
0.001795503628
0.2448672083
-0.001835998138
-0.2444772274
-0.001913245917
-0.242713273
0.001889818592
0.001913419646
0.2426667016
-0.001934444301
-0.2418741374
-0.002007465002
-0.2373289909
0.001976403587
0.001995946029
0.2372692513
-0.002060755862
-0.2345119748
-0.002237002495
-0.2284504064
0.002216414487
0.002244935407
0.2284140028
-0.002228434745
-0.2290697662
-0.05195405809
0.003057236116
-0.05168841103
0.002917910135
0.05176806569
-0.05219562454
0.002663259301
0.05228261161
-0.002750246369
-0.05462072041
0.003355564993
-0.0536040434
0.02308550009
0.05443709716
-0.05401869945
0.02130607822
0.05456827418
-0.02185565296
0.05235613573
-0.05219109536
-0.004054977109
-0.1069809688
0.003720182455
-0.003734032562
0.00341921536
0.1063164042
0.005104313759
-0.003137088162
-0.003172514808
-0.002542368982
0.004714767258
0.1044562163
0.1059016357
-0.004056866734
0.1069227867
-0.00440136555
-0.1065763983
-0.004401137624
-0.110178291
0.004047218105
-0.004293067006
0.00393690198
0.1090879401
0.0150075563
-0.003608008616
-0.01286627298
-0.1071887169
-0.002977774359
0.005475417284
0.1076303637
-0.1083878088
0.1087641227
-0.004669380925
0.1103567441
-0.004779679502
-0.1099782022
0.1072821864
-0.004477418301
-0.004627401791
-0.1080153819
-0.002938493962
-0.1067575795
0.005431938611
0.05282008244
-0.05271890615
0.00326554126
0.003218464699
0.05248732909
0.002906688421
0.05307102214
-0.003005951384
0.001372629285
-0.02745667397
0.02754032228
-0.02780691179
0.001639218798
0.02710788104
0.001272819251
0.02713059675
-0.02737563066
0.0014491938
-0.001015917662
0.001333263583
0.02681325083
0.02692232633
-0.005409542321
0.09564973753
-0.09450835363
0.004268158423
-0.006058759829
0.006503317044
0.09447925017
0.00579507251
0.1121614947
-0.006280110381
0.0838847776
-0.009115043079
0.09268717774
-0.008813780643
-0.08928293942
0.008010408108
0.05254107528
0.006713764074
-0.05296417587
0.002168273834
-0.02776734117
0.02744303081
-0.02721437709
0.001939620114
0.001647610064
0.00145327329
-0.001442752906
-0.02558408768
-0.02653113532
0.001176814903
0.002620068904
-0.002707125625
-0.05210856781
-0.05161532532
0.002871913988
-0.001054154087
0.001300187321
0.02295069873
0.00170618425
0.02707574418
-0.001621467997
0.003693850097
0.05416074745
-0.02711421817
-0.02698427175
0.0266503334
0.001105924668
-0.0005685991727
0.001042433289
0.01231400932
-0.01258003686
-0.05375267191
-0.05318634803
0.01333140803
0.003260643492
0.05292333413
-0.006863189978
0.03477556848
-0.0150389027
-0.01755151551
-0.00400826634
0.003778640692
0.01729893055
0.01220236845
-0.001274164746
0.02464378914
-0.02479501574
0.001776735804
-0.002445981126
0.002260073526
0.02482969674
0.02368779719
-0.003471624366
0.05233316573
0.003339004506
-0.05183371532
0.0261930776
-0.002038128192
0.02615274469
-0.05163756396
-0.001890060994
0.02640991853
-0.02645396591
0.001718364379
0.001807305004
0.02636013808
0.003382496397
-0.001775271104
-0.001733809817
-0.003236763196
0.05195413064
0.003195038164
-0.05173931316
0.05168816079
-0.001620906795
-0.05174808256
-0.001540945991
-0.05163814132
-0.00165088903
0.003286568237
-0.00161227267
0.003238208494
0.001060917025
-0.02515158975
0.02508062788
-0.02541225989
0.001392549038
0.001510337511
0.02506092224
-0.02518132466
0.001504400322
-0.001668639521
0.001658067349
0.02507149441
0.024570446
-0.003168343085
0.05162257711
0.003088336502
-0.05125188554
0.0514264609
-0.001650917266
-0.0511872292
-0.00159591914
-0.05164841419
-0.001747961185
0.003217797113
-0.001692288086
0.003071900655
-0.00290900431
0.05135132598
0.002849101211
0.05114136648
-0.0014775308
-0.05116417703
-0.001510535435
0.002947014018
-0.001479757422
0.002899018154
0.001190818611
-0.02558581011
0.02535645009
-0.02555347354
0.001387842057
0.001424420488
0.05269760286
0.003424469277
-0.001726203879
-0.001772300399
0.02611219193
-0.02616166624
0.001775193039
0.001707262901
0.02632891973
0.02674494403
-0.0264154558
0.008938085597
0.002050165233
0.02611015263
0.00478186192
-0.002028089299
-0.002920063057
0.003740042825
-0.02385558843
0.02316097674
-0.0231972362
0.003776302294
0.002403342906
0.02559652847
0.02250015809
-0.02213589925
-0.005420230441
0.02262196332
0.02387346559
-0.005429725479
0.005824657666
-0.02369162521
-0.00587069884
0.02185354955
-0.02164599623
0.02469345471
0.02490112485
-0.2253577024
-0.008019820828
0.2262927538
0.007088709292
-0.008418959815
0.007159219358
-0.1116698429
0.00538314743
0.112081768
0.2250721552
-0.1118287531
-0.005016553798
-0.004883060959
-0.1117627472
0.2264086212
0.1107365098
-0.004781098621
-0.004679390241
-0.1114717323
-0.1112401407
0.005471887297
-0.111245635
-0.006986416773
0.1118349412
0.006462927231
-0.007084417078
-0.05532477585
0.00598386165
0.007040886033
-0.04422928762
-0.006503494933
-0.05193347714
0.1105386589
-0.05530802871
-0.05527416125
0.1104237343
0.05473362524
-0.00361687795
-0.0038042744
-0.05507538895
-0.002513006773
-0.04424501426
0.002528733417
0.0276207904
0.002843962569
-0.02678679124
-0.002432570887
0.002246449503
-0.002037322545
0.0268638058
0.001886892303
-0.02721339483
0.02742252179
-0.02666614542
-0.02732140747
0.0270576622
0.00174033312
0.001762205687
0.03274892887
-0.004946168722
-0.03031576692
0.05112896862
-0.05100618625
0.006590981706
0.007491288862
0.05008554495
-0.1011561005
0.1027727309
0.01069637538
-0.04826155586
-0.04024154779
-0.02610222212
0.02576923251
0.0005707560118
0.0009451847621
0.02859514562
0.02189050027
-0.004915984753
0.006251534655
0.02725959573
0.03096183451
-0.001930863209
-0.003489286623
0.05445780719
0.003422622163
0.05438257816
-0.001667041142
-0.02726814903
-0.02737671472
0.01939933474
0.02730660265
-0.05435778483
0.05449585529
0.003479230713
-0.001748253142
0.003431157113
-0.0014012262
0.02631573239
0.001606265037
-0.02672073229
0.02636193938
-0.02601952472
0.02574511873
0.00142807109
0.001622599047
-0.02459431728
0.008600800486
-0.04871648086
-0.008989822239
0.04295140179
-0.02020350332
0.003842114528
-0.02199747885
0.04413165096
0.02082906724
0.003051063293
-0.004630878439
-0.01987902731
-0.02392082719
-0.03912062109
0.01207545297
0.004659503108
-0.002409988652
-0.005028703656
0.005593582486
8.362857339e-05
-0.0006485074059
0.002082586301
-0.002846989502
-0.002037450102
0.02572325665
-0.02522876935
0.02545139277
-0.02524338377
-0.02596775434
-0.003055491266
0.002294402368
-0.002810763932
0.003621294535
0.02564022734
0.02575712962
0.001308398462
-0.02610921806
-0.000984892191
0.001329761916
-0.001534986221
0.0256743379
-0.02577168252
0.02556645822
-0.02598002801
-0.02537943542
0.00157957184
-0.0004279897781
0.0008396356524
-0.02542016108
-0.003199646126
0.02604795387
0.003085314559
-0.02561248057
0.02573629673
-0.02615617931
0.02689961384
0.005887205805
0.005580276171
-0.02101576844
-0.004942140152
0.02143149598
0.004742526662
-0.005079059895
0.005197965302
-0.005222220832
0.02274086872
0.0228967057
0.0209745458
-0.005575122197
-0.005905155114
-0.001509223893
0.02604348903
-0.02658006952
0.02640410921
-0.02671011788
-0.02619231415
-0.001289435816
0.001499556328
-0.001287761268
0.0009384100019
0.02646389957
0.02663496423
0.002287240759
-0.02589988576
-0.002786405337
0.002206992476
-0.001879905632
0.02607137617
-0.02622667323
0.02655376008
-0.02583975796
-0.02671186243
0.001781517765
-0.001623206476
0.02549076382
-0.02530619817
0.02534105905
-0.02534913922
-0.02551726957
-0.00217034561
0.001735192846
-0.001911403363
0.002167989286
0.02532808034
0.02575593115
0.001356385913
-0.02594510642
-0.001165173198
0.00136763081
-0.001456015602
0.02551427582
-0.02560472331
0.02551633852
-0.02570285488
-0.02542810839
0.001476072183
0.02296774252
0.004914121017
-0.004899145971
0.00466965229
-0.003294340286
0.01987609062
-0.02162710439
0.02300241639
-0.0221627058
0.02236166559
0.004616012884
-0.006509871224
0.02759219736
0.006523204787
-0.02807704525
0.02781870868
-0.02733185433
-0.001199379119
0.02708185525
0.001345885899
-0.0008590315467
0.0003259745102
0.006667573763
0.02672653869
0.02641251956
-0.005370596035
-0.003435738271
0.007241332729
0.003863588162
-0.003640601713
0.004350052279
-0.02282336731
0.001560851605
0.01260817286
-0.0118987223
0.01332199556
0.01946397938
0.007648885654
0.00325401272
-0.00928177766
-0.01071700814
0.4577721075
-0.01217748174
-0.01384652796
0.4552244739
-0.005355128082
-0.007373298754
0.2012461372
-0.2012139147
0.007304955105
-0.02760926387
-0.4592484537
-0.03098313394
0.4626223238
-0.03443266129
-0.4569383411
-0.03818718508
0.4606928649
-0.01581016741
-0.02222043551
0.1978016198
-0.198324459
0.02184302955
0.005112226689
0.1999877658
-0.003982171707
0.1916145884
0.00512009264
-0.1867298401
0.1856744093
-0.002767926067
-0.1881137285
-0.0007065149537
0.000440891284
0.0004683445274
0.1788492999
-0.1808383232
0.1803863659
0.001067738328
-0.1804970544
-0.001667481506
-0.001268627582
-0.00110985409
0.1948611087
-0.2007119161
0.2021082963
-0.002584642926
-0.1997142679
-0.002774969994
-0.002925766177
0.05276439487
-0.05249979624
0.05259690532
-0.003022875252
-0.05240540788
-0.002995544929
-0.01103633099
-0.4641886184
-0.01260011752
0.4657524049
-0.0143064215
-0.462553673
-0.01616412443
0.464411376
-0.01111081302
-0.01165196829
0.202702446
-0.2006671111
0.01381913871
0.0100447839
0.1982400221
-0.01286534016
0.1911544341
0.01226883421
-0.1842725047
0.18478779
-0.01322267584
-0.1841946821
-0.01039916331
-0.01295431964
0.01325291656
0.1775856159
-0.1796251361
0.1793129375
-0.01246868576
-0.1799920397
-0.008745858454
-0.01000460895
0.01098972984
0.1950957301
-0.2040195392
0.20293351
-0.008837262286
-0.2044582829
-0.006557760022
-0.01128700825
-0.4673487105
-0.01283805604
0.4688997583
-0.01451150779
-0.4662433198
-0.0163034203
0.4680352324
-0.01131118577
-0.01030506244
0.216644014
-0.2123052309
0.01467443498
0.01464687929
0.2053242695
-0.0211095465
0.1995399924
0.01825161594
-0.1893507925
0.1920002466
-0.02362781376
-0.18728737
-0.02135758264
-0.02849253895
0.02737559527
0.1802228807
-0.1794384337
0.1801560319
-0.02904442257
-0.1791278076
-0.02478511852
-0.0270523892
0.02833825937
0.1900153615
-0.1975342974
0.1957419971
-0.02515108086
-0.19947713
-0.01995390059
-0.01629076195
0.01967189181
0.214660799
-0.2235989611
0.2200501326
-0.01272003039
-0.007900511839
-0.009233532472
0.009391168311
0.2267460483
-0.204203222
0.2052043238
-0.01023463423
-0.01155727389
-0.107130367
-0.0112093881
-0.470458831
-0.01269488375
0.4719443267
-0.0142786666
-0.4697728022
-0.01595050517
0.4714446408
-0.008900837377
-0.008815496682
0.235207478
-0.2322707305
0.00926937241
0.01356834192
0.2215227264
-0.02236653072
0.2173370537
0.0171265371
-0.2036646378
0.2087704523
-0.02739190885
-0.1991540224
-0.02750408138
-0.03998828627
0.03630779141
0.1914317068
-0.1856801755
0.1888687788
-0.04304138096
-0.1831984405
-0.04039604828
-0.04804390299
0.04708023708
0.1904251489
-0.1930544845
0.1934682144
-0.04833964133
-0.1933573943
-0.0428033267
-0.04618423339
0.04725875505
0.2066838331
-0.2128115189
0.2117378753
-0.04504983444
-0.2145785417
-0.03670383105
-0.03844340624
0.04182902889
0.2142919897
-0.2056585144
0.2064533793
-0.03922981187
-0.2054032292
-0.0300916069
-0.01086637793
-0.4734165985
-0.01224970823
0.4747999288
-0.01370523567
-0.4730398656
-0.01521797456
0.4745526045
-0.008457015919
-0.008330647637
0.2369998185
-0.2366039582
0.008725648939
0.009137794361
0.2357544638
-0.01091442461
0.236066067
0.009446312673
-0.2270940493
0.2336395
-0.01744560824
-0.2205659672
-0.021467522
-0.03698888587
0.03075579096
0.2131810892
-0.2026827196
0.2085530744
-0.04278023417
-0.1974019282
-0.04479884008
-0.05670903624
0.05269182517
0.2024188652
-0.1993456251
0.2028151876
-0.0600882544
-0.1966090935
-0.05928139559
-0.06684312998
0.06513016807
0.2099116899
-0.2120654738
0.2128649883
-0.06758432167
-0.2114936891
-0.06447955999
-0.0646089328
0.06443095469
0.2080525702
-0.2132547123
0.2164095984
-0.06775613487
-0.2103426828
-0.06276341631
-0.01033277723
-0.476156637
-0.01159472468
0.4774185844
-0.01290472292
-0.4759793869
-0.01424550254
0.4773201665
-0.007880402952
-0.007733596399
0.2384400069
-0.2381067414
0.008068154311
0.008558151434
0.2373874017
-0.009140271662
0.2376553212
0.008769781042
-0.2371482717
0.2375217286
-0.009513728563
-0.2367562509
-0.009726155368
-0.01322444876
0.01026444
0.2369819526
-0.2285736179
0.2354041726
-0.02004363906
-0.2216321075
-0.02782444871
-0.0391183239
0.03317918764
0.2241247624
-0.2167994909
0.2222652474
-0.04454455167
-0.2116488903
-0.0513086538
-0.0562939884
0.05345553508
0.2202713887
-0.2157360819
0.2170171319
-0.05754328298
-0.2146888948
-0.0633131758
-0.0626347007
0.05983969842
0.2172390154
-0.2242756361
0.2259283352
-0.06428546936
-0.2221172424
-0.06890649375
-0.009675312435
-0.4786476952
-0.01081012412
0.4797825069
-0.01197291515
-0.4785745802
-0.01314441362
0.4797460787
-0.007228540461
-0.007090732711
0.2396506202
-0.2393722767
0.007365684878
0.007885853576
0.2387670568
-0.00833024805
0.2389780177
0.008022578207
-0.2385372628
0.2388437504
-0.008636735584
-0.2382153119
-0.008857930006
-0.009538350258
0.009241679115
0.2382786938
-0.237740338
0.2380323387
-0.009830350965
-0.2374305314
-0.01012021928
-0.01067836492
0.01040133627
0.2372147009
-0.2367192424
0.2369774312
-0.01093655364
-0.233544938
-0.01476212776
-0.01504049814
0.01281624299
0.2320715079
-0.2230790309
0.2254975186
-0.017455932
-0.2206690985
-0.02955149694
-0.02381313571
0.02214276385
0.2259080751
-0.2287701821
0.2293246886
-0.02436775953
-0.2280705614
-0.03694792385
-0.008951766694
-0.4808833525
-0.009962647055
0.4818942329
-0.01098651228
-0.4808382311
-0.01200408661
0.4818558054
-0.00656282057
-0.006445005932
0.2406667613
-0.2404345762
0.006668489938
0.007180701429
0.2399266885
-0.007524385519
0.2400769428
0.007268804515
-0.239678064
0.2399302143
-0.007776535857
-0.2394134103
-0.007989914386
-0.008504503167
0.008267055846
0.2393125318
-0.238813348
0.2390452963
-0.008736451442
-0.2385678256
-0.009002975068
-0.009389464052
0.009182035744
0.2381427694
-0.2376279863
0.2378102028
-0.009571680496
-0.2374300407
-0.009897635195
-0.009737811927
0.009753449292
0.2319947438
-0.2254382104
0.2254492305
-0.009748832044
-0.2254382589
-0.01008392516
-0.010577448
0.01033060207
0.2275134958
-0.2297051752
0.229757257
-0.01062952983
-0.2296422473
-0.01103676419
-0.008206859759
-0.4828733424
-0.009102283479
0.4837687661
-0.01000012762
-0.4828030128
-0.01088188363
0.4836847689
-0.005916802489
-0.005820228792
0.2415216963
-0.2413272827
0.006003400919
0.006487645739
0.240900113
-0.006757101647
0.2409919665
0.006543978721
-0.2406182471
0.2408268852
-0.006965739734
-0.2403996755
-0.007163302734
-0.007559469346
0.007367099537
0.2401458171
-0.2396692196
0.2398558768
-0.007746126542
-0.2394723981
-0.007984283956
-0.00825778878
0.008098801182
0.2388460493
-0.2382790542
0.2384132489
-0.008391983415
-0.2381345136
-0.008671700997
-0.008500635558
0.008511019533
0.2319441289
-0.2255255062
0.2255628912
-0.008538020504
-0.2254936944
-0.00882317361
-0.009182014383
0.009026997147
0.2282566243
-0.2298682028
0.2298933948
-0.009207206446
-0.2298376678
-0.009538236553
-0.00747247166
-0.4846357291
-0.008263470655
0.4854267281
-0.009049741137
-0.4845061137
-0.009814942496
0.4852713151
-0.005319858812
-0.005229098653
0.2422422563
-0.2420784387
0.005382741569
0.005830609326
0.2417188173
-0.006043662921
0.2417571049
0.005865181765
-0.241397883
0.2415716377
-0.006217417603
-0.2412162253
-0.006396547713
-0.006706910722
0.006549070056
0.2408260689
-0.2403613834
0.2405137347
-0.006859262046
-0.2402013482
-0.00706963203
-0.00726755063
0.007143206901
0.2393919269
-0.2387623814
0.2388633978
-0.007368567025
-0.238654146
-0.007609095216
-0.007449243792
0.007450307189
0.2319248381
-0.225704089
0.2257598388
-0.007504993597
-0.2256525056
-0.007746284864
-0.008012972733
0.007914294423
0.2287278379
-0.2299437225
0.2299537454
-0.008022995622
-0.2299306079
-0.008297913693
-0.006769710718
-0.4861930293
-0.007467658375
0.486890977
-0.008156108143
-0.4859838826
-0.008820240747
0.4866480152
-0.004768603388
-0.004683091272
0.2428532185
-0.2427142583
0.004813084738
0.005223774332
0.2424093125
-0.005392979172
0.2424004467
0.005242489647
-0.2420489782
0.2421948779
-0.00553887883
-0.241896779
-0.005700585495
-0.005947003375
0.005815837114
0.2413885711
-0.2409292137
0.2410553153
-0.006073104984
-0.2407972039
-0.006259148178
-0.006403853104
0.006305116195
0.2398228961
-0.2391286395
0.2392061354
-0.006481348983
-0.239046006
-0.006689886834
-0.006551780087
0.006541494939
0.2319487141
-0.2259492657
0.2260189671
-0.006621481422
-0.2258826904
-0.006828265535
-0.007024857847
0.006962535399
0.2290268192
-0.2299684435
0.2299690681
-0.007025482471
-0.2299658325
-0.007257851568
-0.006112041752
-0.4875678362
-0.006727884299
0.4881836788
-0.007331332422
-0.4872670083
-0.007908957071
0.4878446329
-0.004265738879
-0.004188421663
0.243374615
-0.2432559064
0.004299262785
0.004671099471
0.2429956992
-0.004805467659
0.2429454503
0.004677656126
-0.2425974322
0.2427209741
-0.004929009514
-0.2424687745
-0.005075893264
-0.005272990809
0.005162681877
0.2418595407
-0.2414014424
0.2415071153
-0.005378663718
-0.2412910949
-0.005544948588
-0.005650037979
0.005570531217
0.2401680794
-0.2394116363
0.2394723015
-0.005710703163
-0.2393472605
-0.005894179246
-0.00578067551
0.005759155268
0.2320182034
-0.2262444525
0.2263243749
-0.005860597889
-0.2261667658
-0.006041361618
-0.006182748346
0.006144497251
0.2292129306
-0.2299607928
0.2299551424
-0.006177097973
-0.2299650867
-0.006377710009
-0.005507984815
-0.4887818003
-0.006051998564
0.489325814
-0.006582030756
-0.4883837582
-0.007086010232
0.4888877377
-0.003813469379
-0.003745282659
0.2438225202
-0.2437203977
0.003840513754
0.004171829128
0.2434968774
-0.004282161352
0.243410619
0.004172766358
-0.2430633564
0.2431688856
-0.004387690492
-0.2429536912
-0.004517962187
-0.004680687902
0.004586880148
0.2422584147
-0.2417988215
0.2418883448
-0.004770211246
-0.2417055709
-0.004915992841
-0.004995624599
0.004930657727
0.2404485491
-0.2396349472
0.2396835111
-0.005044188493
-0.2395837021
-0.005203151352
-0.005118488416
0.005086959844
0.2321298063
-0.2265759315
0.226663143
-0.005205699996
-0.2264902818
-0.005361779096
-0.005464731132
0.005442756216
0.2293233228
-0.2299311348
0.2299210934
-0.005454689779
-0.2299402158
-0.00562611634
-0.00495947101
-0.4898551093
-0.005440878636
0.4903365169
-0.005907606349
-0.489358907
-0.006348879709
0.4898001804
-0.00341002083
-0.003350606855
0.2442097873
-0.2441213405
0.003433044311
0.003725428707
0.243928069
-0.003819716203
0.2438106429
0.003725360088
-0.2434625584
0.243553479
-0.003910636745
-0.243368316
-0.004023510331
-0.004162612772
0.004082063734
0.2425996408
-0.2421366181
0.2422131753
-0.004239169919
-0.2420570853
-0.00436444041
-0.004428605748
0.004374743221
0.2406797482
-0.2398151749
0.2398549616
-0.004468392425
-0.2397734547
-0.004603769545
-0.004548850843
0.004508994407
0.2322772942
-0.2269329185
0.227025134
-0.00464106636
-0.2268417877
-0.004773739748
-0.004851107618
0.004840325473
0.2293819681
-0.2298859218
0.2298727281
-0.004837913863
-0.2298984179
-0.004982355762
-0.004469594581
-0.4908060404
-0.004896906699
0.4912333525
-0.005309424986
-0.490213647
-0.00569755869
0.4906017807
-0.003054999357
-0.003003135396
0.2445469539
-0.2444697877
0.00307510208
0.003331545715
0.2443015186
-0.003412593675
0.2441572059
0.003330605616
-0.2438074528
0.2438864189
-0.003491559808
-0.2437257716
-0.003590210659
-0.00371007755
0.00364034207
0.2428940905
-0.2424263204
0.2424923308
-0.003776087943
-0.2423578872
-0.003884856514
-0.003937056541
0.003891760448
0.2408730729
-0.2399640586
0.2399974286
-0.003970426523
-0.2399292737
-0.004087083455
-0.004057212782
0.004010787195
0.2324536616
-0.2273070943
0.2274025796
-0.004152698022
-0.2272123165
-0.004267085541
-0.004324780829
0.004321821249
0.2294046739
-0.229829496
0.2298140175
-0.004309302308
-0.2298444675
-0.004432732546
-0.004037133198
-0.4916512933
-0.004417959348
0.4920321195
-0.004784239643
-0.4909663668
-0.005127428482
0.4913095557
-0.002745549566
-0.002699560346
0.2448426945
-0.2447748374
0.002762976642
0.002987033121
0.2446272444
-0.00305713335
0.2444598164
0.002985340515
-0.2441079165
0.2441770564
-0.003126273181
-0.244036518
-0.003213261284
-0.003317304438
0.003256452269
0.2431502877
-0.2426768822
0.2427342612
-0.003374683442
-0.2426174939
-0.003470090594
-0.00351296975
0.003474333471
0.241037091
-0.240090005
0.2401186505
-0.003541615242
-0.2400603049
-0.00364330139
-0.003634013569
0.003582699316
0.2326520914
-0.2276923819
0.227789869
-0.003731500725
-0.2275952808
-0.00383150767
-0.003874545463
0.003877064162
0.229402201
-0.2297649558
0.229747847
-0.003857436657
-0.2297817124
-0.003964338561
-0.003660539745
-0.4924058812
-0.004001742414
0.4927470839
-0.004328867802
-0.4916328715
-0.00463419598
0.4919381997
-0.00247751153
-0.002438253881
0.2451043667
-0.2450440874
0.002494951718
0.002687371877
0.2449134975
-0.002751022007
0.2447262672
0.002687589995
-0.2443718642
0.2444329486
-0.002812106445
-0.2443089283
-0.00288681904
-0.002980575029
0.002927014169
0.2433750499
-0.2428953984
0.2429457209
-0.003030897562
-0.2428434295
-0.003112530888
-0.003151114779
0.003117654841
0.241178307
-0.2401990582
0.2402242324
-0.003176288919
-0.2401731081
-0.003262869518
-0.003273221888
0.003218507593
0.2328663103
-0.2280842674
0.2281828414
-0.003371795882
-0.2279858652
-0.003457203475
-0.003493096225
0.003499423483
0.2293821651
-0.2296946748
0.2296764302
-0.003474851569
-0.2297126788
-0.003565366629
-0.003337703874
-0.4930834045
-0.003645558176
0.4933912589
-0.003939959629
-0.4922270142
-0.004214053989
0.4925011086
-0.002250091834
-0.002215675575
0.2453379989
-0.2452838042
0.002268184783
0.002430392981
0.2451673365
-0.002490570292
0.2449630521
0.002433990905
-0.2446058402
0.2446603136
-0.002545043788
-0.2445498562
-0.002607804694
-0.002694975646
0.002647399953
0.2435739722
-0.2430876842
0.2431322405
-0.002739531944
-0.2430417902
-0.002807942803
-0.002845368897
0.002815922734
0.241301796
-0.2402957113
0.2403183584
-0.00286801604
-0.2402725061
-0.002940284694
-0.002968364239
0.002911524905
0.2330908527
-0.2284793082
0.2285782152
-0.003067271211
-0.2283804085
-0.003138784961
-0.003172692429
0.003181626997
0.2293500142
-0.2296204426
0.2296014325
-0.00315368236
-0.229639293
-0.00322885117
-0.00306637053
-0.4936963199
-0.003346582403
0.4939765317
-0.00361404738
-0.4927617289
-0.0038627303
0.4930104118
-0.002062037778
-0.002028862751
0.2455482504
-0.2454989282
0.00207897686
0.002213436397
0.2453941421
-0.002271498866
0.2451752542
0.002220595905
-0.2448150989
0.2448641018
-0.002320501718
-0.2447648733
-0.002372221229
-0.002455159728
0.002412503085
0.2437516446
-0.2432585128
0.2432983552
-0.002495002162
-0.2432175922
-0.002551296883
-0.002589407332
0.002563062051
0.2414115586
-0.2403833755
0.2404042101
-0.00261024187
-0.24036215
-0.002669513923
-0.002712965394
0.002655074797
0.2333211084
-0.2288744516
0.2289729059
-0.002811419656
-0.2287758357
-0.002870325869
-0.002905680527
0.002916295065
0.2293098211
-0.2295436442
0.229524184
-0.002886220304
-0.2295630147
-0.002947585735
-0.002843847713
-0.4942558184
-0.003101816438
0.4945137871
-0.003347505136
-0.4932481844
-0.003575404206
0.4934760835
-0.001908029386
-0.001877668817
0.2457395552
-0.2456941517
0.001924755181
0.002034599695
0.2455986488
-0.002091398398
0.2453673119
0.0020450994
-0.2450040583
0.2450486326
-0.002135972715
-0.2449585173
-0.002178016165
-0.002258289166
0.002219602455
0.2439120439
-0.2434119085
0.2434479629
-0.002294343613
-0.2433749974
-0.002340028134
-0.002379817848
0.002355819383
0.2415108429
-0.2404646677
0.2404842501
-0.002399400184
-0.2404448237
-0.002447341821
-0.002503585739
0.002445473123
0.2335534212
-0.2292667023
0.2293640238
-0.002600907275
-0.2291690688
-0.002648851051
-0.002687890695
0.002699456104
0.2292647943
-0.2294654619
0.229445816
-0.002668244751
-0.2294850779
-0.002717698907
-0.002669119528
-0.4947734537
-0.002909109443
0.4950134436
-0.00313754163
-0.4936950016
-0.003348908786
0.4939063688
-0.00178277433
-0.00176080204
0.2459169636
-0.2458746951
0.001804632113
0.001889958263
0.2457860699
-0.001947093971
0.2455437785
0.001904289229
-0.2451769302
0.2452181049
-0.001988268658
-0.2451350013
-0.002022156958
-0.002100946536
0.002065372229
0.2440587609
-0.2435514424
0.2435845348
-0.002134038913
-0.2435176761
-0.002170795967
-0.002212755082
0.002190461504
0.2416023907
-0.2405416785
0.2405604667
-0.002231543335
-0.2405227265
-0.002269978746
-0.00233641664
0.002278699475
0.2337850498
-0.2296536698
0.2297493415
-0.002432088332
-0.229557525
-0.00247090369
-0.00251486172
0.002526809374
0.2292174106
-0.2293868535
0.229367234
-0.002495242215
-0.2294065019
-0.002534837054
-0.002540514942
-0.4952554579
-0.002767299353
0.4954822423
-0.002982899422
-0.4941110559
-0.003182220702
0.4943103772
-0.001690019806
-0.001675766583
0.2460835992
-0.2460436526
0.001717160826
0.001778160639
0.2459604296
-0.001837900683
0.2457083698
0.001797770562
-0.2453374779
0.2453760597
-0.001876482461
-0.2452983311
-0.001901647401
-0.00198185229
0.001948629698
0.2441949737
-0.2436802779
0.2437111485
-0.002012722873
-0.243648909
-0.002040032324
-0.002086611428
0.002065460616
0.2416885539
-0.2406161224
0.2406345078
-0.002104996845
-0.2405976657
-0.002133433542
-0.002210033342
0.002153150488
0.234013986
-0.2300333908
0.2301269534
-0.002303596016
-0.2299392334
-0.00233265561
-0.002384722516
0.002396543431
0.2291697766
-0.2293086442
0.2292892542
-0.002365332542
-0.229328116
-0.002394523047
-0.0024581344
-0.4957136089
-0.00267437839
0.4959298529
-0.002880195012
-0.4945050661
-0.003071117691
0.4946959887
-0.001627423901
-0.001620751101
0.2462424095
-0.2462041044
0.001660241808
0.001697755905
0.2461248777
-0.001762181466
0.2458641422
0.001723985629
-0.2454887679
0.245525487
-0.00179890052
-0.2454516684
-0.001814894774
-0.001899063157
0.001867503406
0.2443235065
-0.243801244
0.2438305706
-0.001928389778
-0.2437715975
-0.001945802585
-0.001999258803
0.001978717411
0.241771468
-0.2406895135
0.2407078787
-0.002017623956
-0.2406711831
-0.002035575822
-0.002122527784
0.002066799429
0.2342387207
-0.2304039768
0.2304950057
-0.002213556654
-0.230312293
-0.002232196276
-0.002295108831
0.002306361214
0.2291237874
-0.2292316536
0.2292126786
-0.002276133855
-0.2292507442
-0.002294366335
-0.002390524487
-0.4961484713
-0.002614907006
-0.0028210465
-0.4948837139
-0.003010950844
-0.001594038421
-0.001587022622
-0.2463589129
0.001629262584
0.001648503575
0.2462821038
-0.001717825801
0.2460138443
0.001680946403
-0.2456335781
0.2456690594
-0.001753307074
-0.245597846
-0.001761312523
-0.001850074012
0.001819576589
0.2444469085
-0.2439169704
0.243945373
-0.001878476664
-0.2438883955
-0.001887336187
-0.001948262698
0.001927700517
0.2418534244
-0.2407634618
0.2407823266
-0.001967127569
-0.2407448223
-0.001975802702
-0.002071896371
0.002017634751
0.234458121
-0.2307639932
0.2308518983
-0.002159801523
-0.2306749379
-0.002169525973
-0.002243162356
0.002253429028
0.2290808773
-0.229156477
0.2291381412
-0.002224826552
-0.229175114
-0.002233697157
-0.05231222441
-0.002963843604
0.002834457349
-0.002916570593
-0.05223011117
-0.05238217906
-0.05475296355
-0.0032440712
0.003121583534
-0.003234005465
-0.05464054161
-0.0546793093
0.005019752441
-0.002681645925
-0.1047989252
0.1056822139
-0.1053060555
0.004643594099
0.1060362445
0.00475344072
0.02330594482
-0.003003648816
-0.1084800074
0.1096288575
-0.1087580575
0.02243514486
0.1100485198
0.005179387521
0.1064245831
0.004848451432
-0.005330601933
0.004935731929
0.1068194531
-0.002866249755
0.106336765
-0.05313232944
0.05324197905
-0.003148532531
0.003041901121
-0.003154547587
-0.05301968297
-0.05318643856
-0.002625986143
0.05202476773
0.05188433313
-0.002709988979
-0.003089795679
0.053622578
-0.05335242384
0.05346792588
-0.003205297717
-0.00315614457
-0.02492087422
0.1104707276
0.005183387982
-0.005585427944
0.005162068617
0.1108940869
0.110798051
0.05416141851
0.003814017268
-0.003621101423
0.003857883624
0.05392463631
-0.002547281336
0.04508393299
-0.004413636198
0.0284652235
-0.03666550157
0.03829491889
-0.006043053512
-0.006365717489
0.02464729851
0.02335120786
0.004680697459
0.01090986844
-0.01147948777
-0.1879365161
-0.007247050703
0.0006878174686
-0.002449305072
0.002239682017
0.001568032224
-0.0008446393129
0.1835701051
0.1838317541
-0.1809299831
-0.002479638454
0.0003307886304
-7.713017085e-05
0.0001163916318
-0.0004806859085
0.183464157
0.1832314177
-0.1990061531
-0.002835483192
0.00117587088
-0.002203581268
0.003533492143
0.2058781084
0.2070019126
-0.1848066931
-0.01970410697
0.01308493125
-0.01205404061
0.01407582096
0.01104497423
-0.179201076
-0.01014607894
0.1806674191
-0.1814981878
0.1801036741
0.1825236384
-0.001568408114
-0.1801141575
-0.01753856259
0.009426324356
-0.008976513494
0.008852079829
-0.1886231487
-0.009126938591
0.1837496217
-0.1837119533
0.1838733356
0.1838054498
0.001321531724
-0.2034499255
-0.01928161293
0.009865648316
-0.01112818233
0.01297770738
-0.2177414415
0.2118828654
-0.2099900892
0.2132040343
0.2083617794
-0.004167306178
-0.05270048478
-0.003092999898
0.05280637678
0.002957982286
-0.003061561742
0.003156719382
-0.05220233383
0.05251490627
-0.05241974862
0.05261214861
0.05232646712
-0.05223624793
-0.00311615676
-0.1857796065
-0.01878817511
0.01521007962
-0.01604829702
0.01409178323
0.01659304784
-0.177913717
-0.01683669567
0.1810409416
-0.1803271108
0.182219433
0.180029278
-0.01334767359
-0.1791188144
-0.02053152801
0.01677595424
-0.01640904709
0.01573391284
-0.1883198389
-0.01474476291
0.1824508257
-0.1829661133
0.1820221624
0.183464989
-0.01181076115
-0.2013513617
-0.01545354316
0.01342806982
-0.01175827379
0.009691420662
-0.2200058091
0.2093854564
-0.2113957042
0.2069780943
0.2127392517
-0.007445746001
0.05492521406
-0.05480599774
-0.003385275144
0.05505037411
-0.003516747254
0.05497292116
-0.1952650922
-0.0268250772
0.02235487031
-0.02549907473
0.01887923233
0.0282251574
-0.1822266577
-0.03045718878
0.1890389226
-0.1861734985
0.1925384779
0.1839151389
-0.0257371169
-0.1813802318
-0.03703247909
0.03213063232
-0.0331940306
0.03361049211
-0.1852903412
-0.03335983608
0.1824878299
-0.181915136
0.1836275944
0.181800935
-0.0289997561
-0.1942949229
-0.03685670254
0.03244161063
-0.03088013745
0.02873303077
-0.208510392
-0.02610162845
0.1999987347
-0.2020513678
0.1984608816
0.2044488201
-0.02266727725
-0.2170122498
-0.02820856042
0.02313704289
-0.02006336297
0.01726062622
-0.2273756849
-0.01501061142
0.2215515803
-0.2243330814
0.2193884304
0.2272583842
-0.009786591485
-0.2053646194
-0.021013714
0.01230471958
-0.01246348757
0.2082498433
-0.2049000753
0.2117503833
0.2018275829
-0.105415298
-0.2144272227
-0.02445297607
0.02081665772
-0.02640868774
0.01507681378
0.03171796353
-0.1956531017
-0.03662068982
0.2068668311
-0.2014719189
0.212813381
0.1966861459
-0.03207666558
-0.192781815
-0.04544037256
0.04100974029
-0.04479921502
0.04792752895
-0.188504441
-0.05036015051
0.1911880226
-0.1879324297
0.1951837055
0.1854224161
-0.04541401036
-0.19464594
-0.05690171455
0.05209303277
-0.05315634386
0.05361863642
-0.201840593
-0.05359887714
0.1979253867
-0.1973591832
0.1992777234
0.1975553482
-0.04803811279
-0.211331816
-0.05943742104
0.05327416483
-0.05280449989
0.0519264231
-0.2193061011
-0.04956838739
0.2158580278
-0.2166866904
0.2150975665
0.2178018158
-0.04388849314
-0.2080091973
-0.05605362415
0.04649925446
-0.04804581408
0.2222927348
-0.218922242
0.2252579567
0.2153481363
-0.236344501
-0.009939003262
0.009710012771
-0.0124121741
0.009285393296
0.01940064947
-0.2190489236
-0.02630883162
0.2330204848
-0.2260150583
0.2365968648
0.2192295444
-0.02419655068
-0.2149098757
-0.03427850906
0.03297271569
-0.03926729383
0.04508849521
-0.203194853
-0.05035711429
0.2111201898
-0.2052278009
0.2174477316
0.1998842029
-0.04803684759
-0.206947352
-0.05618330937
0.05502440474
-0.05907771527
0.06254149697
-0.206719756
-0.06543634856
0.2078150261
-0.2042756418
0.2119287991
0.2014067706
-0.06287167598
-0.2137529509
-0.06701359344
0.06760121521
-0.06843616429
0.06744378281
-0.2097896896
-0.06616497621
0.2123109869
-0.2132609112
0.2116521155
0.2142396527
-0.06655902737
-0.2194521563
-0.07102912971
0.06754442712
-0.07058069907
0.2304759451
-0.2293846152
0.2310206744
0.2276499156
-0.2378769982
-0.009077431206
0.008938950531
-0.009294220149
0.008584697213
0.009649997464
-0.2371923164
-0.01000506723
0.237722982
-0.2373672047
0.2380606407
0.23699209
-0.009888843304
-0.2371016122
-0.01041285374
0.01035800693
-0.01205366407
0.01783504288
-0.226996412
-0.0242960589
0.2366294525
-0.2308407866
0.2371750658
0.2240708889
-0.02679165337
-0.2278962964
-0.02585782472
0.0303715579
-0.03597652626
0.0410078915
-0.2211220137
-0.04523776475
0.2264366621
-0.2213768918
0.2315425156
0.2164939931
-0.04938684323
-0.2186434641
-0.04043958723
0.04823263353
-0.04983492711
0.05109459467
-0.2110205085
-0.05337315161
0.213411238
-0.2121320147
0.2152492003
0.2115433317
-0.05810632722
-0.2271564145
-0.04803218044
0.05600631995
-0.05723348741
0.2307480326
-0.2310271912
0.2304054575
0.2311573045
-0.2391355468
-0.008202250488
0.008128822788
-0.00842061916
0.007834328306
0.008709435089
-0.2385019951
-0.008994433473
0.2389739882
-0.2386851723
0.2392482595
0.2383810645
-0.008940843319
-0.2383078606
-0.009271570431
0.009274864455
-0.009550386273
0.009821209484
-0.2374828811
-0.01008734733
0.2380388636
-0.2377680404
0.2382938007
0.2374805102
-0.01011788118
-0.2372139873
-0.010231681
0.01034548496
-0.01058204106
0.01076477239
-0.2355464767
-0.0108502287
0.2368217311
-0.2366389997
0.2369835428
0.2362630789
-0.01131223392
-0.2254559982
-0.010425258
0.01082752876
-0.01078600727
0.01119654101
-0.2206464201
-0.01208367151
0.2202457787
-0.2198348942
0.2204471958
0.2174530016
-0.01983488746
-0.2295664309
-0.01146380834
0.01283319711
-0.01307480608
0.2296214139
-0.2297340346
0.2296339028
0.2300559405
-0.2401705339
-0.007363028804
0.007329521736
-0.007569841336
0.007084566767
0.007805497767
-0.239555787
-0.008036010801
0.2399923045
-0.2397566481
0.2402165017
0.2395089189
-0.008024264979
-0.2392647227
-0.008227149075
0.008261046676
-0.00848047313
0.008694008096
-0.238451515
-0.008900124289
0.2389737559
-0.2387602209
0.2391753781
0.2385339434
-0.008962729006
-0.237978629
-0.008959585041
0.00909380071
-0.009262226921
0.009380807271
-0.2358128933
-0.009425182648
0.2373772016
-0.2372586212
0.2374851027
0.2371281062
-0.009702195558
-0.2254680768
-0.009117991052
0.009410603391
-0.009429449764
0.009635731306
-0.2227437971
-0.009986287893
0.2210682704
-0.2208619889
0.2212725799
0.2206543117
-0.00995650921
-0.2298009787
-0.009882895393
0.01020548109
-0.01024920276
0.229668756
-0.2296592546
0.2296759612
0.2296473942
-0.2410259769
-0.006582996689
0.006571596409
-0.006770688116
0.006367032565
0.006964526509
-0.2404112756
-0.007152913396
0.2408272522
-0.2406334138
0.2410121655
0.2404300107
-0.007169142783
-0.2400330147
-0.007289697626
0.007335740421
-0.007512878294
0.00768373928
-0.2392064347
-0.007846352158
0.2397172999
-0.2395464389
0.2398793566
0.2393660273
-0.00792653808
-0.2385379907
-0.007861965776
0.007995586914
-0.008120328751
0.008202494592
-0.2359582867
-0.008228143336
0.2377554863
-0.2376733205
0.2378307834
0.2375834796
-0.008481824268
-0.2256053359
-0.008000965426
0.008219756414
-0.008262201079
0.008458024017
-0.2240216518
-0.008730072552
0.2218695969
-0.221673774
0.2220618564
0.2214746059
-0.008737188583
-0.2299139906
-0.008588965645
0.008868467768
-0.008889063592
0.2296848308
-0.229683886
0.2296839721
0.2296809754
-0.2417377326
-0.005869341304
0.005873679514
-0.006039774388
0.005702118683
0.006200705849
-0.241113349
-0.006356424878
0.2415179819
-0.2413570505
0.2416718779
0.2411885711
-0.006385897019
-0.2406588317
-0.006454043722
0.0065069142
-0.006652011151
0.006790963868
-0.2398060419
-0.006921568129
0.2403182446
-0.2401792919
0.2404505354
0.2400331438
-0.007005410073
-0.2389577433
-0.006909153702
0.007038761659
-0.007133107157
0.007191603803
-0.2360450521
-0.007208224972
0.2380218831
-0.2379633865
0.2380758958
0.2378998659
-0.007432087614
-0.2258194525
-0.007046302338
0.007209909491
-0.007269523261
0.007449712929
-0.2250137239
-0.007660599625
0.2226148209
-0.2224346313
0.2227907858
0.2222502338
-0.007689391025
-0.2299610159
-0.007503447109
0.007748667868
-0.007755938407
0.2296720262
-0.2296774378
0.2296653414
0.2296814624
-0.2423346779
-0.00522468265
0.005240403721
-0.005380203738
0.005095408139
0.005515184387
-0.2416960538
-0.00564539881
0.2420949715
-0.2419599909
0.2422243115
0.2418190638
-0.005679805866
-0.2411758398
-0.005714072821
0.005770876562
-0.005891401074
0.006006042061
-0.2402901309
-0.006112424
0.2408113257
-0.2406966847
0.2409207617
0.2405765315
-0.006193258158
-0.2392788873
-0.006081539234
0.006205835478
-0.006278587347
0.006321707588
-0.2361052888
-0.006335064274
0.2382153416
-0.2381722213
0.2382555542
0.2381258616
-0.00652770874
-0.2260915465
-0.00622609982
0.006348229189
-0.006420808625
0.006583735607
-0.2257815322
-0.006746570509
0.223292593
-0.223129666
0.2234511545
0.2229623838
-0.006788763586
-0.2299678937
-0.006583461817
0.006801941722
-0.006800767293
0.2296386789
-0.2296485755
0.2296278879
0.2296574932
-0.2428396307
-0.004650166968
0.004669966038
-0.004788622684
0.00454653289
0.004902929311
-0.2421851726
-0.005012998478
0.2425817062
-0.2424673996
0.2426915006
0.2423483754
-0.00504803371
-0.241608426
-0.005064388434
0.005118851543
-0.005220162216
0.00531583607
-0.2406860622
-0.005403501501
0.2412210007
-0.2411253269
0.2413125721
0.2410253504
-0.00547864019
-0.2395295765
-0.005365480145
0.005479008564
-0.005536283605
0.005569533849
-0.2361579801
-0.005582881383
0.2383617421
-0.2383284919
0.238393142
0.2382931843
-0.005746010789
-0.2264063885
-0.005521137922
0.005607052903
-0.005689066485
0.005835033878
-0.2263736432
-0.005960403384
0.2239015057
-0.2237555384
0.2240433994
0.2236054713
-0.006010664915
-0.2299482482
-0.005801716409
0.00599399196
-0.00598709773
0.2295908395
-0.2296039031
0.2295771443
0.2296162714
-0.2432704536
-0.004142012411
0.004161850604
-0.004263418633
0.004055986988
0.004361141537
-0.2426001941
-0.004455144481
0.2429963099
-0.242898587
0.2430904131
0.2427970681
-0.00448920934
-0.2419743788
-0.004496161328
0.004545387002
-0.004631420938
0.00471207658
-0.2410136684
-0.004785134107
0.2415650459
-0.2414843903
0.2416424441
0.2414003115
-0.004854290048
-0.2397296213
-0.004746369656
0.004847054394
-0.004893164638
0.004920163496
-0.2362134814
-0.004935146504
0.2384781983
-0.2384511995
0.2385040418
0.2384229058
-0.005072482146
-0.2267518136
-0.004913629459
0.004968928046
-0.005057598587
0.005188049313
-0.2268292574
-0.005284454923
0.2244459684
-0.2243155176
0.22457283
0.2241813876
-0.005339830081
-0.229910164
-0.005134896976
0.005303238928
-0.005292309442
0.2295327538
-0.2295480543
0.2295170079
0.2295628639
-0.2436411259
-0.003694006811
0.003711983223
-0.003799630198
0.003620530778
0.003883911573
-0.2429558789
-0.003964922972
0.2433527414
-0.2432684601
0.2434340972
0.2431810568
-0.003998040009
-0.2422868727
-0.003999428303
0.004042543434
-0.004116240854
0.004184855001
-0.2412877747
-0.004246387586
0.2418567522
-0.241788138
0.2419227612
0.2417167421
-0.004310565814
-0.2398929436
-0.00421013657
0.004297885491
-0.004335867542
0.004358971835
-0.2362767733
-0.004376263723
0.2385758708
-0.2385527665
0.2385982733
0.2385288549
-0.004492304057
-0.2271182847
-0.004387834922
0.004417915149
-0.004511065819
0.004627896871
-0.2271796751
-0.004702069673
0.2249330929
-0.2248162619
0.2250468807
0.2246961996
-0.004761128673
-0.2298588957
-0.004563231539
0.004710627394
-0.004696794988
0.2294674767
-0.2294843352
0.2294503056
0.229500859
-0.2439626975
-0.00330274045
0.003318413113
-0.003394691683
0.003238786091
0.00346802211
-0.2432634229
-0.003538450546
0.2436618474
-0.2435885169
0.2437327812
0.2435126301
-0.003567446627
-0.2425560077
-0.003568352091
0.00360578784
-0.003669464692
0.003728382092
-0.2415195838
-0.00378078169
0.2421063551
-0.2420474377
0.2421631642
0.2419862705
-0.003837255184
-0.2400294734
-0.003748188
0.003824245651
-0.00385629045
0.003877037719
-0.2363496169
-0.003896761637
0.2386620274
-0.2386412801
0.2386823598
0.238620048
-0.003991658696
-0.2274986503
-0.003934542457
0.003944552465
-0.004040623246
0.004146003048
-0.2274495491
-0.004203249135
0.2253711497
-0.2252657699
0.2254740359
0.2251577099
-0.004260758027
-0.2297980794
-0.004074750151
0.004204649119
-0.004188711002
0.2293972119
-0.2294151487
0.2293790599
0.2294328572
-0.2442440152
-0.002963151034
0.002976920545
-0.003043879358
0.002907014283
0.003108235703
-0.2435315952
-0.00316998553
0.2439321977
-0.2438678414
0.2439945558
0.243801413
-0.003192701531
-0.2427897548
-0.003196024904
0.00322889317
-0.00328438677
0.003335453682
-0.2417177572
-0.003380570888
0.2423218955
-0.2422708286
0.2423712278
0.2422179587
-0.003427553329
-0.2401463319
-0.003351543773
0.003417797838
-0.003445479229
0.003464854435
-0.2364319849
-0.003486833356
0.2387413471
-0.2387219719
0.2387604821
0.2387023268
-0.003561260365
-0.2278877304
-0.00354449079
0.003539142672
-0.003637004077
0.003733146752
-0.2276582494
-0.003777630607
0.2257689178
-0.2256727752
0.2258630541
0.2255745404
-0.00382973546
-0.2297304091
-0.003658120913
0.003774023919
-0.003756586035
0.2293235332
-0.2293422052
0.2293047248
0.2293607168
-0.2444922409
-0.002672683474
0.002682314136
-0.002741606444
0.002620403701
0.002798571093
-0.2437673955
-0.002853164904
0.2441706679
-0.2441137033
0.2442259884
0.2440550355
-0.002870774239
-0.2429945004
-0.00287870809
0.002905127582
-0.002953907086
0.002998588971
-0.2418890485
-0.003037872683
0.2425097626
-0.2424650807
0.2425530361
0.242418936
-0.003077042322
-0.2402487006
-0.00301511819
0.003070237008
-0.003094705199
0.003113333967
-0.2365228931
-0.003137244703
0.2388168141
-0.2387981853
0.2388353253
0.2387794206
-0.003195053613
-0.2282815861
-0.003212704821
0.003192611766
-0.003291356518
0.00338031306
-0.2278210056
-0.003415288669
0.2261348591
-0.2260459025
0.2262222998
0.2259553551
-0.00346234335
-0.2296579595
-0.003306734176
0.003408209359
-0.003389738703
0.2292475762
-0.2292667345
0.2292283291
0.2292857848
-0.2447132714
-0.00242758146
0.002431458242
-0.002484415959
0.002376175157
0.00253527493
-0.2439765559
-0.002583960474
0.2443829114
-0.2443320525
0.2444324382
0.2442797615
-0.002597334744
-0.2431755154
-0.002611569143
0.002630201188
-0.002673475997
0.002712970221
-0.2420388584
-0.002747588781
0.2426751841
-0.2426356899
0.2427135558
0.2425949925
-0.002780229282
-0.2403404873
-0.002733016086
0.002776174631
-0.002798303514
0.002816614991
-0.2366210421
-0.002842133066
0.2388904249
-0.2388721134
0.2389087138
0.2388537524
-0.002886377047
-0.2286770585
-0.002933448716
0.002899312951
-0.002998156251
0.003081760864
-0.2279497692
-0.003109784948
0.226476781
-0.2263931764
0.226559327
0.2263083769
-0.00315207078
-0.2295822866
-0.003013479472
0.003100353236
-0.003081207279
0.2291701136
-0.2291895842
0.2291505819
0.2292089939
-0.2449118581
-0.002223421979
0.002222456826
-0.00227021314
0.002172638949
0.00231606589
-0.2441637529
-0.002359914367
0.244573545
-0.2445276923
0.2446183186
0.2444806666
-0.002367527436
-0.2433371587
-0.002389393245
0.00240148338
-0.00244028682
0.002475605399
-0.242171533
-0.002506530183
0.2428224509
-0.2427871323
0.2428568732
0.2427508469
-0.002531287568
-0.2404246787
-0.002499185709
0.002532216653
-0.002552685256
0.002570980507
-0.2367252133
-0.002597830688
0.2389635661
-0.2389452709
0.2389818944
0.2389269884
-0.002628524371
-0.2290711094
-0.002700705889
0.002655832014
-0.002754035532
0.002833872823
-0.2280539941
-0.002857035146
0.2268013727
-0.2267215354
0.2268804987
0.2266408693
-0.002892085814
-0.2295046598
-0.002771314833
0.002846124851
-0.002826600613
0.2290917421
-0.2291113879
0.2290720675
0.2291310069
-0.245092247
-0.002057339596
0.002052136119
-0.002095750559
0.002006655883
0.00213760588
-0.2443330559
-0.002177585416
0.2447466654
-0.2447048101
0.2447876657
0.244662042
-0.002178740812
-0.2434832046
-0.002208979567
0.002215419221
-0.002250660836
0.0022826815
-0.2422906952
-0.002310739475
0.2429552276
-0.242923207
0.2429865395
0.2428904362
-0.002327114346
-0.2405035954
-0.002309940923
0.002334256367
-0.002353601748
0.002372076927
-0.2368342645
-0.002399962182
0.239037151
-0.2390186758
0.239055687
0.2390002586
-0.002417817377
-0.2294609819
-0.002511081414
0.002458028924
-0.002554986928
0.002632366525
-0.2281414383
-0.002652367971
0.227114225
-0.2270368454
0.2271911396
0.2269589529
-0.002678799754
-0.2294261571
-0.002575948153
0.002640656417
-0.002620997492
0.2290129658
-0.229032676
0.2289932591
0.22905238
-0.2452585474
-0.001928055623
0.001917085048
-0.001957527514
0.001874869133
0.001996293854
-0.2444882002
-0.002033267904
0.2449061028
-0.2448673364
0.2449442128
0.2448278764
-0.002027728663
-0.243617014
-0.002068703595
0.002068195699
-0.002100674874
0.002130163538
-0.2423994753
-0.002156068122
0.2430767405
-0.2430472518
0.2431056988
0.243017204
-0.002164086719
-0.2405791246
-0.002163320846
0.002178031661
-0.002196689502
0.002215470127
-0.2369470002
-0.002244113612
0.2391117701
-0.2390929894
0.2391306397
0.2390743008
-0.002250231978
-0.2298445547
-0.002363011107
0.002301674638
-0.002396887843
0.002472818017
-0.2282183361
-0.002491010139
0.227419808
-0.2273438779
0.2274954899
0.2272676834
-0.002508282764
-0.2293476473
-0.0024251402
0.002479044312
-0.002459457597
0.2289341771
-0.2289538592
0.2289145206
0.2289735521
-0.2454140961
-0.001833774148
0.001816271461
-0.001854307881
0.001776550167
0.00189074061
-0.2446324642
-0.00192545183
0.2450550993
-0.2450186665
0.2450910638
0.2449817221
-0.001913426925
-0.243741577
-0.001966326062
0.001958202701
-0.001988631233
0.002016272157
-0.2425006132
-0.002040657944
0.2431898577
-0.2431622167
0.2432171381
0.2431341817
-0.002040757955
-0.2406528555
-0.002056815668
0.002061610229
-0.002079957938
0.002099162998
-0.2370624541
-0.002128371895
0.2391879023
-0.2391686972
0.2392072336
0.2391496165
-0.002124077528
-0.2302199367
-0.002254174843
0.002185002552
-0.002277985822
0.002353245126
-0.2282897797
-0.002370774501
0.2277216102
-0.2276463509
0.2277968003
0.2275710008
-0.002378946055
-0.2292699489
-0.002316095776
0.002359055099
-0.002339749755
0.2288557235
-0.2288752887
0.2288361995
0.2288948864
-0.2455618029
-0.001772123531
0.001747788573
-0.001784104513
0.001709881852
0.001818879146
-0.2447687205
-0.001851994031
0.2451965023
-0.2451617277
0.245230981
0.2451265859
-0.001834042271
-0.2438596035
-0.001899179694
0.00188322853
-0.001912261368
0.001938696945
-0.2425965958
-0.001962172036
0.2432972085
-0.2432707729
0.2433234528
0.2432440923
-0.001955070395
-0.2407263015
-0.001987753768
0.00198264448
-0.002001067307
0.00202085022
-0.2371799817
-0.002050506848
0.2392661058
-0.2392463229
0.239286079
0.2392267016
-0.002037245263
-0.230585334
-0.002182169353
0.002105895459
-0.002196223715
0.002271372752
-0.2283600596
-0.002289171065
0.2280222169
-0.2279470679
0.2280973925
0.2278719305
-0.002288694077
-0.229193827
-0.002245800758
0.002278104958
-0.002259253309
0.2287779144
-0.2287972931
0.2287585914
0.2288167244
-0.2457042848
-0.001740745027
0.001711247233
-0.001746472673
0.001674547847
0.001780183263
-0.2448995256
-0.001812283114
0.245332835
-0.2452991244
0.2452651722
-0.001787259293
-0.2439736594
-0.001864012554
0.001842601994
-0.001870888367
0.001896830584
-0.242689953
-0.00192015057
0.243401451
-0.2433755087
0.2433495363
-0.001904449113
-0.2408013458
-0.001954447358
0.001940863529
-0.001959882676
0.00198035443
-0.2372992941
-0.002010051292
0.2393471584
-0.2393266867
0.2393062223
-0.001987591957
-0.2309408564
-0.002144025709
0.002063905121
-0.002152863137
0.002229700877
-0.2284325033
-0.002247603983
0.2283247667
-0.2282479289
0.2281728019
-0.002234928546
-0.2291194789
-0.002211326502
0.002236492911
-0.002217830625
0.2287009104
-0.2287201709
0.2287393098
0.002998678887
-0.05188083632
0.05214285542
-0.05206074713
0.05196108112
0.00283859682
-0.05188176781
-0.002975565866
0.002875899864
-0.002781213375
-0.05213542468
-0.05204707422
0.003339127548
-0.05452869085
0.05469450394
-0.05458938186
0.05448148621
0.02242979476
-0.05382578088
-0.003331028469
0.003223132823
-0.003114683935
-0.05453209273
-0.05395795093
0.05194882417
0.1049598583
0.004387022238
-0.00486083226
0.004514635064
-0.002583472257
-0.004171381281
0.106229786
0.003843231012
-0.1054404955
0.1057837493
-0.1061455369
0.1064976121
0.004281806484
0.003935194209
0.1080491263
0.005062485585
-0.1076361946
-0.01566828627
0.01495935502
-0.004203920666
-0.01434619833
0.1093144382
0.01379588287
-0.1084252189
0.1090383756
-0.1080321142
-0.1097885559
0.1101882639
0.02168496456
0.02102120057
-0.004550492592
0.1076497521
0.004182926891
-0.1068686452
0.1072538845
-0.1076387015
-0.005020814528
0.004587833083
-0.004972650017
0.00422220338
0.005378267376
-0.002892393493
0.1072250705
0.003264743393
-0.05260115314
0.0529389221
-0.05282872629
0.05305593083
0.0527168423
0.003113771019
-0.003225180458
0.003113296464
-0.003007809907
-0.05291419641
0.1101343077
0.006792743581
-0.006021416578
0.006505355959
0.1096503683
-0.005916591065
0.09437442466
-0.006120169919
0.1126160119
0.005665652724
-0.1123475744
0.1127327605
-0.008689910219
0.08665809676
-0.1041742258
0.1052279164
0.00754178669
0.05275841923
-0.02578332344
-0.001362284349
0.001441313667
-0.001369947701
0.001216442166
0.02613057587
-0.05196444785
-0.002789751999
0.002667272339
-0.002747387058
0.002827809127
-0.05154411629
0.05179960582
-0.05171918375
-0.002779290251
0.02622383655
0.001488870333
-0.001344207794
0.001821741293
-0.001258752554
-0.001786727129
-0.02694925759
-0.05360786139
-0.0129301264
0.004334014574
-0.004473950084
0.004623433249
-0.05302791936
0.05342449925
-0.05327501608
0.05316042975
-0.003319884049
0.01408392386
0.003016712395
-0.003589529567
0.002634550729
-0.001200721399
-0.008983880377
0.001755761119
-0.02644752135
0.02624979552
-0.02625047781
0.02626331901
0.02618477859
-0.001799509038
0.001705479511
-0.02624454671
0.02620734957
-0.02622807394
0.02621024221
0.02623648214
-0.001690638064
0.005366161845
-0.02620134148
0.02643988889
-0.0263063808
0.02665885671
0.02623231815
-0.002994125709
-0.004763742196
0.004391621295
0.1111086307
-0.1105905532
0.1109888797
0.005541771981
0.1113126014
0.005123257577
0.1117201674
0.00506432128
-0.003683121415
0.0548999994
-0.05469299461
0.05486775681
-0.05501869018
-0.004059745465
0.003703364052
-0.003854297422
0.003527974508
0.003394150302
-0.002555231571
0.05346448919
-0.03969126648
-0.005496450028
0.004405774989
-0.005802122584
0.00671661258
-0.05058896627
-0.007133832567
0.04716702418
-0.04625253419
0.04525722233
-0.007038365369
0.02710944687
-0.006453092716
0.003648896701
0.02043418326
-0.03009342634
0.02226283527
-0.02196885418
-0.002116007558
-0.1130148569
-0.006149788871
0.005911758127
-0.006193854578
0.003863900909
-0.108017131
0.1087074632
-0.1083861099
0.1090597929
0.1080220819
-0.1077174773
-0.003831307952
0.1110530749
-0.1107153872
-0.00402344376
0.003382826653
0.05518141044
0.003594882998
-0.1066406575
0.1073546227
-0.1070563898
0.106709927
-0.003518977687
0.02043024426
-0.1095873347
0.1103789886
-0.1098189015
0.1093886862
-0.01329648824
0.005555483655
-0.005689412618
0.1090119974
-0.1059741063
0.008314255268
0.112086761
-0.005262675417
-0.1113778161
0.004734321102
0.003827954801
0.2096337357
0.2096325332
0.01496575993
-0.1991012071
0.2071006036
-0.207864567
0.2068031427
0.2085360193
-0.006115742287
0.01271076609
-0.1991817227
0.2102389208
-0.2085663687
0.2124722113
0.2074086247
-0.0114363941
0.01516226797
-0.20851923
0.2224951011
-0.218606049
0.22689055
0.2152654782
-0.01513672464
0.009688984626
-0.2268686242
0.234954281
-0.2341657482
0.2354081567
0.2313389396
-0.01180952261
0.008864695024
-0.2361832599
0.2366779473
-0.2362702682
0.2370729486
0.2358450541
-0.009017516534
0.008229055432
-0.2377510996
0.238164781
-0.2378161285
0.2384993389
0.2374511039
-0.008406083088
0.00753381934
-0.2390717678
0.2394345329
-0.239129254
0.2397094851
0.2388252832
-0.007717867226
0.006830847993
-0.2401808574
0.2405115167
-0.2402434893
0.2407350007
0.2399954751
-0.007014635552
0.006152241036
-0.2411124911
0.2414232543
-0.2411878158
0.2416064265
0.2409861885
-0.006331600558
0.005520795326
-0.2418971153
0.2421921457
-0.2419912092
0.2423457886
0.2418236653
-0.005686883774
0.004941231557
-0.2425600817
0.2428457552
-0.2426731271
0.2429757487
0.2425319194
-0.005091720419
0.00441465157
-0.2431240251
0.2434048323
-0.2432559197
0.2435156735
0.2431359947
-0.004549330183
0.00394246442
-0.2436068751
0.2438858221
-0.243756827
0.2439810532
0.2436541959
-0.004062768606
0.003522214405
-0.2440230241
0.2443019828
-0.2441897892
0.2443844202
0.2441012738
-0.003630404993
0.0031530521
-0.2443840537
0.2446642322
-0.2445661795
0.2447361989
0.2444892419
-0.003248070494
0.002831695697
-0.2446995188
0.2449816573
-0.2448955111
0.2450450736
0.2448280529
-0.002913066155
0.002553681621
-0.2449773654
0.2452619579
-0.2451857878
0.2453186557
0.2451259884
-0.002623722096
0.002316774849
-0.2452244039
0.2455112207
-0.2454445377
0.2455637299
0.2453902431
-0.00237692349
0.00211948483
-0.2454457741
0.2457343025
-0.2456768554
0.2457844166
0.2456256853
-0.002168963908
0.001958413563
-0.2456459094
0.2459367342
-0.2458863501
0.2459838206
0.2458375163
-0.001997838838
0.001829981026
-0.245829807
0.2461252407
-0.246078034
0.2461690708
0.2460326922
-0.001860552174
0.001734321838
-0.2460014243
0.2463015994
-0.2462572974
0.2463429937
0.2462147579
-0.001756775859
0.001669651552
-0.2461638741
0.2464692832
-0.2464270556
0.2465087739
0.2463864532
-0.001684989289
0.001635931301
-0.2463202964
0.2466336876
-0.2465917948
0.2465478762
-0.00164275386
5.566330358e-05
0.01673002456
-0.01670513388
2.681213851e-05
0.01228233244
-0.01225348127
0.007912873814
-0.007886061676
-6.965945328e-05
0.01673944423
-5.818418668e-05
0.01227085717
0.007854689628
-0.0002709512792
-0.01244314399
0.01224812561
-0.0001085085279
-0.007868937215
0.007706494466
-0.003683898395
0.003575389868
-0.00490901745
0.0106291548
-0.0145552125
-0.00202965859
0.007749277793
-0.01062863665
0.003530533186
-0.005560191775
3.421062369e-05
0.01669277831
-0.01666544675
1.069839164e-05
0.01226622355
-0.01224271132
0.007957411784
-0.007946713393
-0.002705559344
0.001105889367
0.0008249738419
-0.0001523825665
0.01678339805
-0.01679697559
-0.000130004667
0.0123117263
-0.0123341042
0.007791944055
-0.007921948722
-0.000469295727
-0.008400608695
0.008004504842
-0.0001563298999
-0.004302003087
0.003989037261
-0.001243896968
0.001087567069
-0.0002608486428
-0.0133606136
0.01317779631
-0.0001151469335
-0.008650624731
0.008504923022
-0.004342508098
0.004227361165
-0.0002309938889
0.01667361681
-0.0001833095464
0.01226404196
0.007608634509
-2.703078717e-05
-0.01644028436
0.01644174026
-2.616474249e-05
-0.0120491725
0.01204830645
-0.007836218296
0.007810053553
-4.75159915e-06
-0.01643508561
-5.806169271e-06
-0.01204811793
-0.007842024465
-4.781497416e-05
0.01644567773
-4.362974668e-05
0.01204412123
0.007766423807
9.682625822e-05
0.01647596545
5.504403163e-05
0.01208590345
0.007821467838
2.957226739e-05
-0.01669309963
1.72055363e-05
-0.01224111454
-0.007868856139
7.217541341e-05
0.0167656571
4.370152903e-05
0.01229933106
0.007898391157
-0.0003777086874
0.01355392505
-0.0001620419266
0.008793159013
-0.009008825772
0.004460166151
-0.004622208077
1.747142297e-05
-0.0165458769
0.01655675682
7.740769924e-06
-0.01212434179
0.01213407244
-0.007826616798
0.007834357569
-4.369886037e-05
-0.01654539417
-3.452175341e-05
-0.0121335189
-0.007861138551
-0.0002787968227
-0.01264982592
-0.0001124699795
-0.008035264057
-0.003796368375
5.13728763e-05
0.01657844107
3.018337174e-05
0.01215526195
0.00786454094
-5.876219327e-06
0.01659509684
-1.080943063e-05
0.01216019516
0.00785373151
-0.0003648673891
0.01163667033
-0.0118899355
-0.000161111112
0.00714885197
-0.007352608246
0.003095551605
-0.003256662716
-0.002786639774
-0.01615313714
-0.001462770656
-0.01195250577
-0.007022962431
-8.652935619e-07
-0.01642966216
-1.573899634e-06
-0.01204740932
-0.007843598364
4.684585853e-06
-0.01642631866
2.967395428e-06
-0.01204569213
-0.007840630969
1.722831754e-05
-0.0165155695
0.01653656921
8.052733602e-06
-0.01212814505
0.01213732063
-0.00787527035
0.007883323084
9.604410723e-05
5.380251209e-05
-0.0001136646541
-8.855564493e-05
5.833070044e-05
2.355756452e-05
-0.0007917494821
0.008820121926
-0.009371508492
-0.0002901953862
0.004634279968
-0.005135834062
0.001448616774
-0.00173881216
-0.0005369966872
-0.0002047198061
-0.0002601923355
-0.0001176580528
-6.570138535e-06
0.01654351271
-4.91712614e-06
0.01213566762
0.007878405958
-1.941613429e-05
-1.726740688e-05
-0.0003220108078
-0.01287262194
-0.0001471765963
-0.008210098268
-0.003943544971
-2.715450755e-05
0.01660976745
-2.766871572e-05
0.01216070937
0.007826062794
-0.0003471304664
0.01140122156
-0.0001427540488
0.006944475553
0.002952797556
-0.0008972082685
-0.0005856720779
-9.539877188e-05
0.009141212959
0.00472531766
-0.004820716432
-0.0001031095835
-0.001391176069
0.002010350493
-0.00508823922
-0.0002682587843
0.00119474392
-0.002317661205
0.0002904024968
-0.0005586612811
-4.154475914e-05
0.01627513484
-0.01627486383
-3.356858847e-05
0.01193977585
-0.01194775202
0.007716318193
-0.007749886781
-0.0004027308646
0.009685314426
-0.01000246479
-0.0001511589882
0.005402136283
-0.005653708158
0.00189208872
-0.002043247708
-7.887558463e-05
0.0004369804938
0.0002115269121
-0.0004195787814
-0.0001532765604
2.465440769e-05
-0.01636227589
0.01637966219
1.329694771e-05
-0.01201175098
0.01202310844
-0.007801988856
0.007815285804
1.280742037e-05
-0.01641119133
6.830543508e-06
-0.01203971525
-0.007833800425
2.72906739e-05
-0.01634204633
1.516538882e-05
-0.01199962569
-0.007786823467
3.280995116e-05
0.0162908406
1.698842503e-05
0.01195559737
0.007733306618
-0.0005786409494
-0.0002838161936
-0.0004179405145
-0.01101781754
0.01072700068
-0.0001805631583
-0.006569565553
0.006332188198
-0.002678341533
0.002497778375
-0.0006493660244
-0.0002744560229
-0.000672613374
-0.0003187271519
-0.0008533478368
-0.006461902704
-0.0001874637908
-0.00298354525
-0.0007461250717
0.007771851291
-2.483488994e-05
-2.196450996e-05
0.0002026525439
0.0001206505981
-0.0006991208884
-0.01044422034
-0.000273758358
-0.006079070687
-0.002317006066
2.329625302e-05
0.01639643178
1.260799338e-05
0.0120337967
0.007827893798
1.182517514e-05
5.906626728e-06
4.099414939e-05
-0.01631735627
2.176992754e-05
-0.01198040147
-0.00776505354
5.655101702e-05
3.174692158e-05
-0.0004338898201
-0.0001807723088
-0.0007833424884
0.007244183346
-0.0002145991346
0.003420293908
0.000872967934
-0.0005635915218
-0.0001268428623
)
;

boundaryField
{
    topAndBottom
    {
        type            calculated;
        value           uniform 0;
    }
    inlet
    {
        type            calculated;
        value           nonuniform List<scalar> 0();
    }
    outlet
    {
        type            calculated;
        value           nonuniform List<scalar> 
30
(
0.9966017349
0.9964183511
0.9957844264
0.9947893296
0.2460876553
0.2449634107
0.2445072204
0.2427367003
0.2418953357
0.2373600524
0.2345652657
0.2284709944
0.2290611985
0.4968600645
0.4963728538
0.4957365326
0.4950736182
0.4941920644
0.2463980905
0.245739478
0.2453663098
0.2440016738
0.243427257
0.2408213489
0.2393691147
0.2310241262
0.2283971554
0.2291023706
0.2286823357
0.2466759276
)
;
    }
    wing
    {
        type            calculated;
        value           nonuniform List<scalar> 
70
(
0
2.710505431e-20
0
0
-2.710505431e-20
-2.710505431e-20
5.421010862e-20
2.710505431e-20
0
0
-2.710505431e-20
0
0
-2.710505431e-20
0
-2.710505431e-20
0
5.421010862e-20
-2.710505431e-20
0
0
-2.710505431e-20
2.710505431e-20
0
0
0
5.421010862e-20
0
-5.421010862e-20
0
2.710505431e-20
-5.421010862e-20
-2.710505431e-20
2.710505431e-20
-2.710505431e-20
0
0
0
0
2.710505431e-20
0
-2.710505431e-20
0
5.421010862e-20
0
0
-2.710505431e-20
0
-2.710505431e-20
0
0
0
5.421010862e-20
0
0
-5.421010862e-20
5.421010862e-20
0
2.710505431e-20
2.710505431e-20
5.421010862e-20
0
-5.421010862e-20
0
-2.710505431e-20
-2.710505431e-20
0
5.421010862e-20
-2.710505431e-20
0
)
;
    }
    front
    {
        type            empty;
        value           nonuniform List<scalar> 0();
    }
    back
    {
        type            empty;
        value           nonuniform List<scalar> 0();
    }
    procBoundary1to0
    {
        type            processor;
        value           nonuniform List<scalar> 
49
(
-0.925100824
-0.9243121915
-0.922865977
-0.9202817072
0.007937882325
-0.4574885319
-0.455068002
-0.4466535807
-0.002505991912
-0.05194115057
-0.05129142288
-0.02271316353
-0.2140353968
-0.106001587
-0.1041226227
-0.1055788016
-0.05147430533
-0.02704655013
-0.02647338638
-0.0511195667
-0.456336877
-0.4535554276
-0.1953085703
-0.1860193782
-0.180390526
-0.1810143154
-0.191953715
-0.1978953414
-0.0262840814
-0.02680239273
-0.05180033029
-0.1814744986
-0.1842869081
-0.1869827043
-0.1832683502
-0.2113989107
-0.2044976897
-0.1046321133
-0.10511034
-0.02562030481
-0.0258546894
-0.05164988248
-0.1064277998
-0.2027025309
-0.2110942911
-0.007780090143
-0.01627518818
8.238853076e-06
-0.0119506224
)
;
    }
    procBoundary1to3
    {
        type            processor;
        value           nonuniform List<scalar> 
136
(
-0.005593210328
-0.02417908278
-0.004913219574
-0.006385431439
-0.005606551984
-0.005448819565
-0.003627989923
-0.002447000792
0.0004436659416
-0.01309305395
0.0006160965221
-0.004979090139
-0.0030657163
-0.006295084517
0.0004535037867
-0.003730864384
-0.02451576964
-0.01528238108
-0.05902311717
-0.0336916364
-0.07158074393
-0.06516040481
-0.04769449793
-0.0690501336
-0.0114762972
-0.0366018056
-0.009890100584
-0.01105025556
-0.008588106949
-0.009543250808
-0.007496762315
-0.008295404031
-0.006572670743
-0.007250003419
-0.005788021179
-0.006366093574
-0.005119151083
-0.005611835996
-0.004546060392
-0.004966206906
-0.004056598176
-0.004415284182
-0.003639312492
-0.003945995449
-0.003287487104
-0.003546426636
-0.00299394779
-0.003209515949
-0.002751640292
-0.002928010754
-0.002556241469
-0.002698011312
-0.002405483769
-0.00251512998
-0.002296571765
-0.00237488879
-0.002226477824
-0.002274891247
-0.00219275188
-0.002214415469
-0.00438126824
-0.05057972515
-0.008669402598
-0.008195347652
0.05328872503
-0.00703831324
-0.006376173484
-0.006074605845
-0.01143169356
-0.01246195135
0.02447285001
-0.004902697809
-0.004936893017
-0.006293676316
-0.00578484483
-0.005407488988
-0.01581385431
-0.01330712662
-0.0514198719
-0.04280683549
-0.07167846826
-0.06949662013
-0.05696035574
-0.06416209503
-0.01296245391
-0.0240475166
-0.01025870421
-0.01064139022
-0.008890008415
-0.009210116986
-0.007750526786
-0.008018970992
-0.006790870786
-0.007016564701
-0.005974034125
-0.006164729637
-0.00527700898
-0.00543988011
-0.004679936514
-0.004821389989
-0.004170774184
-0.004291593845
-0.003737914086
-0.003838925053
-0.003370580397
-0.003455801216
-0.003061736685
-0.003134272636
-0.002806954794
-0.002866601323
-0.002601287298
-0.002648540813
-0.002439775497
-0.002475549322
-0.002320184487
-0.002345734914
-0.002239874608
-0.002256702576
-0.002198570112
-0.002205687667
0.01070635395
-0.009232093418
-0.01051653796
-0.009743600795
-0.007759130632
-0.00592490449
-0.005169239607
-0.00906044518
-0.008254972308
-0.007339589205
-0.01379231289
0.0002176715945
-0.00926348578
0.0002354967719
0.0001704896529
-0.004991206083
)
;
    }
}


// ************************************************************************* //
