/*--------------------------------*- C++ -*----------------------------------*\
| =========                 |                                                 |
| \\      /  F ield         | OpenFOAM: The Open Source CFD Toolbox           |
|  \\    /   O peration     | Version:  v2012                                 |
|   \\  /    A nd           | Website:  www.openfoam.com                      |
|    \\/     M anipulation  |                                                 |
\*---------------------------------------------------------------------------*/
FoamFile
{
    version     2.0;
    format      ascii;
    class       surfaceScalarField;
    location    "1.14";
    object      meshPhi;
}
// * * * * * * * * * * * * * * * * * * * * * * * * * * * * * * * * * * * * * //

dimensions      [0 3 -1 0 0 0 0];
oriented        oriented;


internalField   nonuniform List<scalar> 
6430
(
0
0
0
0
0
0
0
0
0
0
0
0
0
0
0
0
-7.423238013e-06
0
1.035089258e-05
5.485061196e-05
6.269978505e-05
-7.409479662e-05
-0.000284308001
8.000635552e-05
0.0004548459334
-0.0002130300753
-0.001122142323
0.0002141142908
0.001361316463
-0.0001352811714
-0.001996626375
0.000139664399
0.002147926306
5.411433756e-05
-0.002346242365
-5.34343119e-05
0.001171354787
0.001174207553
2.49662516e-05
-0.0005847531404
-2.480693351e-05
0.0005845938223
0
0
0
0
0
0
0
0
0
0
0
0
0
0
0
0
-1.140229895e-05
0
9.176234618e-06
7.428836953e-05
6.818220226e-05
-8.894160738e-05
-0.0003351806534
8.588116696e-05
0.0005241559333
-0.0002219125986
-0.001226162344
0.0002188670127
0.001471535445
-0.0001253250367
-0.002097001711
0.0001281849375
0.002239163962
5.633776288e-05
-0.002394244787
-5.633776285e-05
0.001195914177
0.00119833061
2.629752261e-05
-0.001195914177
-5.343734376e-05
2.713982115e-05
0.0005973076101
0.0005986065664
0
0
0
0
0
0
0
0
0
0
0
0
0
0
0
0
-5.478122501e-06
0
1.913012344e-06
3.431504577e-05
2.149566891e-05
-6.469938775e-05
-0.0002424626021
5.488385917e-05
0.0004094691536
-0.0001934397202
-0.001074927813
0.0001794914519
0.00131945755
-0.0001411377445
-0.001978504142
0.0001439094345
0.002144905736
3.992130596e-05
-0.002421588961
-2.496752737e-05
0.002442492007
5.343734376e-05
-0.002442380305
-0.0001102464341
0.002442380305
5.680909037e-05
0
0
0
0
0
0
0
0
0
0
0
0
0
0
0
0
-4.530392402e-08
0
0
1.887105008e-07
0
-2.457952931e-05
-8.247330967e-05
1.609045841e-05
0.0001862486742
-0.000124496919
-0.0006942944926
0.0001036777109
0.0009050469818
-0.0001362024767
-0.001542096348
0.000127147852
0.001729922505
-1.656531485e-05
-0.002149940712
2.6948837e-05
0.002237926953
9.435074157e-05
-0.002372396976
-8.186862291e-05
0.002384755796
0
0
0
0
0
0
0
0
0
0
0
0
0
0
0
0
0
0
0
0
0
-1.368578053e-06
-1.855465378e-07
2.085944312e-07
1.402973802e-05
-4.515726613e-05
-0.0002458943793
2.971745709e-05
0.0003757903592
-8.458766756e-05
-0.0008416684371
6.790885151e-05
0.001000910676
-4.148954238e-05
-0.00141435929
4.059639027e-05
0.001518793407
3.72993059e-05
-0.001709220031
-2.386053255e-05
0.0017309672
0
0
0
0
0
0
0
0
0
0
0
0
0
0
0
0
0
0
0
0
0
0
0
0
0
-2.810049376e-06
-6.259954853e-06
3.992456601e-07
2.917497405e-05
-2.350779763e-05
-0.0002043705641
1.3158127e-05
0.000284779988
-2.561697257e-05
-0.0005317996949
1.873407611e-05
0.0006034002552
-1.141844484e-06
-0.0007478400318
3.90265997e-06
0.00076748863
0
0
0
0
0
0
0
0
0
0
0
0
0
0
0
0
0
0
0
0
0
0
0
0
0
0
0
0
0
-5.958922561e-08
0
0
1.033824028e-06
-2.556565614e-06
-2.838711326e-05
3.921480667e-07
4.39933354e-05
-2.175698729e-06
-8.560537818e-05
7.972838532e-07
9.286295397e-05
0
0
0
0
0
0
0
0
0
0
0
0
0
0
0
0
0
0
0
0
0
0
0
0
0
0
0
0
0
0
0
0
0
0
0
0
0
0
0
0
0
0
0
0
0
0
0
0
0
0
0
0
0
0
0
0
0
0
0
0
0
0
0
0
0
0
0
0
0
0
0
0
0
0
0
0
0
0
0
0
0
0
0
0
0
0
0
0
0
0
0
0
0
0
0
0
0
0
0
0
0
0
0
0
0
0
0
0
0
0
0
0
0
0
0
0
0
0
0
0
0
0
0
0
0
0
0
0
0
0
0
0
0
0
0
0
0
0
0
0
0
0
0
0
0
0
0
0
0
0
0
0
0
0
0
0
0
0
0
0
0
0
0
0
0
0
0
0
0
0
0
0
0
0
0
0
0
0
0
0
0
0
0
0
0
0
0
0
0
0
0
0
0
0
0
0
0
0
0
0
0
0
0
0
0
0
0
0
0
0
0
0
0
0
0
0
0
0
0
0
0
0
0
0
0
0
0
0
0
0
0
0
0
0
0
0
0
0
0
0
0
0
0
0
0
0
0
0
0
0
0
0
0
0
0
0
0
0
0
0
0
0
0
0
0
0
0
0
0
0
0
0
0
0
0
0
0
0
0
0
0
0
0
0
0
0
0
0
0
0
0
0
0
0
0
0
0
0
0
0
0
0
0
0
0
0
0
0
0
0
0
0
0
0
0
0
0
0
0
0
0
0
0
0
0
0
0
0
0
0
0
0
0
0
0
0
0
0
0
0
0
0
0
0
0
0
0
0
0
0
0
0
0
0
0
0
0
0
0
0
0
0
0
0
0
0
0
0
0
0
0
0
0
0
0
0
0
0
0
0
0
0
0
0
0
0
0
0
0
0
0
0
0
0
0
0
0
0
0
0
0
0
0
0
0
0
0
0
0
0
0
0
0
0
0
0
0
0
0
0
0
0
0
0
0
0
0
0
0
0
0
0
0
0
0
0
0
0
0
0
0
0
0
0
0
0
0
0
0
0
0
0
0
0
0
0
0
0
0
0
0
0
0
0
0
0
0
0
0
0
0
0
0
0
0
0
0
0
0
0
0
0
0
0
0
0
0
0
0
0
0
0
0
0
0
0
0
0
0
0
0
0
0
0
0
0
0
0
0
0
0
0
0
0
0
0
0
0
0
0
0
0
0
0
0
0
0
0
0
0
0
0
0
0
0
0
0
0
0
0
0
0
0
0
0
0
0
0
0
0
0
0
0
0
0
0
0
0
0
0
0
0
0
0
0
0
0
0
0
0
0
0
0
0
0
0
0
0
0
0
0
0
0
0
0
0
0
0
0
0
0
0
0
0
0
0
0
0
0
0
0
0
0
0
0
0
0
0
0
0
0
0
0
0
0
0
0
0
0
0
0
0
0
0
0
0
0
0
0
0
0
0
0
0
0
0
0
0
0
0
0
0
0
0
0
0
0
0
0
0
0
0
0
0
0
0
0
0
0
0
0
0
0
0
0
0
0
0
0
0
0
0
0
0
0
0
0
0
0
0
0
0
0
0
0
0
0
0
0
0
0
0
0
-0.0005845573487
0.0005845614174
2.49621829e-05
-0.0005971188911
0.0005971188911
2.629752261e-05
-0.002334589009
5.38061344e-05
0.001165959486
0.001168937726
-4.756733775e-05
0.0005843074721
4.769774327e-05
-0.001168995226
-0.002355050155
5.841692579e-05
0.001160030784
0.001192940207
-5.00702609e-05
0.0005958213162
5.007026091e-05
-0.001192940207
0.0005866299393
-0.001171368527
-4.758189023e-05
-2.499100226e-05
-0.0005905105625
0.0005904561093
2.504545549e-05
-1.591497197e-05
0.0002925025397
1.698029711e-05
-0.0002935678649
1.832172959e-05
0.0002902772049
-0.0002908538352
-1.774509937e-05
-0.001216729199
0.001216729199
5.343734376e-05
0.0002916228725
1.86876952e-05
-0.0002919888381
-1.801207794e-05
0.0002908695189
1.876543158e-05
0.0006021614832
-3.046285088e-05
-0.0005992693547
1.317949342e-05
1.439122895e-05
0.000292628365
-0.0002933010575
-1.524227953e-05
-0.0005910242491
-2.4883422e-05
0.0005909166688
1.295592312e-05
-1.26109184e-05
0.0002922833603
-3.295374681e-05
0.0006023705942
1.451351653e-05
1.823111925e-05
-1.726235835e-05
0.0002895274854
1.371073383e-05
0.000291747729
-0.0002903278379
-1.993811463e-05
1.288005654e-05
0.0002929110284
-0.000293560993
-1.223009188e-05
2.744168637e-05
-0.0005880424261
-2.740057389e-05
0.0005880013136
-2.740568849e-05
-0.0005903964566
2.769329925e-05
0.0002949497687
0.0002951590771
2.770295819e-05
-0.0005844796042
-2.751748479e-05
0.0005842941308
-0.0005872435009
0.0005871714933
2.751369399e-05
0.0002916530699
1.366405659e-05
-0.00029243707
1.440392994e-05
0.0002906571412
-0.0002910488143
-1.401225679e-05
2.767730688e-05
-0.0005829743368
-2.761904202e-05
0.000582916072
-0.000584509513
0.0005845108592
2.7701612e-05
-0.0005817415644
0.0005817836791
2.763519223e-05
0.0002901486279
1.488169685e-05
-0.0002906263948
-1.430719648e-05
0.0002895402613
1.49155631e-05
-1.364640923e-05
0.0002899963539
-0.0005907937113
-2.715646312e-05
0.000295189957
0.0002953545289
-4.763574485e-06
-0.000656041807
1.860041258e-05
0.0003074454476
0.0003347595213
0.0003390019458
-2.814011471e-06
9.775539941e-06
-0.0003459634742
7.086138281e-05
-3.833182238e-06
0.0002719737452
-1.066250507e-05
1.049298295e-05
-0.0002951852709
1.467282296e-05
0.0002941628078
-0.0002947806199
-1.405501084e-05
-1.255746575e-05
0.0002907134248
1.349711084e-05
-9.020299697e-05
3.742746817e-05
-0.0002375523091
0.0002940183478
1.557458446e-05
-0.0002949201093
0.0002974094851
-0.000376311216
-1.130126607e-05
-1.144385172e-05
0.0002917974143
-1.77053632e-05
-1.347667595e-05
1.436694328e-05
-0.00242667233
0.002430040669
5.227575218e-05
-9.67710336e-05
-0.002429921368
0.001213192169
4.670077267e-05
5.007026093e-05
-0.001195914177
-5.007026092e-05
-5.343734376e-05
-0.001204834703
0.001204834703
5.343734376e-05
0.001204834703
-6.354607429e-05
6.354607432e-05
-0.001204834703
0.0005995603235
-0.0005984053722
-3.161780219e-05
0.0002996735199
1.629373584e-05
-0.0002983405775
-1.762667826e-05
1.495111209e-05
-0.0002960491603
-1.534143485e-05
0.000296439483
-1.523017715e-05
-0.0002949955472
0.0002947332086
1.549251579e-05
-3.301508928e-05
0.000599621666
-6.69165541e-05
0.001204834703
6.691655411e-05
-1.682149929e-05
-0.0002885463821
0.000287966841
1.740104042e-05
1.434109492e-05
-0.0002957874129
-1.718926086e-05
0.0002986355789
0.0004185974676
-0.0003395803665
-8.183111254e-05
-0.0005684476548
-2.972004664e-05
0.0003184007776
0.0002750033493
-0.0005971112338
-2.911996855e-05
0.0005965483621
2.968284021e-05
-0.0002949291811
-1.488536528e-05
0.0002945843692
-1.406988976e-05
-0.0002961877937
0.0002960295421
1.422814136e-05
0.0002939912599
-1.276884892e-05
1.363125763e-05
-0.0002948536686
-1.252718535e-05
-1.146321506e-05
1.176751649e-05
0.0002936869584
-8.511428592e-05
0.0002913176863
2.573424184e-05
-0.0002319376422
0.0005971502327
-3.615257686e-05
3.676103148e-05
-0.0005977586874
-0.0002856030814
-1.156464429e-05
0.0004894588504
-1.530749804e-05
-0.0002921779849
0.0002915320335
1.595344944e-05
8.871856081e-05
-3.529330421e-05
0.0002462482633
1.386253272e-05
-0.000293846951
-1.391984334e-05
0.0002939042616
-0.0002946522915
0.0002952575244
1.434587917e-05
0.0003006933181
1.347470084e-05
-0.0002978742831
0.000292323874
1.571609427e-05
-0.0002929907902
-1.504917807e-05
1.448076233e-05
-0.0002939763966
-1.435040782e-05
0.0002938460421
-0.0002933620267
0.000293152107
1.407245238e-05
-0.0002884324439
-1.622977063e-05
0.0002878407153
-0.000294729884
0.0002961168424
1.295413654e-05
0.0002950127019
-0.0002961162568
-1.166529396e-05
-0.0002966641708
-1.407792896e-05
0.00029667221
-1.806190626e-05
-0.0003345977196
0.0003369113881
1.57482378e-05
0.0002806633719
-7.01281417e-05
3.313172781e-05
-0.000243666958
0.0002956958073
-0.0003715301074
-9.279985834e-06
-9.590594415e-06
0.0002931400812
2.647670987e-05
-8.510172161e-05
0.0002936029217
-0.00023497791
-1.547935458e-05
0.0002936802039
1.31168369e-05
-1.131367583e-05
0.0002946311885
1.178070143e-05
-0.0002950982141
-1.472775926e-05
0.0002917441353
3.085751024e-05
-0.0004033310849
1.604545647e-05
0.0002955756282
-0.0002956077139
-1.601337078e-05
0.0002903468282
-2.789906508e-05
-0.0002359710532
0.0002959118143
1.753446523e-05
-0.0002974008231
0.0003793494908
1.006238809e-05
1.509444064e-05
-0.000291658862
-1.492159326e-05
0.0002914860147
-0.0002938722941
0.0002937658305
1.458722592e-05
1.644354466e-05
-0.0002929054353
1.536030799e-05
-0.0002940045907
-1.714313023e-05
1.461552157e-05
-0.0002922894943
-1.480322591e-05
0.0002924771986
-0.0002920866402
0.000292162412
1.501866883e-05
1.795006549e-05
-1.502499612e-05
0.0002879444495
-0.0002933015998
3.632101505e-05
0.0002749306503
1.884577846e-05
-0.0002933819467
-1.200859256e-05
-0.0002926306533
0.0002920283274
0.0002896600402
-1.668176788e-05
-0.0002902406307
1.400328995e-05
-1.355066815e-05
0.0002892074184
0.0002885057792
1.705505367e-05
-0.0002936931246
0.0002903488047
1.428977454e-05
-0.0002913468067
-1.427889945e-05
0.0002913359316
-0.0002920253144
0.0002922667335
1.437410249e-05
1.412173525e-05
-0.0002934913113
1.639264672e-05
-0.0002889150686
-1.591002202e-05
1.462194556e-05
-0.0002894704712
-1.453572954e-05
0.0002893842552
-0.0002911555286
0.0002910770921
1.436821104e-05
1.488108064e-05
-1.422515155e-05
0.0002888843322
-0.0002890498639
0.0002884654241
1.546552038e-05
-0.000289709178
1.557487719e-05
0.0002908509486
-1.30700423e-05
-0.0002914273155
1.346020112e-05
-1.241935898e-05
0.0002898101064
0.0002892314035
-0.0003121773105
0.0003108740598
1.107879059e-05
-1.507217423e-05
1.331631595e-05
-0.0003104214522
-2.017856409e-05
-0.0003408570844
0.0003001425813
2.731233084e-05
-0.0003274549121
7.64957849e-06
0.0002993912991
-0.0002940098002
-1.135165902e-05
-1.478097323e-05
0.0002949974259
-1.977887164e-05
0.0002820955186
1.834672495e-05
1.253196293e-05
-1.168521591e-05
0.0002898666778
-0.0002909514477
1.292539699e-05
0.0002905580136
1.414734335e-05
-0.0002916016802
8.492664323e-06
-0.0002500013084
2.622000529e-05
-0.0004025312212
0.0002902057386
-2.8347008e-05
-0.0002356387253
-1.622578033e-05
0.0002951302529
0.0002936749668
-1.027038377e-05
-0.0002948484347
1.081915621e-05
-6.05455111e-06
0.0002889103617
0.0002909313546
-1.678884186e-05
1.811341448e-05
-1.461063365e-05
-0.000288014876
0.0002878316304
-1.424644637e-05
-0.0002874666973
0.00028710251
-0.0003771307538
-2.257006548e-05
0.0003997008193
0.0002967883438
-0.0002951318262
8.965505105e-05
0.0002434543078
1.115987608e-05
-0.0003233759334
-1.864062775e-05
0.0003239546549
-1.347156022e-05
-0.000297487624
0.0002979524653
1.300671894e-05
0.0003096987046
-6.350546796e-06
-1.346090085e-06
-0.0003020020677
-0.0002942939185
0.0002934273099
1.449786621e-05
-1.427709716e-05
1.507669988e-05
-0.0002950935212
-1.350636013e-05
-0.0002956244056
0.0002931862338
-2.900268488e-05
0.0002893538496
-0.0002346169228
0.0003761596075
-0.0004051622924
-6.340830709e-06
0.000330837517
-1.479798167e-05
-2.577260254e-05
0.0003043404365
3.111904689e-05
-0.0003096868808
0.0002558706638
-0.000313601914
-1.239689146e-05
1.328123222e-05
-1.315759034e-05
0.0002914083916
-0.0002906138763
0.0002903444403
-0.0002913421947
-0.0002963772675
0.000278139017
-1.333734553e-05
1.351589997e-05
0.0002882868697
-1.309545498e-05
0.0002886424417
-1.385908491e-05
-0.0002873267789
0.0002869394175
-0.0002877459069
0.000287402722
1.124953634e-05
0.0002960271821
-0.0002926601264
0.0002914903038
-0.0002927760322
-6.810245974e-06
1.189960252e-05
0.0002864009472
0.0002666468707
-1.269419054e-05
0.0002888301391
0.0002890155184
-1.305061599e-05
-0.000296572001
0.0003006687833
-0.0003004030833
0.0003000822799
-0.0002725908681
1.329371694e-05
0.0002924288789
-7.521340959e-05
2.286524962e-05
-0.0002202427081
-1.873778633e-05
2.916719156e-05
-0.0004006972989
0.0002826413574
-0.0002306089162
0.0002866550885
0.000298141264
0.0002979552504
-6.897364488e-06
1.413741394e-05
0.0002969957015
-1.317786508e-05
1.318447574e-05
0.0002945558599
0.0002914576392
-0.0002920380551
1.304244636e-05
0.0002913405898
0.0002916289913
-0.0002422772956
2.690291496e-05
-8.62300129e-05
0.0002922936822
-0.0002329665842
-2.742509253e-05
0.000290335161
-0.0002360071536
8.359621742e-06
0.0002951716822
-0.0003744601289
0.0002965897378
-0.000402359194
0.0003758492161
-0.0004032743086
-0.0002926215942
0.0002939302791
-8.7508603e-05
-0.0002334599992
-9.060210037e-06
-2.414228813e-05
0.000403491779
-0.0002976528131
0.0002674559739
-0.0002978608088
-0.0002751190652
0.0004467797364
-7.439449333e-05
0.001109750151
0.0001963406458
-0.0001883356248
-0.0008734378266
0.001347757262
-0.0002113330227
0.001978172288
0.0001792703414
-0.0001788551552
-0.001791128978
0.002131415109
-0.0001354931764
-2.770133232e-05
2.582373444e-05
-0.00231327088
-0.0003247096701
0.0005071684763
-8.699317537e-05
0.00118681426
0.0002026655673
-0.0002014598298
-0.0009472865174
-0.0008717060353
0.000192799101
0.001426199135
-0.0002214328768
0.002045729035
0.0001732826463
-0.0001750743426
-0.001864975546
-0.001808163838
0.0001766600321
0.0021900865
-0.0001275548572
-3.729322982e-05
3.665617349e-05
-0.002346337567
-0.00232750202
-2.967508819e-05
-4.691783502e-05
-0.002365237353
0.001177166371
0.001181554505
-3.527110589e-05
0.001181289806
3.526497091e-05
-0.001181283671
3.523314954e-05
0.001171321517
-0.001171308895
-3.524577165e-05
-2.498122273e-05
-0.0005874030699
0.0005873543466
2.502994598e-05
-2.685424277e-05
2.691291727e-05
-0.0005873021754
2.699162175e-05
-0.0005844857793
-2.698544657e-05
-0.0002759713686
0.0004523075783
-7.343511359e-05
0.001136764284
0.0001701060448
-0.0001825459408
-0.0008922397318
-0.0009794295438
0.0001989417305
0.001383578829
-0.0002046805406
0.002034580461
0.0001760460724
-0.0001765585201
-0.001841938545
-0.001916440435
0.0001745019301
0.002192868529
-0.0001369497076
1.243385955e-06
1.267867925e-05
-0.0023897026
-0.002387619174
-3.354480891e-05
0.002406695437
-5.627135864e-05
-0.002406710365
-6.981404558e-05
0.001204834703
3.322159055e-05
3.659245499e-05
0.001201860734
3.6592455e-05
0.001195914177
-0.001195914177
-3.6592455e-05
-5.343734376e-05
-0.00119833061
0.0005987939041
0.0005995367059
-2.882449175e-05
0.0005995367059
2.882449176e-05
-0.0005995367059
2.882704418e-05
0.0005973050577
-0.0005973076101
-2.882449175e-05
-0.0001217456804
0.0002448968856
-3.423964869e-05
0.0008047332508
0.0001000844019
-0.0001195233437
-0.0005938202444
-0.0008348874612
0.0001551564022
0.001028208379
-0.0001445335634
0.001682399062
0.0001490505122
-0.0001602736753
-0.001475689569
-0.001780556777
0.0001735296879
0.001868250062
-0.0001419437407
0.002262536489
5.109067479e-05
-4.137667334e-05
-0.002159937686
-0.002367063054
1.5595967e-05
0.002337783853
-4.028775148e-06
0.00243857546
-7.232319423e-05
8.396842572e-05
-0.002421048883
-0.002442380305
-9.677103364e-05
0.002445930791
0.0001039197701
-5.409102931e-06
4.117113577e-05
-4.268687239e-06
0.0003498599394
2.977046833e-05
-4.46594439e-05
-0.0002175616948
-0.0004988302067
8.057425165e-05
0.0005039172097
-6.31406477e-05
0.001027552406
8.15811958e-05
-0.0001003710957
-0.0008498372456
-0.001337293368
0.0001349419242
0.001199620094
-0.00010063338
0.001631947057
5.898460295e-05
-6.174914846e-05
-0.001505624206
-0.002036063653
5.788439638e-05
0.001737499007
-3.958040672e-05
0.001924821635
-1.885355721e-05
3.143462762e-05
-0.00188371151
-0.0023458623
-5.910645704e-05
0.001945409371
5.218196467e-05
0
0
0
3.200458707e-05
5.562682732e-07
-3.166707772e-06
-6.092128373e-06
-0.0001390449564
1.771679923e-05
8.176265002e-05
-8.379473403e-06
0.0003344078798
1.833492217e-05
-3.07179376e-05
-0.000237531975
-0.0006801971062
6.309046555e-05
0.0004374007355
-3.651094292e-05
0.0007365468889
2.838406752e-05
-3.751792714e-05
-0.0006427119324
-0.001291377907
5.359325692e-05
0.0008198362169
-3.204754096e-05
0.000983304901
8.09134357e-06
-5.354230619e-06
-0.000944856
-0.001666669398
-8.211317564e-06
0.001004524511
4.316455861e-06
0
0
0
0
0
0
0
0
0
0
0
6.12874534e-06
0
-4.311378645e-07
-4.053434991e-07
-0.0001320873463
9.118606404e-06
1.853485189e-05
-1.513134474e-06
9.564727811e-05
1.888052596e-06
-5.852390782e-06
-6.600960098e-05
-0.0004525248651
1.959657809e-05
0.0001255569711
-6.58599938e-06
0.0001948552993
2.720522869e-06
-5.072393166e-06
-0.0001769602862
-0.0007132304087
8.524881332e-06
0.0002059108817
-3.653409824e-06
0
0
0
0
0
0
0
0
0
0
0
0
0
0
0
0
0
0
0
0
0
0
0
-1.522706119e-05
1.364483158e-07
0
0
0
0
0
0
-7.426222365e-05
8.885904988e-07
0
0
0
0
0
0
0
0
0
0
0
0
0
0
0
0
0
0
0
0
0
0
0
0
0
0
0
0
0
0
0
0
0
0
0
0
0
0
0
0
0
0
0
0
0
0
0
0
0
0
0
0
0
0
0
0
0
0
0
0
0
0
0
0
0
0
0
0
0
0
0
0
0
0
0
0
0
0
0
0
0
0
0
0
0
0
0
0
0
0
0
0
0
0
0
0
0
0
0
0
0
0
0
0
0
0
0
0
0
0
0
0
0
0
0
0
0
0
0
0
0
0
0
0
0
0
0
0
0
0
0
0
0
0
0
0
0
0
0
0
0
0
0
0
0
0
0
0
0
0
0
0
0
0
0
0
0
0
0
0
0
0
0
0
0
0
0
0
0
0
0
0
0
0
0
0
0
0
0
0
0
0
0
0
0
0
0
0
0
0
0
0
0
0
0
0
0
0
0
0
0
0
0
0
0
0
0
0
0
0
0
0
0
0
0
0
0
0
0
0
0
0
0
0
0
0
0
0
0
0
0
0
0
0
0
0
0
0
0
0
0
0
0
0
0
0
0
0
0
0
0
0
0
0
0
0
0
0
0
0
0
0
0
0
0
0
0
0
0
0
0
0
0
0
0
0
0
0
0
0
0
0
0
0
0
0
0
0
0
0
0
0
0
0
0
0
0
0
0
0
0
0
0
0
0
0
0
0
0
0
0
0
0
0
0
0
0
0
0
0
0
0
0
0
0
0
0
0
0
0
0
0
0
0
0
0
0
0
0
0
0
0
0
0
0
0
0
0
0
0
0
0
0
0
0
0
0
0
0
0
0
0
0
0
0
0
0
0
0
0
0
0
0
0
0
0
0
0
0
0
0
0
0
0
0
0
0
0
0
0
0
0
0
0
0
0
0
0
0
0
0
0
0
0
0
0
0
0
0
0
0
0
0
0
0
0
0
0
0
0
0
0
0
0
0
0
0
0
0
0
0
0
0
0
0
0
0
0
0
0
0
0
0
0
0
0
0
0
0
0
0
0
0
0
0
0
0
0
0
0
0
0
0
0
0
0
0
0
0
0
0
0
0
0
0
0
0
0
0
0
0
0
0
0
0
0
0
0
0
0
0
0
0
0
0
0
0
0
0
0
0
0
0
0
0
0
0
0
0
0
0
0
0
0
0
0
0
0
0
0
0
0
0
0
0
0
0
0
0
0
0
0
0
0
0
0
0
0
0
0
0
0
0
0
0
0
0
0
0
0
0
0
0
0
0
0
0
0
0
0
0
0
0
0
0
0
0
0
0
0
0
0
0
0
0
0
0
0
0
0
0
0
0
0
0
0
0
0
0
0
0
0
0
2.704693814e-05
-0.0005845648294
2.699117879e-05
-0.0005829239147
-2.70416009e-05
2.490061292e-05
-0.0005828674304
-2.495870072e-05
0.0005829255182
2.883222258e-05
-0.0005971164122
2.675108056e-05
-0.0005663536769
-2.884505845e-05
2.352453811e-05
-0.000563928529
-2.629752261e-05
0.0005667015135
-3.697664055e-05
3.699834012e-05
0.001169015534
3.516810371e-05
-0.001168950488
0.001159732154
-0.001159718836
-3.519447136e-05
-0.002322234785
0.001159708023
0.001162564353
0.0005798900719
-0.001159775195
-4.77432648e-05
-3.832981827e-05
0.001159747999
-3.842718587e-05
0.001169028723
3.841399653e-05
0.001192940207
3.659245499e-05
-0.001192940207
0.001191683639
-0.001191736867
-3.521787837e-05
-0.002418559803
0.001193660624
0.00123639827
4.751229579e-05
0.000593153817
-0.001191970883
-3.971947861e-05
3.846870472e-05
-3.869257805e-05
0.001191907512
-3.996194323e-05
0.001192940207
3.996194323e-05
-3.844098953e-05
0.001171335321
0.001181296541
3.846197011e-05
0.0005904890998
4.788350244e-05
-0.001181370869
-2.685567756e-05
2.69180759e-05
-0.0005904588549
-0.0005880391437
-2.685752515e-05
-0.000588031319
-2.498464008e-05
0.0005880347363
-0.0002943104778
1.759765035e-05
-1.727657204e-05
1.761635062e-05
-0.0002946502564
-1.65594526e-05
-0.0002942849843
-1.697336143e-05
1.735229339e-05
-0.0002912327671
0.0002908617465
-0.0002912861557
-1.654895228e-05
-1.712398354e-05
0.001216729199
-6.35460743e-05
6.35460743e-05
-0.001216729199
0.001207808672
-0.001207808672
-6.354607431e-05
-0.001207808672
-5.343734376e-05
0.001207808672
-6.69165541e-05
0.001207808672
-6.69165541e-05
0.001216729199
6.69165541e-05
-0.0005978774577
-3.64119355e-05
-0.00059953702
3.640664806e-05
-0.0002930887865
1.839453505e-05
-1.75127794e-05
1.721943985e-05
-0.000292795447
-0.0002921493242
-0.0002895422919
0.0002894693968
1.469484062e-05
1.680666066e-05
-0.0002889603961
-0.0005818039433
0.0005818034349
2.490112131e-05
2.705144778e-05
-0.0005818018334
0.0003087807177
-0.0003041836591
-1.09476054e-05
-0.0002982945681
-1.395172101e-05
0.0002987747289
-0.0005976371878
-3.023951118e-05
1.449030723e-05
1.411703703e-05
-1.582402013e-05
-0.0002940364899
0.0002933750666
-0.0002941223868
-0.0006517285257
0.0006527037308
2.254933299e-05
2.660600949e-05
-0.000655896736
-0.00059085668
-2.679270884e-05
0.0005995058364
-3.557631453e-05
1.84939444e-05
1.994712793e-05
0.0003020710954
-0.0003073151635
-2.052853448e-05
-1.315139528e-05
0.0003155912823
-1.312664742e-05
1.339329631e-05
-0.0002938276419
0.0002950465299
-0.0002947803887
-1.339278863e-05
-1.203199671e-05
0.0005884536193
-2.719454491e-05
-0.0005886596483
2.785376874e-05
-1.438109356e-05
0.000294251488
-1.392283533e-05
2.7745387e-05
0.0002942627444
-1.455189283e-05
1.46496522e-05
-0.0002950933066
-0.0002958021339
-1.462811998e-05
-0.0005907176676
0.0002956923019
0.0002955241201
0.0005867576241
-2.754151999e-05
-0.0005867335889
2.791815027e-05
-2.810496774e-05
0.0002930721475
2.878965156e-05
0.0002917637674
2.823797294e-05
0.0002933168807
-0.0005875591027
0.0002937157113
-0.0005875869287
-0.0002923254431
1.438781953e-05
-1.385080191e-05
1.433642837e-05
-0.0002928110696
-0.0002928945756
-1.427541248e-05
1.4415894e-05
-0.0002911892959
0.0002916166764
-0.0002916761646
-1.421592431e-05
-1.382289586e-05
0.0005837400067
-2.761558917e-05
-0.0005837434595
2.821808989e-05
-2.832410475e-05
0.0002918207071
2.817655335e-05
0.0002916108019
2.86197567e-05
0.0002925941139
-0.0005843780401
0.0002923841978
-0.0005842920173
0.0005796524732
-2.776274018e-05
-0.0005797720804
-2.857129908e-05
0.0002899148308
2.810527048e-05
0.0002906994334
-0.0005800104365
0.0002900739368
-0.0005801379845
-0.0002902511462
1.54236651e-05
-1.475212293e-05
1.499402776e-05
-0.0002904930511
-0.0002909626238
-2.674458631e-05
-0.000592874123
0.000296152761
0.0002963094852
-1.392021778e-05
1.402343004e-05
-0.0002962910059
-0.0002951582843
-1.432278969e-05
-1.611883505e-05
1.49537821e-05
-0.0003334326666
-0.0002966286781
-1.395571049e-05
-0.0006038965598
0.0002966321824
0.0002991202037
-0.0002892475687
1.108650476e-05
-1.272288832e-05
1.326618885e-05
-0.0002897908692
-0.0002831068498
-2.48013094e-05
-1.516389969e-05
1.493913974e-05
0.0002958400023
-1.400820049e-05
-1.279638463e-05
0.0002945813761
-0.0002955605972
1.65490409e-05
0.0002945861407
-1.519071264e-05
1.621985325e-05
-1.783429894e-05
-1.565343321e-05
6.981404555e-05
0.002429921368
-6.895302497e-05
-0.002418591314
0.002418591314
-0.002419389905
5.007026092e-05
-0.001207808672
-5.007026092e-05
-8.329141041e-05
3.996194324e-05
0.001207808672
0.001210782642
4.332946716e-05
-8.329141041e-05
-3.996194323e-05
0.001195914177
0.001204834703
3.996194323e-05
5.007026092e-05
-0.001204834703
5.680909036e-05
0.001204834703
-5.680909037e-05
-0.001201860734
0.001201860734
2.798459861e-05
-0.001201860734
-0.001201860734
3.219432874e-05
0.001201861018
3.13514609e-05
-6.01785786e-05
2.96667903e-05
3.051178829e-05
-6.017857861e-05
-2.966941623e-05
0.0005978545054
0.0005995367059
2.96667903e-05
0.0005995381292
3.219290551e-05
-0.0005995367059
-1.735085073e-05
-0.0002972424016
1.625267488e-05
0.0002964062955
-0.0002961407956
0.000295922364
-1.557692665e-05
-0.0002956868722
1.643663672e-05
-1.665506828e-05
1.563371814e-05
1.652376186e-05
-1.60755376e-05
-0.0002947815628
-0.0002948659737
-3.30366567e-05
0.0005995390419
3.303574394e-05
-3.556429806e-05
3.556521082e-05
-0.0005995379327
-0.0005984545724
-3.557546214e-05
7.028595412e-05
-7.028595412e-05
-0.001201861332
3.472194071e-05
3.387958335e-05
1.705879603e-05
-1.655865234e-05
-0.0002885377891
-0.0002890569037
-3.295761182e-05
-0.0003268013188
0.0002301673947
-0.0002575716583
-5.553348255e-06
0.0001046626576
4.367362453e-05
0.000594511992
-2.915862926e-05
-0.0005950734094
-2.896684406e-05
0.0002962802202
1.525688017e-05
1.445411173e-05
-0.0003223647352
-1.713003328e-05
2.942595619e-05
-3.051478185e-05
-0.0005963353173
0.0002984998613
-0.0005958111063
0.0002947395712
-1.458164212e-05
-0.0002950432943
1.552765829e-05
-1.491047396e-05
1.43562529e-05
-1.395111646e-05
-0.0002956477422
-0.000296001243
1.10185291e-05
-0.0005976446996
3.798209626e-05
0.0005964236348
-3.707399423e-05
2.256866584e-05
-0.0003021734721
2.110519631e-05
-3.532684515e-05
-1.969178911e-05
0.0002557835813
0.0003006808732
2.622822911e-05
1.016604859e-05
0.000103624114
0.0004703389011
-0.000299501647
-0.0002466453205
4.537348759e-05
-0.0001825786185
0.0002128487133
-7.564358243e-05
0.0002408609981
-0.0001681751797
0.0002944429082
-1.410000716e-05
1.361862056e-05
-1.395610102e-05
1.369524027e-05
1.468639724e-05
0.0002962048453
-0.00029449736
0.0002952276562
-0.0002964181047
-1.458323711e-05
-1.488506761e-05
-0.0002935447691
1.543904646e-05
0.0002926994136
-0.0002932480529
0.0002936012763
-1.423597279e-05
1.464828579e-05
-1.429506237e-05
1.494955882e-05
1.395277168e-05
-0.0002931533603
0.0002883251026
-0.000288979996
1.604471601e-05
0.0002997961109
-1.457106398e-05
-0.0002993029758
1.385090743e-05
-1.445787991e-05
1.620352686e-05
-2.014922317e-05
-0.0003086758053
-0.0003074986315
1.394265028e-05
0.000294978378
-1.524082432e-05
-0.000295573322
0.0002963381072
-0.0002956938969
0.0002946782137
-1.336399026e-05
-1.348382643e-05
-1.433276288e-05
0.0002941807725
0.0002947164427
0.0002916219512
-1.477977705e-05
1.589280657e-05
-1.555701099e-05
1.61460541e-05
1.525342387e-05
0.0002934619654
-0.0002928795964
0.0002925760093
-0.0002920226336
-1.599557661e-05
-1.638577676e-05
-0.0002930230512
1.540423724e-05
0.0002938804213
-0.0002930467583
0.000292590367
-1.500939517e-05
1.551069128e-05
-1.59670825e-05
1.496483875e-05
1.615914194e-05
-0.0002926033876
0.0002916136805
-1.428177809e-05
1.43019285e-05
-1.43644126e-05
1.444856423e-05
1.456634405e-05
0.0002926652282
-0.0002919130315
0.0002921149629
-0.0002924771928
-1.457815418e-05
-1.534660184e-05
-0.0002892051326
1.563666583e-05
0.0002894663529
-0.000289818927
0.000289938821
-1.440061382e-05
1.485690614e-05
-1.47370121e-05
1.503602868e-05
1.456303253e-05
-0.0002906670306
-1.301013681e-05
-0.0002944834898
0.0002940206888
-0.0002937646367
0.0002874592528
-1.558513752e-05
1.472688823e-05
-2.103227212e-05
1.563267497e-05
-1.664400617e-05
-0.0002951904664
0.0002680957767
-1.483435622e-05
-0.0002719020482
2.299588707e-05
-1.247176866e-05
9.990436929e-06
0.0002988830582
-1.092102976e-05
-0.0002944525829
0.0002919712511
-0.0002915197754
0.0003948363429
-5.101872501e-06
-8.220882081e-06
3.440212542e-05
0.0003187916459
-2.235625437e-05
-0.0004682056674
0.0003200291744
-0.0003086149277
0.0001053973795
0.0002343365951
-3.558469525e-05
4.699894187e-05
-2.647993013e-05
-9.147870223e-05
0.000168368953
0.000261369441
0
0
0
0
0
0
4.18785735e-05
4.941607505e-05
4.120899598e-05
-4.091848314e-05
-0.0001408715146
0
0
0
0
0
0
0
0
6.929345411e-05
7.209720144e-05
5.220290409e-05
-5.065737223e-05
-0.00017765858
-0.0001489822946
4.54151506e-05
0.0004826678546
8.388855658e-05
-0.0003048257495
-0.0001198864215
0.0001246511678
0.0006887682595
-0.0001125590361
0.0006533670097
0.001387783849
-0.001150730009
0.000218880942
-0.0002193256235
0.0002229904163
0.001616119871
-0.0002198996825
0.001593261302
0.002173503674
-0.002011180236
0.0001305997869
-7.961766521e-05
7.581801763e-05
0.002284726811
-8.165436313e-05
0.002260496846
0.0005867424528
-2.491944705e-05
2.563343763e-05
-2.563478263e-05
0.0005867437978
2.568617014e-05
0.0005845410898
0
0
0
0
0
0
0
0
5.889894216e-05
4.723311196e-05
3.485108284e-05
-4.097090075e-05
-0.0001391145271
-0.0001831095436
4.994749779e-05
0.0005106532554
8.0622474e-05
-0.000323363223
-0.0001265591298
0.0001201891655
0.0007277471687
-0.000130220237
0.000742016011
0.001459970647
-0.001212982009
0.0002131478138
-0.000222103788
0.0002181812924
0.001695524245
-0.0002240190519
0.001704963247
0.00223845287
-0.002092955992
0.0001323173473
-7.352754952e-05
8.018668596e-05
0.002340603825
-6.924735388e-05
0.002337246057
0
0
0
0
0
0
0
0
1.044130906e-05
2.971322128e-06
9.43352613e-06
-1.501088514e-05
-4.007492619e-05
-0.0001157420934
2.817439434e-05
0.0003590987785
4.453738655e-05
-0.0002041607959
-8.787035682e-05
7.425846935e-05
0.0005485663306
-0.0001004290359
0.0006098054164
0.001237602236
-0.0009975359891
0.0001630602765
-0.0001919452067
0.0001778573265
0.001474479115
-0.0002033181537
0.001557971687
0.002075319886
-0.001901024209
0.0001443949536
-0.0001046376421
0.0001105905682
0.002216737322
-9.686393933e-05
0.002275107873
0.002436378213
-0.002395273121
-1.005619254e-05
5.83715535e-05
-4.432241909e-05
0.002452392205
0.002442408019
0.002453704835
-0.002453612626
-0.0001099244613
0.0001237246529
-0.0001237246529
0.002453704835
0.002442380305
6.01785786e-05
0
0
0
0
0
0
0
0
0
0
1.990306284e-08
-5.873470797e-07
0
-1.99527362e-05
5.037527096e-06
0.000130494784
9.219766801e-06
-4.807498212e-05
-3.368684702e-05
2.245806854e-05
0.0002500552719
-4.648566261e-05
0.0003270231619
0.0007733819083
-0.0005785997057
8.293258335e-05
-0.0001220981889
0.0001010308655
0.0009777694503
-0.000142428396
0.001122276172
0.001569252698
-0.001382938191
0.0001150936705
-0.0001104463533
0.0001035964034
0.00173714409
-0.0001139026795
0.00189565166
0.002101964047
-0.002004632398
3.47115262e-05
3.926297273e-06
6.947977265e-06
0.002175926754
1.650032818e-05
0.002302184158
0.002277733381
-0.002261696229
-6.743339966e-05
0.0001012120823
-8.645889785e-05
0.002277823372
0.0001129949221
0.002384778745
0
0
0
0
0
0
0
0
0
0
0
0
0
0
0
2.023837667e-06
0
0
-2.293314395e-06
4.398630903e-07
2.321022011e-05
-6.528375225e-06
6.041874816e-05
0.0002594641005
-0.0001554356059
1.735633784e-05
-4.249369191e-05
2.736950997e-05
0.0003820977175
-6.031894655e-05
0.0005227185359
0.0008028881893
-0.0006597619934
5.157213995e-05
-6.791534614e-05
5.368712394e-05
0.0009414903927
-8.157950508e-05
0.001152365213
0.001287208888
-0.001187055474
3.726665573e-05
-2.514330582e-05
2.591571395e-05
0.001369229707
-2.173662375e-05
0.001603140324
0.001496620137
-0.001474369416
-1.269507718e-05
3.759979304e-05
-2.396020187e-05
0.001498699942
5.330783867e-05
0.001732236071
0
0
0
0
0
0
0
0
0
0
0
0
0
0
0
0
0
0
0
0
0
0
0
4.867753197e-06
0
0
-2.05951023e-06
1.870325472e-07
2.226407867e-05
-7.040669015e-06
7.231513258e-05
0.0001610311185
-0.0001037985648
5.801399107e-06
-1.658747736e-05
8.426077648e-06
0.0002240604732
-2.723080695e-05
0.0003689052611
0.0004108237833
-0.0003523591465
1.215862202e-05
-1.63809473e-05
1.13723766e-05
0.0004617083737
-2.095500959e-05
0.0006645827883
0.0005500175051
-0.0005326260046
4.49638229e-06
5.759981973e-07
1.666782711e-06
0.0005545206802
5.34859914e-06
0.0007717933522
0
0
0
0
0
0
0
0
0
0
0
0
0
0
0
0
0
0
0
0
0
0
0
0
0
0
0
0
0
0
0
0
0
0
0
0
0
-4.053856612e-07
6.321987431e-06
7.140506926e-06
-2.866251713e-06
0
-6.612144885e-07
3.902207612e-11
1.213873066e-05
-2.950136248e-06
5.989954196e-05
2.551265719e-05
-2.219863811e-05
5.512279291e-08
-6.016177963e-07
5.293153349e-08
2.675641756e-05
-1.470721865e-06
9.540289256e-05
0
0
0
0
0
0
0
0
0
0
0
0
0
0
0
0
0
0
0
0
0
0
0
0
0
0
0
0
0
0
0
0
0
0
0
0
0
0
0
0
0
0
0
0
0
0
0
0
0
0
0
0
0
0
0
0
0
0
0
0
0
0
0
0
0
0
0
0
0
0
0
0
0
0
0
0
0
0
0
0
0
0
0
0
0
0
0
0
0
0
0
0
0
0
0
0
0
0
0
0
0
0
0
0
0
0
0
0
0
0
0
0
0
0
0
0
0
0
0
0
0
0
0
0
0
0
0
0
0
0
0
0
0
0
0
0
0
0
0
0
0
0
0
0
0
0
0
0
0
0
0
0
0
0
0
0
0
0
0
0
0
0
0
0
0
0
0
0
0
0
0
0
0
0
0
0
0
0
0
0
0
0
0
0
0
0
0
0
0
0
0
0
0
0
0
0
0
0
0
0
0
0
0
0
0
0
0
0
0
0
0
0
0
0
0
0
0
0
0
0
0
0
0
0
0
0
0
0
0
0
0
0
0
0
0
0
0
0
0
0
0
0
0
0
0
0
0
0
0
0
0
0
0
0
0
0
0
0
0
0
0
0
0
0
0
0
0
0
0
0
0
0
0
0
0
0
0
0
0
0
0
0
0
0
0
0
0
0
0
0
0
0
0
0
0
0
0
0
0
0
0
0
0
0
0
0
0
0
0
0
0
0
0
0
0
0
0
0
0
0
0
0
0
0
0
0
0
0
0
0
0
0
0
0
0
0
0
0
0
0
0
0
0
0
0
0
0
0
0
0
0
0
0
0
0
0
0
0
0
0
0
0
0
0
0
0
0
0
0
0
0
0
0
0
0
0
0
0
0
0
0
0
0
0
0
0
0
0
0
0
0
0
0
0
0
0
0
0
0
0
0
0
0
0
0
0
0
0
0
0
0
0
0
0
0
0
0
0
0
0
0
0
0
0
0
0
0
0
0
0
0
0
0
0
0
0
0
0
0
0
0
0
0
0
0
0
0
0
0
0
0
0
0
0
0
0
0
0
0
0
0
0
0
0
0
0
0
0
0
0
0
0
0
0
0
0
0
0
0
0
0
0
0
0
0
0
0
0
0
0
0
0
0
0
0
0
0
0
0
0
0
0
0
0
0
0
0
0
0
0
0
0
0
0
0
0
0
0
0
0
0
0
0
0
0
0
0
0
0
0
0
0
0
0
0
0
0
0
0
0
0
0
0
0
0
0
0
0
0
0
0
0
0
0
0
0
0
0
0
0
0
0
0
0
0
0
0
0
0
0
0
0
0
0
0
0
0
0
0
0
0
0
0
0
0
0
0
0
0
0
0
0
0
0
0
0
0
0
0
0
0
0
0
0
0
0
0
0
0
0
0
0
0
0
0
0
0
0
0
0
0
0
0
0
0
0
0
0
0
0
0
0
0
0
0
0
0
0
0
0
0
0
0
0
0
0
0
0
0
0
0
0
0
0
0
0
0
0
0
0
0
0
0
0
0
0
0
0
0
0
0
0
0
0
0
0
0
0
0
0
0
0
0
0
0
0
0
0
0
0
0
0
0
0
0
0
0
0
0
0
0
0
0
0
0
0
0
0
0
0
0
0
0
0
0
0
0
0
0
0
0
0
0
0
0
0
0
0
0
0
0
0
0
0
0
0
0
0
0
0
0
0
0
0
0
0
0
0
0
0
0
0
0
0
0
0
0
0
0
0
0
0
0
0
0
0
0
0
0
0
0
0
0
0
0
0
0
0
0
0
0
0
0
0
0
0
0
0
0
0
0
0
0
0
0
0
0
0
0
0
0
0
0
0
0
0
0
0
0
0
0
0
0
0
0
0
0
0
0
0
0
0
0
0
0
0
0
0
0
0
0
0
0
0
0
0
0
0
0
0
0
0
0
0
0
0
0
0
0
0
0
0
0
0
0
0
0
0
0
0
0
0
0
0
0
0
0
0
0
0
0
0
0
0
0
0
0
0
0
0
0
0
0
0
0
0
0
0
0
0
0
0
0
0
0
0
0
0
0
0
0
0
0
0
0
0
0
0
0
0
0
0
0
0
0
0
0
0
0
0
0
0
0
0
0
0
0
0
0
0
0
0
2.568439276e-05
0.0005845631948
-0.0005843071046
0.0005843041561
2.568734132e-05
2.496255041e-05
2.714222655e-05
0.0005971164857
-0.0005958213162
0.0005958213162
2.714222654e-05
2.629752261e-05
-0.001166315597
0.0005837152337
4.743067601e-05
-4.473166776e-05
4.459980824e-05
-0.001166183737
-4.474025614e-05
-0.001168986638
-0.001162359719
0.0005950785144
5.342293684e-05
-4.670077268e-05
4.76006309e-05
-0.001163259578
-4.670077268e-05
-0.001192940207
-4.47584814e-05
-0.001171350302
0.001174325936
-0.001174310509
-4.47739082e-05
0.0005874830048
-4.814202885e-05
2.564908409e-05
-2.564934338e-05
0.0005904563686
-0.000590601717
0.0005906594853
2.559131582e-05
2.493283825e-05
0.0005798358199
-2.495107753e-05
-2.573691059e-05
0.0005798376672
0.0005928237906
-2.455339555e-05
2.559439495e-05
-2.559702101e-05
0.0005928264166
0.0005908617204
1.528260174e-05
-4.670077268e-05
-0.001195914177
0.00119833061
-0.00119833061
-4.670077267e-05
-5.007026092e-05
-3.0793298e-05
-0.0005978515854
0.0005986058754
-0.0005980477125
-3.13514609e-05
0.0005991761397
-3.218806652e-05
0.0005991925815
-3.303153102e-05
3.444295309e-05
-3.388139208e-05
0.0005986310204
0.0005984883046
-1.169397746e-05
-1.008359885e-05
-0.0003003207919
0.0002167828111
-0.0002167003614
-0.0001138624647
0.0006489623959
-0.0004186706777
0.0006276151896
-0.000254700289
-0.0008472086059
0.001079932263
0.0001538805874
0.0001513240172
-0.0002184831321
0.001578106906
-0.001316291038
0.001546546243
-0.001761157396
0.001950931285
0.0002074581481
0.0002085297059
-8.262991606e-05
0.002244680866
-0.002107929214
0.002225208129
-0.002297687179
2.661376459e-05
2.502770742e-05
-0.0001282205547
0.0007175785175
-0.0005073148123
0.0007206637126
-0.0003227561519
-0.0009540034874
-0.0001981188762
0.001197734652
0.0001684798344
-0.0001648155183
0.0001702215082
0.0001595029369
0.0009145317295
-0.0002243958859
0.001655475462
-0.001441911274
0.001676509969
-0.001891832405
-0.0001766398889
0.002079156729
0.0002086218691
-0.0002085674178
0.0002074271832
0.0002065847897
0.001826712903
-7.156727641e-05
0.002291779012
-0.002230643214
0.002339930602
-0.002402664722
3.157026373e-05
1.382811227e-05
-1.913403581e-05
1.178135406e-05
2.257594331e-05
0.002349293754
2.56384187e-05
0.0005873579845
-2.564205654e-05
-0.0005875935037
0.0005875971398
-0.0005875959751
2.692196359e-05
-2.63417347e-05
2.634289942e-05
-2.628592566e-05
-2.628962534e-05
2.634493577e-05
0.0005867970719
-0.0001113577405
0.0006607200457
-0.0004864915506
0.0007004887586
-0.0003033793385
-0.0009361450565
-0.0001922109301
0.001183174786
0.0001496422509
-0.0001593852588
0.0001373676936
0.0001663056385
0.0009652995006
-0.0002120027184
0.001621990901
-0.001430741187
0.001668068413
-0.001885017561
-0.0001757990186
0.002072640728
0.0002025004424
-0.0002054911649
0.000197521931
0.0002069883918
0.001909518758
-8.833198803e-05
0.002311985924
-0.002223716362
0.002333155042
-0.002398333704
2.500866321e-05
3.647845111e-05
-2.5641201e-05
4.841860605e-05
1.708586638e-05
0.002396273584
-2.79845986e-05
2.79845986e-05
0.0005986065664
-2.79845986e-05
0.0005986065664
-2.882449175e-05
-6.023313086e-05
0.000404502701
-0.0003035349664
0.0004794702238
-0.0001632132322
-0.0006835650174
-0.0001381130319
0.0009070394406
8.999378758e-05
-0.000106960314
7.279391088e-05
0.0001229622122
0.0007644919232
-0.0001612171246
0.001254888027
-0.00114027682
0.001373447467
-0.00159713117
-0.0001684018573
0.001802931061
0.0001668629212
-0.0001799132965
0.0001511149815
0.000190097637
0.001698472039
-0.0001138698454
0.002028346304
-0.001984070375
0.00213583335
-0.002255867002
-2.928750501e-05
0.002344331759
7.91428999e-05
-7.080446332e-05
8.453796375e-05
6.024320189e-05
0.002323178795
3.017017034e-05
0.002389091746
-0.002403814141
0.002439012473
-0.002456139988
9.344463324e-05
0.002461965863
-5.961828196e-05
7.206702422e-05
-4.638651414e-05
-8.238991273e-05
0.002453322395
0.0001207507835
0.002445759465
-0.002462602418
0.002462112623
-0.0001356499399
0.0001372025082
-0.0001287995503
-0.0001372025082
7.028595411e-05
-1.329326239e-05
0.0001130419781
-8.106443456e-05
0.0001775241964
-2.146638704e-05
-0.0003065451712
-6.183290759e-05
0.0004623974993
2.727583482e-05
-4.07229682e-05
1.63139597e-05
5.611765858e-05
0.0004016137518
-8.012417357e-05
0.000672950629
-0.0006382371871
0.0008265512869
-0.001019632666
-0.0001184660254
0.001210063688
9.316977444e-05
-0.0001134982115
7.307701008e-05
0.0001330975541
0.00118353448
-9.375390788e-05
0.001360459019
-0.001391203548
0.001557552641
-0.001704995196
-6.145140621e-05
0.001830919486
8.036213344e-05
-8.511327455e-05
7.276612142e-05
8.656687914e-05
0.001882919435
-1.562072395e-05
0.001821428463
-0.001934136502
0.00201464817
-0.002073305722
4.516292208e-05
0.002111371659
-8.497450868e-06
2.00998851e-05
1.186525333e-06
-3.297172032e-05
0.002228425745
7.002841461e-05
0.001946051223
-0.002130090258
0.002130346631
-8.446186625e-05
0.0001019524621
-6.624484518e-05
-0.0001171959049
0
0
0
4.431718491e-06
0
-2.982593902e-05
-8.822398257e-06
8.277872038e-05
5.764895775e-07
-2.980573345e-06
0
8.180017012e-06
7.52385226e-05
-1.546885161e-05
0.0001517200204
-0.0001598160874
0.0002565083406
-0.000367776921
-4.585201273e-05
0.0004881924761
2.332622017e-05
-3.736747501e-05
1.252737217e-05
5.418788818e-05
0.0005175385902
-3.983960237e-05
0.000541670732
-0.0006123058254
0.0007349346517
-0.0008513983968
-4.6188861e-05
0.0009577073261
4.020594593e-05
-5.184525941e-05
2.894014001e-05
6.299259451e-05
0.001070834315
-2.43526694e-05
0.0008899262575
-0.001050646173
0.001127783377
-0.001187432523
5.62201642e-08
0.001228550495
1.518043628e-05
-1.31333294e-05
1.490840107e-05
8.476100799e-06
0.001431836871
1.310970355e-05
0.001008273038
-0.001250625631
0.001253581049
-2.044488999e-05
3.320316785e-05
-1.08923152e-05
-4.875612788e-05
0
0
0
0
0
0
0
0
0
0
0
0
0
0
0
0
2.501555984e-06
-1.352509153e-05
-3.199664679e-06
3.683101693e-05
2.7524013e-08
-1.171023332e-06
0
5.17340132e-06
5.628071763e-05
-3.029567973e-06
3.934391826e-05
-7.100747058e-05
0.0001126739032
-0.0001584176973
-1.18860539e-05
0.0002049679602
4.588575752e-06
-1.057637417e-05
1.096068458e-06
1.884722258e-05
0.0002890356686
-6.677862865e-06
0.0001533343912
-0.0002493352553
0.0002889183141
-0.0003215850166
-7.266657687e-06
0.0003457115881
6.137628667e-06
-9.660396978e-06
3.001515102e-06
1.283915083e-05
0.000502843006
-2.079925237e-06
0.0002095021955
-0.0003601974276
0.0003644637918
5.436112749e-07
9.386302448e-07
7.192730695e-07
-4.526294781e-06
0
0
0
0
0
0
0
0
0
0
0
0
0
0
0
0
0
0
0
0
0
0
0
0
0
0
0
0
0
0
0
0
0
0
0
1.431921069e-08
3.059753035e-07
0
0
0
1.249739815e-09
-4.213510455e-07
-3.641952478e-08
1.195182267e-06
0
-1.110078607e-08
0
8.427597511e-07
1.741469698e-05
0
0
-1.862903418e-06
2.138444034e-06
0
-3.413805766e-08
0
3.528817355e-07
0
0
0
0
0
0
0
0
0
0
0
0
0
0
0
0
0
0
0
0
0
0
0
0
0
0
0
0
0
0
0
0
0
0
0
0
0
0
0
0
0
0
0
0
0
0
0
0
0
0
0
0
0
0
0
0
0
0
0
0
0
0
0
0
0
0
0
0
0
0
0
0
0
0
0
0
0
0
0
0
0
0
0
0
0
0
0
0
0
0
0
0
0
0
0
0
0
0
0
0
0
0
0
0
0
0
0
0
0
0
0
0
0
0
0
0
0
0
0
0
0
0
0
0
0
0
0
0
0
0
0
0
0
0
0
0
0
0
0
0
0
0
0
0
0
0
0
0
0
0
0
0
0
0
0
0
0
0
0
0
0
0
0
0
0
0
0
0
0
0
0
0
0
0
0
0
0
0
0
0
0
0
0
0
0
0
0
0
0
0
0
0
0
0
0
0
0
0
0
0
0
0
0
0
0
0
0
0
0
0
0
0
0
0
0
0
0
0
0
0
0
0
0
0
0
0
0
0
0
0
0
0
0
0
0
0
0
0
0
0
0
0
0
0
0
0
0
0
0
0
0
0
0
0
0
0
0
0
0
0
0
0
0
0
0
0
0
0
0
0
0
0
0
0
0
0
0
0
0
0
0
0
0
0
0
0
0
0
0
0
0
0
0
0
0
0
0
0
0
0
0
0
0
0
0
0
0
0
0
0
0
0
0
0
0
0
0
0
0
0
0
0
0
0
0
0
0
0
0
0
0
0
0
0
0
0
0
0
0
0
0
0
0
0
0
0
0
0
0
0
0
0
0
0
0
0
0
0
0
0
0
0
0
0
0
0
0
0
0
0
0
0
0
0
0
0
0
0
0
0
0
0
0
0
0
0
0
0
0
0
0
0
0
0
0
0
0
0
0
0
0
0
0
0
0
0
0
0
0
0
0
0
0
0
0
0
0
0
0
0
0
0
0
0
0
0
0
0
0
0
0
0
0
0
0
0
0
0
0
0
0
0
0
0
0
0
0
0
0
0
0
0
0
0
0
0
0
0
0
0
0
0
0
0
0
0
0
0
0
0
0
0
0
0
0
0
0
0
0
0
0
0
0
0
0
0
0
0
0
0
0
0
0
0
0
0
0
0
0
0
0
0
0
0
0
0
0
0
0
0
0
0
0
0
0
0
0
0
0
0
0
0
0
0
0
0
0
0
0
0
0
0
0
0
0
0
0
0
0
0
0
0
0
0
0
0
0
0
0
0
0
0
0
0
0
0
0
0
0
0
0
0
0
0
0
0
0
0
0
0
0
0
0
0
0
0
0
0
0
0
0
0
0
0
0
0
0
0
0
0
0
0
0
0
0
0
0
0
0
0
0
0
0
0
0
0
0
0
0
0
0
0
0
0
0
0
0
0
0
0
0
0
0
0
0
0
0
0
0
0
0
0
0
0
0
0
0
0
0
0
0
0
0
0
0
0
0
0
0
0
0
0
0
0
0
0
0
0
0
0
0
0
0
0
0
0
0
0
0
0
0
0
0
0
0
0
0
0
0
0
0
0
0
0
0
0
0
0
0
0
0
0
0
0
0
0
0
0
0
0
0
0
0
0
0
0
0
0
0
0
0
0
0
0
0
0
0
0
0
0
0
0
0
0
0
0
0
0
0
0
0
0
0
0
0
0
0
0
0
0
0
0
0
0
0
0
0
0
0
0
0
0
0
0
0
0
0
0
0
0
0
0
0
0
0
0
0
0
0
0
0
0
0
0
0
0
0
0
0
0
0
0
0
0
0
0
0
0
0
0
0
0
0
0
0
0
0
0
0
0
0
0
0
0
0
0
0
0
0
0
0
0
0
0
0
0
0
0
0
0
0
0
0
0
0
0
0
0
0
0
0
0
0
0
0
0
0
0
0
0
0
0
0
0
0
0
0
0
0
0
0
0
0
0
0
0
0
0
0
0
0
0
0
0
0
0
0
0
0
0
0
0
0
0
0
0
0
0
0
0
0
0
0
0
0
0
0
0
0
0
0
0
0
0
0
0
0
0
0
0
0
0
0
0
0
0
0
0
0
0
0
0
0
0
0
0
0
0
0
0
0
0
0
0
0
0
0
0
0
0
0
0
0
0
0
0
0
0
0
0
0
0
0
0
0
0
0
0
0
0
0
0
0
0
0
0
0
0
0
0
0
0
0
0
-0.000584246544
2.700146488e-05
-2.634330114e-05
2.640091318e-05
-2.634032297e-05
-0.0005829272225
2.634363075e-05
0.0005837835956
-0.0005837230053
0.0005837190834
2.568341935e-05
2.5681715e-05
-0.0005958188373
2.88399535e-05
-2.798467213e-05
2.798715104e-05
-2.798715104e-05
-0.0005667451023
2.837857642e-05
0.0005950785144
-0.0005950785144
0.0005950785144
2.714222655e-05
2.709863778e-05
-3.758587439e-05
-4.469232173e-05
-0.00115976323
0.001162473893
-0.001162566406
0.0005803573607
0.00116254983
-3.839754233e-05
-0.001162482106
4.155039146e-05
-4.156696778e-05
4.164104743e-05
-4.15989622e-05
-0.001166109658
-0.001166093203
-4.469170268e-05
-0.001192076768
4.479758784e-05
0.001243705881
-0.001240796953
0.0006056808136
0.001239256391
-3.992911606e-05
-0.001238019853
4.187399167e-05
-4.341455353e-05
4.170473555e-05
4.332946715e-05
-4.332946715e-05
-0.001163344664
-0.001163311837
0.001174294474
-3.845391835e-05
-0.001174281546
4.161394317e-05
-4.162997797e-05
4.164055352e-05
0.001181360723
-0.001177080364
0.00117709094
-0.001177072313
-0.001177104473
0.0005888146278
-4.478744146e-05
-0.0005906599671
2.686037543e-05
-2.623552768e-05
2.623504584e-05
-2.623801399e-05
-2.628691225e-05
-0.0005880381571
0.000588656798
-0.0005887086645
0.000588762826
2.564547736e-05
-6.01785786e-05
-0.001207808672
0.001210782641
-0.001210782642
-6.017857861e-05
0.001210782642
-6.354607431e-05
0.001210782641
-5.343734377e-05
-0.001210782642
5.680909036e-05
-5.680909036e-05
0.001210782642
-6.69165541e-05
7.028595411e-05
-7.028595412e-05
-0.0005986122193
-3.640788957e-05
1.520412767e-05
0.0002893012978
-0.0002898288244
0.0002897202639
-0.0002895068533
-1.597756759e-05
2.562834808e-05
0.0005818568019
-0.0005803074045
0.0005801988419
-0.0005801980407
2.711150395e-05
-2.639859917e-05
2.639940044e-05
0.0005797781842
-1.150321845e-05
-0.0003009013227
0.000301784136
-0.000300107861
0.0003052277595
0.0002990384476
1.304762362e-05
2.568464972e-05
0.0006541177189
-0.000603676751
0.0006037643797
-0.0006041307729
2.684022265e-05
-2.659955937e-05
2.623316615e-05
-2.62329736e-05
0.0005928266092
-2.13517074e-05
-0.0003124433862
0.0003027548787
-0.0003056126417
0.0003065898808
1.920835834e-05
-0.000294879266
1.466294455e-05
-1.40900922e-05
1.416059491e-05
-1.402432169e-05
-1.403266733e-05
0.0002956520476
-0.0002961234576
1.41456447e-05
-1.382925603e-05
1.385855935e-05
-1.381077675e-05
-1.399264891e-05
0.0002952204393
-0.0003068167467
1.427189737e-05
-1.304515687e-05
1.367385774e-05
-1.171830219e-05
-1.380727244e-05
0.000298986789
0.00119833061
-0.00119833061
-3.996194324e-05
4.332946716e-05
-4.332946715e-05
-0.001201860734
-4.670077267e-05
-0.001201860734
-4.670077269e-05
-0.001204834703
0.0005986065664
-2.966941624e-05
3.051186181e-05
-2.995300793e-05
3.051178829e-05
0.0005995367059
-0.0005987912782
0.0005993500585
-0.0005987939041
-0.0005993500585
0.0005993548975
-3.13514609e-05
3.387982389e-05
0.0005995388014
-0.0005993591105
0.0005993575423
-0.0005993540457
3.612346804e-05
0.0005987957884
-3.472280935e-05
3.472630596e-05
-3.529311296e-05
0.0005980642134
-1.568225973e-05
0.0002745779698
0.0002588787918
-1.720113982e-05
6.118121682e-05
-1.900278643e-05
2.228442254e-05
-0.0002433636844
5.680909035e-05
0.001216729199
-0.001213192169
0.001213192169
-0.001177063371
3.525602928e-05
-3.18881232e-05
3.199112323e-05
-3.161728909e-05
-3.192738784e-05
3.19732793e-05
0.001174271288
-3.322159056e-05
3.322159057e-05
0.00119833061
-0.0005987939041
-2.798459861e-05
-0.00116607836
3.515325985e-05
-3.196051742e-05
3.184164409e-05
-3.188267982e-05
0.001162523317
-0.001162820732
3.610135075e-05
-3.322159057e-05
3.043164248e-05
-2.969353155e-05
0.001237136381
-0.001213192169
0.001213192169
-6.017857859e-05
7.028595411e-05
-0.001213192169
-4.670077269e-05
0.001210782641
4.332946717e-05
-0.001201860734
-0.0001272695374
1.70802648e-05
1.753106459e-05
-0.0001746879908
-4.823591988e-05
2.350552573e-05
-2.194293452e-05
2.434519534e-05
2.003616172e-05
0.0001627635012
-0.0001588859385
-4.611889609e-05
1.752407642e-05
-2.059917467e-05
1.399625371e-05
2.294264321e-05
0.000173815775
-6.425422511e-05
-2.140526743e-05
3.980425929e-06
-6.891769958e-06
1.877983791e-06
1.033799685e-05
9.014998793e-05
-6.631934179e-07
-2.07977809e-06
0
-7.566676527e-08
0
6.684941841e-07
6.254860321e-06
0
0
0
0
0
0
0
0
0
0
0
0
0
0
0
0
0
0
0
0
0
0
0
0
0
0
0
0
0
0
0
0
0
0
0
0
0
0
0
0
0
0
0
0
0
0
0
0
0
0
0
0
0
0
0
0
0
0
0
0
0
0
0
0
0
0
0
0
0
0
0
0
0
0
0
0
0
0
0
0
0
0
0
0
0
0
0
0
0
0
0
0
0
0
0
0
0
0
0
0
0
0
0
0
0
0
0
0
0
0
0
0
0
0
0
0
0
0
0
0
0
0
0
0
0
0
0
0
0
0
0
0
0
0
0
0
0
0
0
0.0002917471687
-2.688813162e-05
2.688869191e-05
0.0002918018487
-2.074943294e-05
2.069475293e-05
-1.596372282e-05
1.596419357e-05
0.0002925024384
-2.71072097e-05
0.0002927217131
-2.09687077e-05
-1.612852514e-05
-0.0002366399492
7.556874359e-05
-7.648110349e-05
-0.0002360514361
5.811400434e-05
-5.870251742e-05
4.462865201e-05
-4.516525959e-05
0.0002665910406
-1.767528848e-05
2.305799303e-05
0.0002625078546
-1.367741631e-05
1.776060233e-05
-1.052818454e-05
1.368838643e-05
0.0002454291386
-2.661421334e-05
2.743333807e-05
0.0002448286975
-2.05304813e-05
2.113092233e-05
-1.579977762e-05
1.629144318e-05
0.0004446836155
1.342253014e-05
1.057755413e-05
0.0002935598178
-2.719582313e-05
2.73229638e-05
0.0002934362357
-2.095164906e-05
2.10752311e-05
-1.617035644e-05
1.629073501e-05
-0.000232222282
8.191215297e-05
-8.162751313e-05
-0.0002323392813
6.289639765e-05
-6.277939837e-05
4.833689084e-05
-4.822139438e-05
-0.0002342117589
7.471441641e-05
-7.535565005e-05
-0.0002336219172
5.73643464e-05
-5.795418807e-05
4.414861829e-05
-4.446815563e-05
0.0002932648318
-2.732057366e-05
0.000293410552
-2.109736926e-05
-1.627737097e-05
0.0002879982938
2.493283452e-05
-2.498667884e-05
0.0002880524051
1.922837158e-05
-1.928248284e-05
1.482376472e-05
-1.493223867e-05
0.0002748766136
2.498687116e-05
0.0002748222837
1.928270149e-05
1.487780005e-05
0.0002892649321
-2.574583172e-05
0.0002898614319
-1.987898268e-05
-1.531142692e-05
0.0002900202884
-2.655870166e-05
0.0002906164016
-2.047509595e-05
-1.574488344e-05
0.0002909502797
2.628721697e-05
0.0002913325746
2.031245806e-05
1.569103762e-05
0.0002925755492
-2.76544315e-05
0.0002929035024
-2.129666092e-05
-1.645651664e-05
-0.0004020448886
-7.423284839e-05
-0.0004016176292
-5.704458916e-05
5.661732971e-05
-4.382693917e-05
4.350697643e-05
0.0002903016493
2.574498579e-05
-2.617995721e-05
0.0002907372113
1.982376674e-05
-2.02593288e-05
1.525657619e-05
-1.558315532e-05
0.0002908846407
2.541835869e-05
0.0002911023025
1.960610494e-05
1.509327174e-05
-0.0002501077777
7.56752129e-05
-0.0002502145844
5.822081111e-05
4.468156386e-05
0.0002910948289
-2.634343148e-05
0.0002911487565
-2.03132564e-05
-1.569206926e-05
0.0002889651461
-2.639821597e-05
0.0002889651941
-2.031330433e-05
-1.569183346e-05
-0.0002356378974
-7.755243518e-05
7.755160725e-05
-0.0002356920709
-5.955998507e-05
5.961415854e-05
-4.580831352e-05
4.58077607e-05
0.0002962709967
2.617829547e-05
0.000293829509
2.020208999e-05
1.555660355e-05
0.0002434000267
2.504115225e-05
0.0002434003135
1.928241462e-05
1.487779841e-05
0.0003997011209
2.50408507e-05
0.0003997010947
1.928244082e-05
1.493174768e-05
0.0002908655474
2.639563652e-05
-2.585279232e-05
0.0002904314144
2.042073008e-05
-1.998659708e-05
1.569053368e-05
-1.54192682e-05
0.0002901813752
0.0002901270093
0.0002778120206
0.0002775939974
0.0002928547661
0.0002926333363
-0.00040349166
-8.153603476e-05
7.986540241e-05
-0.0004021980993
-6.268338556e-05
6.138982487e-05
-4.817697989e-05
4.715266755e-05
-0.0002342408046
-0.0002340277925
-0.0002369597746
-0.0002366400173
0.0002913033411
-2.552714213e-05
0.0002910316424
-1.971489838e-05
-1.520208346e-05
0.0002912318064
0.0002911230129
-0.0002425989641
7.599688144e-05
-0.0002428132933
5.843514025e-05
4.489651017e-05
0.0002680557966
-2.699803865e-05
0.0002686013699
-2.08588776e-05
-1.607373314e-05
-0.0002333527239
-7.765971046e-05
-0.0002332452098
-5.966749919e-05
-4.586167328e-05
0.0002969989858
0.0002961037065
-0.0002367133178
-5.640325491e-05
-4.340103411e-05
4.323986795e-05
-0.0002334214062
-0.0003505912479
-4.931698619e-05
7.245332198e-05
-0.0003683886462
-3.78709663e-05
5.56683646e-05
-2.914389984e-05
4.276767045e-05
0.0002875327623
-2.428859907e-05
2.385834682e-05
0.0002879090476
-1.87994794e-05
1.842319413e-05
-1.444804111e-05
1.417911318e-05
-0.0002358095894
-7.911062249e-05
7.894915863e-05
-0.0002357021353
-6.079663439e-05
6.068918027e-05
-4.677628732e-05
4.661333032e-05
-0.0002222406098
-3.312252233e-05
-2.5763194e-05
-0.0002342231301
-0.0002336299396
0.0002887760276
2.520275004e-05
-2.514863861e-05
0.0002887222007
1.944439733e-05
-1.939057038e-05
1.503998342e-05
-1.498559431e-05
0.0002665926611
2.509506028e-05
0.0002665384276
1.933667432e-05
1.493173952e-05
0.0002885886693
2.525652235e-05
0.0002885346028
1.949846384e-05
1.503966476e-05
0.0002876386489
-2.498783051e-05
0.0002881226095
-1.928343996e-05
-1.482432638e-05
-0.0004026898535
-0.0004022089013
-0.0002356857464
7.846599565e-05
-7.878740276e-05
-0.0002353627772
6.025864943e-05
-6.05816187e-05
4.629095066e-05
-4.656033799e-05
-0.0004024680234
-0.0004018768732
-0.0004014607175
-0.0004005490764
-0.0002269427589
7.915337278e-05
-0.0002321125122
6.083811787e-05
4.678998511e-05
-1.417938524e-05
0.00028788529
0.0002879392333
0.0004039270784
0.0004041991231
-0.0004023046381
7.889460274e-05
-0.0004022503759
6.063491801e-05
4.661394905e-05
0.000288961632
-2.50947522e-05
0.0002889619033
-1.939084166e-05
-1.498589482e-05
0.0002864012553
0.000286347088
0.0002882865319
2.525686013e-05
0.0002882867945
1.949820128e-05
1.503968503e-05
0.0002876717516
0.0002878865129
-0.0002328593842
-0.0002328060849
-0.0004011299291
-8.119488291e-05
-0.0004014827659
-6.242656165e-05
-4.799752405e-05
-0.0002326504264
-0.0002342388701
)
;

boundaryField
{
    topAndBottom
    {
        type            calculated;
        value           uniform 0;
    }
    inlet
    {
        type            calculated;
        value           nonuniform List<scalar> 0();
    }
    outlet
    {
        type            calculated;
        value           uniform 0;
    }
    wing
    {
        type            calculated;
        value           nonuniform List<scalar> 
70
(
-8.816730617e-05
0.000291801378
0.0002928865155
-0.0002355148285
0.0002593476527
0.000244337032
0.0004235778768
0.0002933158572
-0.0002324547777
-0.0002333023798
0.0002935175665
0.0002881608791
0.0002747682484
0.0002902406201
0.0002910498581
0.0002916057305
0.0002932314939
-0.0004012976664
0.0002910637904
0.000291265607
-0.0002502674963
0.0002912576705
0.0002889649583
-0.000235691518
0.0002919612919
0.0002434003152
0.0003996471454
0.0002901601489
0.0002900726596
0.0002774852574
0.0002924675547
-0.000401173787
-0.0002338678816
-0.0002363183382
0.0002908144577
0.0002910142012
-0.0002430282396
0.0002689832695
-0.0002331918501
0.0002953829391
6.76737088e-05
-0.0002365521517
-0.0002333154639
-0.0003820124168
0.0002881779755
-0.0002355391783
-0.0002256213157
-0.0002332535594
0.0002886678116
0.0002665384358
0.0002885349215
0.0002884988947
-0.0004017805467
-0.0002350933898
-0.0004014475958
-0.0004008475265
-0.0003999065752
-0.0002361348268
0.0002876950057
0.0002879389612
0.0004044168331
-0.0004022509946
0.0002889622038
0.0002862929327
0.0002882867742
0.0002881018716
-0.0002327524739
-0.0004017066362
-0.0002354464091
-0.0001345292988
)
;
    }
    front
    {
        type            empty;
        value           nonuniform List<scalar> 0();
    }
    back
    {
        type            empty;
        value           nonuniform List<scalar> 0();
    }
    procBoundary1to0
    {
        type            processor;
        value           nonuniform List<scalar> 
49
(
0
0
0
0
0
0
0
-5.127950427e-06
0.0005797357854
2.500532957e-05
2.788234743e-05
1.479387928e-05
5.376854338e-05
3.518115331e-05
4.789260227e-05
3.831397341e-05
2.711760772e-05
1.792015508e-05
1.758170909e-05
2.876664957e-05
0
0
-6.690635228e-05
-0.0001122058479
-0.0002082692264
-0.0002168310034
-0.0001378098342
-8.543558124e-05
1.619097819e-05
1.725661021e-05
2.573506321e-05
-0.0001841849277
-0.0001491497221
-0.0001800510324
-0.0002073636634
2.355077657e-05
-2.941493745e-05
4.468035647e-05
4.153516065e-05
1.478084702e-05
1.531268819e-05
2.645888347e-05
3.187186694e-05
-3.535457332e-05
-1.373245279e-05
1.41790923e-05
2.380468722e-05
-0.0002876947128
1.836925081e-05
)
;
    }
    procBoundary1to3
    {
        type            processor;
        value           nonuniform List<scalar> 
136
(
0.0002904137268
1.985222567e-05
0.000295354793
0.0002951767336
0.0002931280805
0.0002932133172
0.0002886540469
0.0002865052206
0.0002348529925
0.0003724735746
0.0004025784901
0.0002940477834
0.0002789361122
0.0002945872417
0.0002374413426
0.0002816274701
0.002438459897
0.002442380305
0.001927102548
0.002372779538
0.0009947527281
0.00171338517
0.0002054806534
0.0007608633349
0
9.303143476e-05
0
0
0
0
0
0
0
0
0
0
0
0
0
0
0
0
0
0
0
0
0
0
0
0
0
0
0
0
0
0
0
0
0
0
0.0003088422808
3.70046781e-05
0.0005971285332
0.0005973127526
-3.640665541e-05
0.0005995370273
0.0002952591886
0.0002944402196
0.001204834703
0.001201861048
-9.77493354e-06
0.000293387593
0.0002937555345
0.0002942093947
0.0002936704823
0.0002937481682
0.002460214515
0.002453704835
0.002112473374
0.002262274549
0.001237696805
0.001480942683
0.0003584333476
0.0005461475948
1.918423606e-06
2.572138185e-05
0
0
0
0
0
0
0
0
0
0
0
0
0
0
0
0
0
0
0
0
0
0
0
0
0
0
0
0
0
0
0
0
0
0
0.0004709200974
0.0005958361006
0.001207808672
0.001210782642
0.0005986081734
0.0002943456112
0.0002940027654
0.001213192169
0.001216729199
0.0005987945469
7.369924694e-05
0.0002368735148
5.62430579e-05
0.000233635481
0.0004010596296
4.302776487e-05
)
;
    }
}


// ************************************************************************* //
