/*--------------------------------*- C++ -*----------------------------------*\
| =========                 |                                                 |
| \\      /  F ield         | OpenFOAM: The Open Source CFD Toolbox           |
|  \\    /   O peration     | Version:  v2012                                 |
|   \\  /    A nd           | Website:  www.openfoam.com                      |
|    \\/     M anipulation  |                                                 |
\*---------------------------------------------------------------------------*/
FoamFile
{
    version     2.0;
    format      ascii;
    class       surfaceScalarField;
    location    "2.27";
    object      meshPhi;
}
// * * * * * * * * * * * * * * * * * * * * * * * * * * * * * * * * * * * * * //

dimensions      [0 3 -1 0 0 0 0];
oriented        oriented;


internalField   nonuniform List<scalar> 
5999
(
0
0
0
0
0
0
0
0
0
0
0
0
0
0
0
0
0
0
0
0
0
0
0
0
0
0
0
0
0
0
0
0
0
0
0
0
0
0
0
0
0
0
0
0
0
0
0
0
0
0
0
0
0
0
0
0
0
0
0
0
0
0
0
0
0
0
0
0
0
0
0
-2.291584737e-09
-8.697004498e-08
0
0
0
0
0
0
0
0
0
0
0
0
0
0
0
0
0
0
0
0
0
0
0
0
0
0
0
0
0
1.052435846e-08
1.446460763e-06
-9.768238735e-07
-9.162408125e-06
3.816969734e-06
8.122926781e-05
-8.881876844e-06
-0.0001148838939
4.702581462e-06
0.0002126301083
-7.822131178e-06
-0.0002378940815
0
0
0
0
0
0
0
0
0
0
0
0
0
0
0
0
0
0
0
0
0
0
0
0
0
5.148685696e-07
3.12256467e-06
-2.689931853e-06
-2.234125577e-05
1.965327526e-05
0.0001955248067
-3.092405302e-05
-0.0002796017822
3.400439269e-05
0.0005586000214
-4.425076034e-05
-0.0006491515458
1.702835214e-05
0.0008752107561
-1.885986341e-05
-0.0009287393918
0
0
0
0
0
0
0
0
0
0
0
0
0
0
0
0
0
0
0
0
0
0
0
-1.711872725e-07
-1.192663536e-06
2.329696361e-05
0.0001455148638
-3.534582385e-05
-0.0002492167099
7.428994255e-05
0.0006600320307
-9.005531436e-05
-0.000813134395
7.341955014e-05
0.001253156406
-8.121048494e-05
-0.001380419405
1.847002115e-05
0.001670082018
-1.661312897e-05
-0.001732813396
0
0
0
0
0
0
0
0
0
0
0
0
0
0
0
0
0
0
0
0
0
5.445358696e-06
1.711434801e-05
-9.044162393e-06
-7.387875049e-05
7.493673534e-05
0.0004473483678
-8.858070744e-05
-0.0006212915525
0.0001492158932
0.001220963542
-0.0001524785241
-0.00142387758
9.928636754e-05
0.001903009204
-0.000117512934
-0.002005383424
1.013473944e-05
0.002213310371
-1.156932811e-05
-0.002240888128
0
0
0
0
0
0
0
0
0
0
0
0
0
0
0
0
0
0
-1.508562514e-07
-1.274926824e-08
-4.845309651e-07
2.13452745e-05
8.632338273e-05
-2.603790821e-05
-0.0001942903816
0.0001271921738
0.0007166044015
-0.0001324630958
-0.0009464582178
0.0001676450094
0.001621398273
-0.0001735806551
-0.00182016986
0.0001166370718
0.002262155063
-9.595140328e-05
-0.002352739558
4.430127077e-05
0.00243306274
-7.472168948e-05
-2.403897641e-05
-0.001172923103
-0.001205680242
0
0
0
0
0
0
0
0
0
0
0
0
0
0
0
0
6.298121492e-07
0
-1.337708136e-06
-4.460811212e-06
-6.821250399e-06
3.587972983e-05
0.0001453614889
-3.708094225e-05
-0.0002843699686
0.0001519785623
0.0009011816875
-0.0001542985391
-0.001144800639
0.0001793463485
0.001851237101
-0.0001783198898
-0.002047852842
7.895059243e-05
0.002411239326
-7.468367981e-05
-0.002438724661
7.929175998e-06
0.001234353362
-9.916529833e-06
-0.001232366008
0
0
0
0
0
0
0
0
0
0
0
0
0
0
0
0
1.725181348e-06
0
-2.176386469e-06
-1.226418762e-05
-1.383630613e-05
4.316044024e-05
0.000182914006
-4.446735508e-05
-0.0003369862633
0.0001623648791
0.0009922219683
-0.0001639680064
-0.001244503507
0.0001784830403
0.001958264306
-0.0001785462063
-0.00214861263
6.992178266e-05
0.002467480311
-6.942041022e-05
-0.002478221489
3.034377567e-06
0.001238163593
-3.033156212e-06
-0.001238164814
0
0
0
0
0
0
0
0
0
0
0
0
0
0
0
0
2.622680825e-06
0
-3.236846263e-06
-1.869966298e-05
-2.084963716e-05
4.771709291e-05
0.0002086817147
-4.903327079e-05
-0.0003726582571
0.0001680268185
0.001053837308
-0.0001696084647
-0.001312246958
0.0001788994733
0.002033232412
-0.0001790030549
-0.002221874814
6.849902029e-05
0.002524122072
-6.832013895e-05
-0.002530123363
2.896827061e-06
0.00126256843
-3.304506167e-06
-0.0006303604995
-0.0006318002514
0
0
0
0
0
0
0
0
0
0
0
0
0
0
0
0
3.904728964e-06
0
-4.67418542e-06
-2.807301718e-05
-3.080885633e-05
5.315056574e-05
0.0002404845431
-5.4600289e-05
-0.0004157785734
0.0001743636572
0.001125896316
-0.0001759930462
-0.00139093095
0.0001792259436
0.002118957076
-0.0001792719472
-0.002305228666
6.751365296e-05
0.002587651016
-6.731277389e-05
-0.002590061328
3.099211652e-06
0.001292978627
-3.213951502e-06
-0.0006459151541
-0.0006469487336
0
0
0
0
0
0
0
0
0
5.615803731e-06
0
-4.08230177e-05
-4.224659068e-05
5.933419225e-05
0.0002777154037
-6.118407869e-05
-0.0004649624576
0.0001810950785
0.001204075391
-0.0001830230834
-0.001475164748
0.0001793101383
0.002207059415
-0.0001792734573
-0.002389637821
6.681975395e-05
0.002647819043
-6.692790329e-05
-0.002647915663
3.472596499e-06
0.001322084365
-3.464865686e-06
-0.0006603436073
-0.0006617484882
0.001236372605
-0.001236430026
3.091798663e-06
0.001258979186
2.608441995e-06
-0.0006292408701
-0.0006294499306
0.001289204889
2.924961282e-06
-0.0006442084749
-0.000644822164
0.001318063867
3.235274577e-06
-0.0006585182362
-0.0006593083088
0.001230456847
-0.001229929904
7.402233723e-06
0.002508707285
-0.002515753225
6.870654567e-05
-7.03125653e-06
6.977596531e-06
0.001259032846
7.118302594e-06
0.001238046795
-7.001504171e-06
0.002572437733
-0.002575622513
6.773440385e-05
-7.104748944e-06
7.051346936e-06
0.001289258291
0.001262622052
-7.084879032e-06
-3.176811909e-06
0.001275117846
3.121302014e-06
-0.0006369556473
-0.0006381066889
4.963563001e-06
-0.000319206441
-4.942818569e-06
0.0006381133569
-0.0003189276604
-5.065990808e-06
-0.0003145959533
0.0006301251336
4.826847185e-06
-0.0003152900367
0.00263235949
-0.002632931003
6.678038614e-05
-7.283268439e-06
7.231210314e-06
0.001318115925
0.00129297148
-7.097601932e-06
-2.832165327e-06
0.001304003119
3.081626464e-06
-0.0006517601458
-0.0006524924345
2.697428504e-06
-0.0003263152583
-2.767195011e-06
0.0003263850248
-4.662757541e-06
-0.0003227764208
0.0006459150586
4.717776441e-06
-0.0003231936568
0.00132213678
-7.335684152e-06
-2.224589376e-06
0.0006673499395
-0.0006674142518
2.28890169e-06
4.122688385e-06
-0.000334379612
-3.781547364e-06
0.000334038471
-3.410498973e-06
-0.0003295002647
0.0003296439523
3.266811356e-06
-6.034893819e-06
0.0006140672495
5.544303236e-06
-0.0003063064869
-0.000307270172
6.476333433e-06
0.0006181653075
-6.400960947e-06
-0.0003094435661
-0.0003087971139
0.0006207396831
5.598045922e-06
-6.881862254e-06
-0.0006194558667
0.0006148752635
-0.0006153473826
-5.562774719e-06
-0.0003142492315
-5.361966427e-06
0.0006292152437
-0.0003146700366
-0.0006238750283
-5.115041449e-06
0.0006239346835
5.055386211e-06
2.852708825e-06
0.001249534776
-2.907662274e-06
-0.001249479823
-6.230576635e-06
5.816596477e-06
-0.0003116987874
-0.0003117622607
3.018157036e-06
-0.0003142472218
-3.020166711e-06
0.000618277606
6.188645524e-06
-0.000308805149
-0.000309184769
0.0006235960114
-6.124249118e-06
-0.0003119368744
-0.0003117654645
-0.000322369903
-4.913119687e-06
0.0006446397981
-0.000322019533
-0.000319737861
0.000639558508
5.208863982e-06
-0.000320065948
0.001279250338
-2.875659045e-06
-0.0006394368699
-0.0006401146214
-3.239513337e-06
3.306045856e-06
-0.0003198043936
2.658540172e-06
-0.0003223001919
-2.728251285e-06
2.954835671e-06
-0.000314532632
-0.0003193501957
-3.095758616e-06
-0.000329278759
-3.489118792e-06
0.0003293573788
-0.0003264830124
0.0003264930455
2.687395408e-06
0.001306684002
-3.250006723e-06
-0.0006529809723
-0.0006532851879
-3.164208039e-06
2.961823489e-06
-0.0003262806278
4.257355112e-06
-0.000329061431
-4.474683133e-06
2.653131844e-06
-0.0003227710124
-0.0003262344605
-3.245005838e-06
-0.0003339836171
0.0003341141516
3.992153869e-06
-0.0006680803625
-4.982448224e-06
4.771347718e-06
-0.0003337725165
3.973999584e-06
-0.0003292169091
-0.0003346024589
-4.759601352e-06
0.002453576222
-0.002466741537
7.103948941e-05
7.233900073e-06
0.001236257007
1.15993322e-05
0.00123263986
-9.885830085e-06
-4.514395464e-06
0.001229704138
-0.001229603564
4.413821096e-06
4.775215435e-06
-4.69301835e-06
0.0006147930664
-1.437040546e-06
0.0006225393678
-3.626442245e-07
0.001246571465
-0.001246690032
2.971275563e-06
-5.118818538e-06
0.0006235997885
-5.084511709e-06
0.0006182779417
5.08417597e-06
-5.080533618e-06
0.0006181613294
0.0006140978074
4.744657513e-06
0.001225796004
-3.714142343e-06
-0.001226596257
-3.524152816e-06
0.0003079324065
4.146630983e-06
-0.0003085548846
0.0003205303596
7.513477061e-06
-3.141704971e-06
-0.0003249021317
0.0003105288892
9.492690226e-07
-0.0003109954909
-4.826673967e-07
0.001269730125
1.679585065e-05
-2.697460826e-05
-1.096061537e-05
-0.0006189336685
-0.0006296570835
0.0006143825706
-0.0006270737459
1.828922121e-05
-0.0003318827511
-2.063441625e-06
0.0003320257119
1.920480911e-06
-1.599579426e-06
0.0006639384368
1.538179306e-06
-0.0006638770367
1.541224624e-06
0.000667295641
-0.0006673585428
-1.478322769e-06
0.0003148768957
-7.59900333e-07
8.144137606e-05
-0.0003955583714
0.0003064200812
-3.755122355e-06
-0.0003061891116
5.751138979e-06
0.0006161711934
-5.987133235e-06
-0.0003073976709
-0.0003085375282
4.212847899e-06
-4.773755089e-06
0.0003069809884
-4.330673178e-06
0.0003118727234
7.334845506e-06
8.10333321e-06
-2.644600176e-05
0.0003095636842
-0.0002912210156
0.0003083195052
3.825749188e-06
0.0006176119245
6.428849469e-06
-0.0003093970121
-0.0003088926228
4.107404731e-06
0.000623168815
-0.0006235902135
-3.686006244e-06
3.042951022e-06
-3.395662636e-06
0.0003108816008
1.450742135e-05
0.0003107021212
-4.679182894e-06
-0.0003113709871
-3.206623084e-06
0.000310246937
-0.0003102362487
0.0003103132964
2.965903342e-06
0.0006190258008
4.516808989e-06
-0.0006194352051
2.905270616e-06
-0.0003121922503
-0.0003109253431
-1.205544311e-06
3.084676207e-06
0.0003133679026
-0.0003134363555
-3.016223288e-06
-3.88505793e-06
0.000311147979
3.860795706e-06
-0.0003111237167
0.0003137158191
3.088354682e-06
-0.0003137194975
6.38562657e-06
0.0006211998212
-6.108913143e-06
-0.0003105692319
-0.0003109073028
4.420610907e-06
-4.384146915e-06
0.0003102271962
-0.0003102636602
0.0003083071368
5.189479552e-06
-0.0003053932832
-4.02295035e-06
0.0003111517821
-0.0003110138897
0.0003101741974
4.339125642e-06
-0.0003100927122
0.0006213111674
6.318088114e-06
-0.0003107398621
-0.0003105037668
3.032354493e-06
0.0003207761643
-0.0003207109603
-3.097558491e-06
0.0003211909037
3.020197786e-06
-0.000321178747
2.809158844e-06
0.0003171301467
-0.000317067044
-2.872261567e-06
0.0003174169604
2.805891738e-06
-0.0003174136933
2.307969051e-06
0.0003284726378
-0.000328479793
-2.300813861e-06
0.0003288514117
2.59346072e-06
-0.0003291369034
3.823839037e-06
0.0003247624457
-0.0003249112159
-3.67506879e-06
0.0003248571694
3.830208023e-06
-0.0003248635384
0.0006680855662
-0.0006680859334
2.095412839e-06
0.0003317728063
-0.0003314870246
-2.381194606e-06
1.812318871e-06
-0.0003315996572
2.654426057e-05
0.0006406382064
-2.21981369e-05
0.0003254158581
-0.000325548414
7.646033013e-06
-3.052549976e-06
0.0003248539249
3.055794481e-06
-1.902112711e-06
0.000649933217
1.841944187e-06
-0.0006498730485
1.842108827e-06
0.0006525550305
-0.0006525551144
-1.842024892e-06
-1.901225934e-06
0.0006459166059
1.901381495e-06
-0.0006459167615
0.0006489588341
-0.0006489591665
-1.901780303e-06
-2.91876757e-06
0.0003246286633
-1.72389053e-06
0.0006603459058
1.662309967e-06
-0.0006602843252
0.0006637029332
-0.0006637025321
-1.599980534e-06
-2.208380947e-06
0.0003319177456
-4.885507444e-06
-0.0003216523528
0.0006427945628
4.934201129e-06
-1.961032885e-06
0.000642799223
1.961006627e-06
-0.0006427991968
0.0006447635545
-0.0006447037196
-1.961060888e-06
2.865707007e-06
-0.000321775127
-3.035557059e-06
0.0003219449771
-0.0003213921098
-3.778061831e-06
0.0003216789096
3.491262033e-06
-2.874978129e-06
0.0003219835334
2.805557502e-06
-0.0003219141127
-2.338439098e-06
0.0003287062609
2.483589939e-06
-1.843151764e-06
0.0006570005689
1.904782715e-06
-0.0006570621998
0.0006591880895
-0.000659188192
-1.723788073e-06
0.000652983148
1.842281607e-06
-0.0006529833207
0.0006561470534
-0.0006562083218
-1.781883419e-06
-2.210419986e-06
0.0003283446187
2.655795282e-06
0.0003261325868
-0.0003260503822
-2.737999907e-06
3.112738465e-06
-0.0003252400422
-3.408519937e-06
0.0003255358237
-4.033210213e-06
-0.0003257270422
0.0003258948302
3.865422234e-06
3.688141317e-06
-3.785676077e-06
0.0003285817584
-0.0003284842237
-2.646759566e-05
0.0003298111473
6.914312843e-06
-0.0003102578644
-4.396931086e-06
0.0003292774457
4.620903777e-06
-0.0003295014183
2.741051031e-06
0.0003237306122
-0.0003238145914
-2.657071785e-06
2.202175787e-06
-0.0003244126182
-2.127029987e-06
0.0003243374724
-0.0003222507728
0.0003225414479
2.575031903e-06
-0.0003255597672
-4.261892313e-06
0.0003257884493
-0.0003248753066
-4.888838271e-06
0.0003251050892
4.659055605e-06
-3.607345539e-06
0.0003256909473
3.466718281e-06
-0.0003255503201
3.239935766e-06
0.0003307330839
-0.0003305085347
-3.464484886e-06
3.002074006e-06
-3.095676677e-06
0.0003297831516
-0.0003296895489
0.0003285517529
3.283937193e-06
-0.0003281475487
3.701043129e-06
0.0003355986247
-3.436588505e-05
-0.0003049337828
-1.747189328e-06
0.000333694624
2.609414363e-06
-0.000334556849
-1.702625698e-06
0.000308025252
-2.951416752e-06
-0.0003033712095
0.0003121211742
-3.030979458e-05
-0.0002835140053
1.879111291e-06
0.0003184446076
-0.0003192871166
-1.036602348e-06
0.0003196712379
2.599357333e-07
-0.0003180520624
5.33576678e-06
0.000305576756
-8.772236339e-06
-0.0003021402864
0.0003051600351
4.956848246e-06
-0.0003047811166
-7.002936872e-06
0.0003060866395
6.076332515e-06
-5.090630168e-06
0.0003077095395
4.772710508e-06
-0.0003073916199
3.848520102e-06
0.0003083964777
-0.000308069628
-4.175369796e-06
-2.847837883e-06
0.0003069413279
4.287746034e-06
-0.0003083812361
0.0003080572172
-0.0003079270966
-5.220750749e-06
-8.218051464e-06
0.0003067918706
-1.837744507e-06
0.0003121619185
1.797000243e-06
-3.720655438e-06
0.0003096169819
4.280009796e-06
-0.0003101763363
5.779996698e-06
0.0003090205932
-0.0003093032674
-5.497322475e-06
0.0003093739862
3.697948172e-06
-0.0003092234143
0.0003083763382
-0.0003085936669
-3.503326779e-06
-2.56192358e-06
0.000308749431
-0.0003066064009
-6.481211056e-06
0.0003082089649
4.878647077e-06
-3.731967672e-06
0.0003090500825
3.811560141e-06
-0.000309129675
0.0003078002311
-0.0003076596813
-2.988387663e-06
8.241001767e-06
0.0003073659305
-0.0003057377383
-9.869194024e-06
5.393467204e-06
-0.0003037588664
-2.869556452e-06
0.000314410983
-6.719331475e-07
-0.0003108694934
-3.092350197e-06
0.0003142488191
3.339110793e-06
-0.0003144955797
5.715488786e-06
0.0003142217104
-0.0003149390707
-4.998128497e-06
-3.399358225e-06
0.0003116182087
3.193112305e-06
-0.0003114119628
0.0003132432581
-0.0003133083087
-3.027299573e-06
-3.146276728e-06
0.0003127667815
-0.0003124900613
-5.656891851e-06
0.0003144484885
5.556020239e-06
-0.0003143476169
5.132750707e-06
0.0003140093553
-0.0003139061329
-5.235973131e-06
0.0003141839785
5.967406698e-06
-0.0003144358964
0.0003142899675
-0.0003141322232
-5.814636125e-06
-4.702891145e-06
0.0003088343055
4.620557347e-06
-0.0003087519717
-5.162224312e-06
0.0003094412925
5.007001179e-06
-0.0003092860694
4.487759656e-06
0.0003108216088
-0.0003106691464
-4.640222059e-06
0.0003087487762
5.781872749e-06
-0.0003087506522
0.0003097299854
-0.0003095177596
-5.374450083e-06
-4.847912138e-06
0.0003088300232
-0.0003086850022
-3.80629073e-06
0.000310912872
3.834122517e-06
-0.0003109407038
-3.883565073e-06
0.0003113925361
3.732335055e-06
-0.0003112413061
0.0003116193401
-0.0003115282996
-3.490398799e-06
0.0003106494533
4.278747799e-06
-0.0003104404414
0.0003104130062
-0.0003103194866
-3.977084674e-06
-4.122924985e-06
0.0003099341419
-0.0003096175076
-5.408921844e-06
0.0003195136145
5.240730224e-06
-0.0003193454229
4.676945328e-06
0.0003201874082
-0.0003200187693
-4.845584186e-06
-6.277976044e-06
0.0003204228671
6.363633968e-06
-0.000320508525
0.0003195946328
-0.0003193616785
-5.641876176e-06
-3.88876215e-06
3.723148708e-06
-0.0003212264964
3.038984716e-06
-0.0003215440271
-3.270084664e-06
0.0003206537694
4.448681432e-06
-0.0003204255055
0.0003214028375
-0.0003212372078
-4.054391834e-06
-4.3452897e-06
0.0003160758232
4.058512096e-06
-0.0003157890456
3.431169492e-06
0.0003167597571
-0.0003165305193
-3.660407291e-06
0.0003142322597
4.96689284e-06
-0.0003140664019
0.0003157897045
-0.0003155622954
-4.572698827e-06
-2.464288938e-06
0.0003191441914
2.539256644e-06
-0.0003192191591
0.0003209246643
-0.0003219990892
-5.203551237e-06
0.0003170496697
3.201486526e-06
-0.0003168199867
0.0003182506139
-0.0003180326428
-2.682259988e-06
-0.0003276668472
1.611345545e-06
-2.195219366e-06
0.000328250721
-0.0003259498347
0.0003262484214
2.814151799e-06
0.0003269685585
2.452362342e-06
-0.0003267651256
-2.80009079e-06
2.82826346e-06
-0.0003259780074
2.105722266e-06
-2.440550066e-06
-0.0003273320194
-3.453391509e-06
3.427265399e-06
-0.0003257009161
-3.258044278e-06
-0.0003247820887
0.0003287827111
-2.47034575e-06
-0.0003242066431
0.0003292029242
-0.0003297786061
-3.821249218e-06
-8.424261261e-05
0.0003318480102
-0.0002740729932
0.0003293770646
1.016992013e-06
-0.0003255259957
5.964229456e-06
-5.878327212e-06
0.0003254400934
-0.0003265094535
0.0003255855477
3.126081554e-06
0.0003240342635
3.021782442e-06
-0.0003243149949
-1.447675682e-06
1.541314777e-06
-0.0003266030926
7.195600741e-06
-2.630495208e-05
-0.0003064166443
2.802595942e-06
-0.000322014384
-0.0003238236978
-2.036596096e-06
-3.802373431e-06
3.714383875e-06
-0.000324787317
-3.540227249e-06
-0.0003254729315
0.0003244941991
4.285299867e-06
-0.0003215838982
0.0003246488117
-3.891861218e-06
-0.000324559324
0.000325402933
-0.0003252636691
-3.746609476e-06
-5.120503214e-06
0.0003248804767
0.0003247957683
5.66266026e-06
2.443779845e-06
-2.53774032e-06
0.0003308834656
-0.0003307895052
0.0003300734083
2.847786657e-06
-0.000329919121
0.0003309615687
2.953702073e-06
-0.000330675335
0.0003321684056
-0.0003323895706
-1.526024365e-06
-1.354979398e-06
0.000331415759
-0.0003263597365
0.0003309307434
2.47072802e-06
-0.0003309576916
-4.930620812e-06
-0.0003175888975
0.0006350092856
4.927193175e-06
-1.96100045e-06
0.0006350111257
1.960887492e-06
-0.0006350110127
1.961294024e-06
0.0006381074969
-0.0006381076321
-1.96115882e-06
0.0006302439811
-2.019847733e-06
2.019980623e-06
-0.000630244114
0.000634097514
-0.0006340386778
-2.019836632e-06
-0.0003169018262
-4.935171512e-06
0.0006340365235
0.0006394971073
1.961428699e-06
-0.000639497242
0.0006413485119
-0.0006413483263
-1.961218447e-06
-0.0003203186539
-5.074820968e-06
0.0006412841317
3.30646124e-06
0.0003200412943
-0.0003200408944
-3.306861135e-06
5.48000153e-06
-5.704522046e-06
0.0003198191534
-5.752772112e-06
0.0003201821198
5.99351941e-06
-4.986893643e-06
0.0003201587859
-2.816225312e-06
0.0003188473411
3.113075566e-06
-2.805310633e-06
0.0003184005329
2.876647007e-06
-0.0003184718693
0.0003074756117
4.152936906e-06
-0.0003074819176
2.763139213e-05
0.0003118628021
-0.0002580528182
3.281052645e-05
-0.0004283688979
0.0003049251321
-4.501697341e-06
-0.0003041785571
0.0003056040316
-5.452654645e-06
4.833958244e-06
-5.510429554e-06
0.0003062805029
4.218164241e-06
0.0003075967824
0.0003123121099
-8.135118618e-05
-0.0002574069255
7.017817422e-06
-5.95034004e-06
0.0003112446325
6.98537196e-06
0.0003095961296
3.722740645e-06
0.0003088149288
-0.0003079190408
3.294223079e-06
0.0003083475584
3.382320054e-06
-3.314919161e-06
0.0003102132521
3.816528812e-06
-0.0003107148617
0.0003100119314
-0.0003099132332
-3.830665812e-06
-7.523156231e-06
0.0003084078757
-0.0003170892111
7.912016853e-06
0.0003120824648
1.863914023e-07
8.237673449e-05
-0.000399652337
-0.0003102677982
-1.738060643e-06
2.599894018e-06
-0.0002807147107
0.0003055946847
-3.182883125e-06
-0.0002998119075
-3.25011135e-06
0.0003076392517
0.0003958024401
2.904238986e-05
-0.0004248448299
8.165306104e-05
-2.516969239e-06
0.0003166663483
2.597439678e-05
0.0003158501839
-0.0002601715197
3.557675402e-06
-3.718704783e-06
0.0003113090084
-0.0003111464547
3.390521721e-06
0.0003113136083
3.659794612e-06
-0.0003109454536
4.463335395e-06
-4.484262649e-06
0.0003141694927
-0.0003141485654
4.504017103e-06
0.00031386456
-0.0003139052417
7.505799788e-06
0.0003145928716
-0.0002961242746
4.853746056e-06
0.0003139157606
-0.0003112637069
0.0003098106912
-4.245698575e-06
-0.0003099491395
5.105263835e-06
-5.274479322e-06
0.0003099799067
4.885858597e-06
0.0003104466015
6.677576024e-06
0.0003086149328
-0.0003082718383
6.251871003e-06
0.0003086975433
4.718052136e-06
-0.0003078004109
0.0003114434885
-4.100830915e-06
-0.0003113656079
3.87695535e-06
-4.034262453e-06
0.0003116007956
0.0003113100327
4.782898284e-06
0.0003102771578
-0.000309888087
4.623609967e-06
0.0003100473753
4.317252477e-06
-0.0003098662138
4.629741294e-06
-4.858331104e-06
0.000320415998
0.0003197397367
5.25387936e-06
0.0003201030157
3.174136399e-06
-0.0003199706909
0.0003219325882
-0.0003218647166
-2.942849655e-06
-4.00497363e-06
0.0003216297493
0.0003208227981
4.460712655e-06
3.269006582e-06
-3.484397122e-06
0.0003169751477
-4.011659436e-06
0.0003162316398
3.855842807e-06
-2.885064327e-06
0.0003164457445
2.880353938e-06
-0.0003164410341
3.721647981e-06
-3.807832773e-06
0.0003160752717
-0.0003159890869
3.575467994e-06
0.0003163612574
-0.0003162150774
4.003191544e-06
0.0003138408356
-0.0003133400101
4.092529703e-06
0.0003145914582
-0.0003146807964
3.080124447e-05
0.0004036037319
-0.0004344049764
3.546363624e-06
0.0003165309151
-0.0003165018107
0.0003168216548
3.395521676e-06
-0.0003166708128
0.0003181093278
-0.0003181717291
-2.742909308e-06
-2.816413985e-06
0.0003182508026
0.0003172054691
3.113207159e-06
0.0003253748505
-0.0003251462579
-3.637112525e-06
3.23722741e-06
0.0003256665527
-3.528929625e-06
2.942540078e-06
0.000325830511
0.0003286215892
-4.027218089e-06
-0.0003283800472
5.067963842e-06
-5.442423275e-06
0.0003289960486
4.824169323e-06
0.000328825553
5.812994455e-06
-5.796602938e-06
0.0003297947557
-0.0003288984238
0.000329268995
-0.000326011329
3.411314635e-06
-6.516308334e-06
0.0003333333613
-0.0003302283676
0.0003329346516
-0.0003326895501
0.0003294936719
-3.189419624e-06
-0.000329399929
3.855246973e-06
-4.218249219e-06
0.0003298566742
3.553998336e-06
0.0003300844002
4.520458852e-06
0.0003288554633
-0.0003290826672
0.0003293848769
-0.0003289881497
2.617556856e-05
-8.45289594e-05
0.0003368871514
-0.0002785337605
0.0003345494564
-0.0003148901962
-1.229114581e-07
8.005947384e-08
0.0003356414767
-0.0004225293177
0.0003378774468
-0.0004568952027
0.0003065128279
-0.0003053113077
0.0003940320569
-0.0004243418515
-3.436167658e-06
0.0003211777092
5.332186972e-06
-5.7545362e-06
0.0003172417836
2.741966169e-05
-8.127907938e-05
0.0003159244412
1.455494066e-06
0.0003084630328
-0.0002824988652
-6.660713981e-06
0.0003155703698
-0.0004095268882
0.0003215870948
0.0003076170134
-0.0002887578576
0.0003047005494
-0.0003042453985
3.889098296e-06
-2.816957747e-06
0.0003110897779
-0.0003144778709
0.0003124166292
0.0003073332244
2.881093322e-06
0.0003077463541
0.0003088135666
-2.891779961e-05
8.880083628e-06
-0.0002857000223
0.0003122218237
-0.0002587628888
0.0003102646465
-3.511692542e-05
-0.0002736953788
-0.0004347692624
-0.0003044889355
0.0003066322914
-4.255148921e-06
-0.0003034166697
-0.0002991339316
2.410083128e-06
-2.696566549e-06
0.0003146974664
-0.0003162111101
0.000316104224
-0.0002878406534
0.0003114990021
-0.0003109854842
3.029980659e-06
0.0003118595431
0.0003131001956
4.507166558e-06
-4.532016089e-06
0.0003141277886
-0.000314102939
0.0003142947648
-0.0003142718609
4.622328502e-06
0.0003137614165
-0.000313529999
0.0003139651136
-0.0003138748012
5.443260659e-06
-5.610562893e-06
0.0003090016078
-0.0003090619379
0.0003092307192
-0.0003086870791
0.0003088844969
-0.0003090143569
6.012210052e-06
0.0003091241578
0.0003092316704
4.078310911e-06
-4.184956423e-06
0.0003110195176
-0.0003116131886
0.000311657237
-0.000311879897
0.0003096546425
-0.000309460315
4.406310706e-06
0.0003098719417
0.0003101554962
-0.0003193908961
5.13334648e-06
0.0003194982798
-4.184764298e-06
4.099743282e-06
-0.0003193058751
-4.331042522e-06
-0.0003191991447
-3.951909919e-06
3.804955946e-06
-0.0003198718154
0.0003194943437
-0.0003193465104
0.000319782106
-0.0003195995644
5.944039058e-06
0.0003200191593
-7.472933717e-06
4.539331209e-06
-0.0003166659619
-2.630374485e-05
-0.0003016777139
-4.483753297e-06
-0.0003192089677
0.0003195706639
-0.000319515086
0.0003198728268
-0.0003212143882
3.497388697e-06
0.0003214401482
-3.554850812e-06
3.530395091e-06
-0.0003211899325
-3.579979752e-06
-0.0003212013674
-3.32497152e-06
3.11525718e-06
-0.0003213343127
0.0003211999355
-0.0003209945119
0.0003214272395
-0.0003208935481
4.28020166e-06
0.0003210620279
-3.717833682e-06
3.748973515e-06
-0.000320924688
-0.0003203383833
-3.724443432e-06
-0.0003210927442
0.0003211863351
-0.000321161805
0.000321412145
3.834704583e-06
0.0003156800497
-3.979807587e-06
-0.0003155349467
0.0003158485733
-0.0003158217015
-0.0003160751284
3.830243006e-06
0.0003163033975
-4.289318254e-06
4.062763191e-06
-4.398314161e-06
-3.835544385e-06
3.666282472e-06
0.0003163024905
0.0003164723262
4.007587493e-06
0.0003151106783
-0.0003150257361
0.0003153357677
-0.0003153079878
-1.519547289e-06
0.0003186306148
-2.776119604e-06
-0.0003143349479
0.0003212921973
-0.0002920105001
-0.0003212579989
3.52378972e-06
0.0003202734658
-1.786309287e-06
1.820507721e-06
-2.374853569e-06
-8.266649963e-05
-0.0002656363344
0.00032275774
0.0003210779785
-0.0003169982246
2.971054823e-06
0.0003172286563
-3.377210835e-06
3.200641006e-06
-2.831669056e-06
-0.0003175758273
0.0003173724346
-0.0003170034626
0.0003176612294
3.16963574e-06
-0.0003167775767
-0.0003171823112
0.0003274664919
-2.510893015e-06
-0.0003271508183
2.052053454e-06
-2.34841611e-06
0.0003277628546
1.827624888e-06
0.0003284751496
2.645931862e-06
0.0003265450296
-0.0003269699269
0.0003272674426
-0.0003266666681
2.732179768e-06
-0.0003265705844
-0.0003268591886
3.523501355e-06
0.0003255898098
-0.0003256860458
-0.0003248808008
-3.261622899e-05
0.0003315608084
-0.0003014149252
0.0004161099772
-0.0004487262061
0.0003329121337
-1.044769147e-06
4.668817607e-06
-2.813453893e-06
0.00033105677
0.0003307202248
1.836372031e-06
0.0003293683175
-0.0003315330313
0.0003305559494
-0.0004100609148
8.353340214e-05
0.0003280688274
3.158564935e-05
-0.0004416465642
1.942534164e-06
-0.0002969599774
0.0003271924845
-0.0002699640345
-0.0003224356789
2.553001343e-06
0.0003226852735
-3.082536867e-06
2.856268059e-06
-0.0003222094101
-0.0003219816637
-2.523798964e-06
-0.0003193573647
0.0003227699337
-0.0003224374646
0.000323286339
3.627138874e-06
0.0003251637323
-0.0003250764873
0.0003253923652
-0.0003253054536
4.108165056e-06
0.0003243408843
-0.0003241637495
0.000324487223
-0.0003242709192
0.0003305301085
-2.693072243e-06
-0.0003303747765
2.650634501e-06
-2.952130131e-06
0.0003308316041
2.409994325e-06
0.0003311241058
3.253114461e-06
0.0003303742922
-0.0003303016632
0.0003306026475
-0.0003301469488
0.0003300119323
-2.425258757e-06
-0.000328941653
7.689949704e-07
-1.663924786e-06
0.0003309068621
0.0003322648135
2.04236514e-06
0.0003312983726
-0.0003306755584
0.0003310539988
-0.0003306300891
0
0
0
0
0
0
0
0
0
0
0
0
0
0
0
0
0
0
0
-1.178460659e-07
0
-2.718678206e-05
-2.501910134e-06
2.919047804e-07
1.245443339e-05
0
0
0
-4.637226974e-05
8.569571712e-07
-0.0001103906097
-5.205212166e-06
2.203457721e-06
8.98169477e-05
0
0
0
-0.0001280630775
2.185227294e-06
0
0
0
0
0
0
0
0
0
-4.275202433e-06
0
-0.0001141204601
-1.320999482e-05
6.108622903e-06
6.125582231e-05
0
-1.398583848e-07
-0.0001786035909
1.074473795e-05
-0.0004073625086
-3.308268655e-05
2.269468776e-05
0.0003285557269
5.068387778e-05
-7.070657544e-06
-0.0004845877056
2.437348413e-05
-0.0006816461747
-2.33687151e-05
1.870079829e-05
0.0006239171571
0.0001825701927
-9.204464538e-06
-0.0007289830765
1.4351036e-05
0
0
0
-9.094319196e-05
-1.203690081e-05
5.918065258e-06
3.276403441e-05
0
-3.948252541e-07
-0.0001742854225
1.420103387e-05
-0.0005301700215
-6.386510027e-05
4.871761997e-05
0.0003986821609
0.0001220684835
-2.290679148e-05
-0.0006680552686
5.879578774e-05
-0.001075893137
-8.003774907e-05
6.857883195e-05
0.0009449713159
0.0004646762139
-4.457142984e-05
-0.001197307835
6.445100626e-05
-0.001481344679
-3.422342292e-05
3.303220719e-05
0.001401665247
0.0008096529764
-2.750929309e-05
-0.001544816262
1.958401503e-05
6.19646013e-06
-4.642809496e-05
2.700294066e-06
-0.0003698867202
-5.300143255e-05
4.182964287e-05
0.0002325797276
7.18573609e-05
-2.244503429e-05
-0.0005302324914
6.252395754e-05
-0.001103637305
-0.0001414172672
0.0001326716389
0.0009085524132
0.0005115555259
-8.002094121e-05
-0.00129208775
0.0001288113843
-0.001750559859
-0.0001218118427
0.0001075237006
0.001608697291
0.0011138834
-9.043306283e-05
-0.001871495528
9.277196252e-05
-0.002115614567
-3.26181965e-05
3.258127199e-05
0.002054904888
0.001590185753
-3.440143676e-05
-0.002158812132
1.194414913e-05
6.549086542e-05
-0.0001610457602
1.650189438e-05
-0.0006619282335
-9.519490625e-05
8.776239344e-05
0.0004686816752
0.0002941055732
-6.489674595e-05
-0.0008772196131
0.0001142714967
-0.001532485791
-0.000170848882
0.0001615512976
0.001319105851
0.001010037559
-0.0001425498176
-0.001731765923
0.0001614206393
-0.002213887962
-0.0001306114598
0.0001480046256
0.0020738811
0.001781760437
-0.0001490731769
-0.002311098477
0.000128302764
-0.002361590695
-7.817364108e-05
5.311324211e-05
0.002385293617
0.002169309166
-3.688669956e-05
-0.002340739404
2.344998012e-05
0.0001367184587
-0.0002713260459
3.352613541e-05
-0.0008739842123
-0.0001241187488
0.0001197023703
0.0006478163811
0.0005160809529
-0.0001049394204
-0.001113289327
0.0001474224401
-0.001813702819
-0.0001867098184
0.0001847963973
0.001592417822
0.001402161967
-0.0001825945235
-0.002014014496
0.0001821574813
-0.00240252866
-0.0001057986298
0.0001089645229
0.002320075787
0.002140479246
-0.0001163328569
-0.002436570723
8.067716839e-05
1.048387742e-05
0.001231572301
0.002414950326
-6.006122733e-05
-2.704770692e-05
0.001210522598
-0.001201649721
1.817483016e-05
-4.925411338e-05
-0.001214742513
2.327412523e-05
0.001240722501
-0.001177921286
4.26148288e-06
0.001171128603
2.531199911e-06
0.0001748668723
-0.0003258018477
4.14460725e-05
-0.0009731274937
-0.0001351010458
0.0001327424388
0.0007334449251
0.0006703186355
-0.0001263709177
-0.001223677107
0.0001602006448
-0.001936402392
-0.0001905064034
0.0001898296802
0.001715599924
0.001629790849
-0.0001879570556
-0.002127902593
0.0001784596511
-9.959765949e-05
0.0001006012553
0.002392006396
0.002336654166
-0.0001035712023
-0.002450696231
-7.228800623e-05
0.002430365232
5.550859058e-05
-5.295512343e-05
-0.001228832562
-0.001224417136
-0.001221798686
5.824314221e-05
-0.001219675222
-0.001225817778
-6.067331729e-06
0.00122196858
1.402150245e-05
-4.990134598e-06
-0.0006151358822
-0.0006197132636
-0.001228954802
1.061029584e-05
0.000201874471
-0.0003633244555
4.664626102e-05
-0.001037963702
-0.0001412674314
0.0001398310045
0.0007903245722
0.0007503125852
-0.0001369052064
-0.001294783573
0.0001666905868
-0.002013746653
-0.0001923562926
0.0001918732453
0.001793168468
0.001737854384
-0.0001910338004
-0.002202686877
0.0001787921966
-9.74150686e-05
9.784605294e-05
0.002455450712
0.002408648217
-9.883553058e-05
-0.002489766567
-6.905218448e-05
0.002480467412
5.028723654e-05
-5.061052981e-05
-0.001246493872
-0.001242949402
-0.001237920069
5.031060407e-05
-0.001240324788
-0.001240573611
-2.916155716e-06
0.001240456611
-9.294938849e-07
1.275156063e-06
-0.0006210335361
-0.0006198857374
-1.445270738e-06
-0.0006183366933
-0.0006193123441
0.0002323048452
-0.0004047881805
5.178197526e-05
-0.001107883782
-0.0001483097476
0.0001465909445
0.0008519379878
0.0008042932559
-0.0001430272952
-0.001371354262
0.0001727999852
-0.002097812248
-0.0001942896657
0.0001937858176
0.001876956231
0.001812401867
-0.0001928533937
-0.002284801021
0.0001792170237
-9.494789727e-05
9.556609403e-05
0.002527187498
0.00247251369
-9.681742705e-05
-0.002545792931
-6.803718314e-05
0.002540745165
5.094216325e-05
-5.061790126e-05
-0.001275033827
-0.001271083366
5.061576572e-05
-0.001262780025
-0.00126701694
-3.065737776e-06
0.001266982518
-0.0006331245274
-0.0006340967587
1.006391507e-06
-9.472676563e-07
0.0006340383901
-1.063824758e-06
0.0006303023672
1.005438616e-06
0.0002698440316
-0.000454558068
5.846251255e-05
-0.001187012988
-0.0001559266166
0.0001545978982
0.0009230063182
0.000867957514
-0.0001501356378
-0.001456353182
0.0001798002196
-0.002185404627
-0.0001960572305
0.0001954356492
0.001966213938
0.001898092396
-0.000194705676
-0.002368237844
0.0001790634363
-9.211376715e-05
9.289536716e-05
0.002596343448
0.002544584714
-9.429144286e-05
-0.002604436431
-6.702184772e-05
0.002602596196
5.059018223e-05
-5.043898346e-05
-0.001303969508
-0.001300618122
5.05000998e-05
-0.001293067998
-0.001296903248
-3.148233907e-06
0.001296874236
-0.0006479828405
-0.0006489571129
8.943669752e-07
-8.936766607e-07
0.0006489581438
-9.519641124e-07
0.0006459760794
8.924906884e-07
0.000938036727
-0.0001581193493
0.001987384562
-0.0001964618732
0.002614784939
-9.130068484e-05
0.002661790037
-0.001328790497
-0.001332941272
-0.001333073318
2.326834322e-05
0.00133300658
5.06886548e-05
-0.001322172932
-0.00132588822
-2.315113309e-05
-2.739203305e-05
-3.024991211e-06
0.001325984552
-0.0006627858244
-0.000663638602
7.250476224e-07
-7.240602473e-07
0.0006637019458
-7.214741334e-07
0.0006603450173
7.223625377e-07
-1.673383999e-06
-0.0006181045317
-0.000618097381
0.001233539284
-0.0006173330824
-1.047109867e-06
-0.0006168324759
3.204908587e-06
0.001233426174
-0.0006293339108
-1.063407783e-06
0.0006293334938
-0.0006277659669
-1.062217217e-06
0.0006277655699
1.06261416e-06
2.729620709e-06
0.001256322261
-0.0006278232828
-0.0006286201569
-9.514544919e-07
0.0006447630449
-9.501032194e-07
0.0006427988914
9.504348195e-07
3.16872592e-06
0.001286207785
-0.0006427385545
-0.0006437129953
-7.818443442e-07
0.0006592484597
-8.398796875e-07
0.0006569990204
8.414281833e-07
3.303822303e-06
0.001314656678
-0.0006569364644
-0.0006577887614
1.775610352e-06
0.0006111699197
0.001241286155
-2.081014308e-05
0.001219776265
-3.382657185e-05
-0.0012129974
-1.768803535e-06
4.806232969e-07
-0.001176633106
-0.001196798513
-1.148149308e-06
5.040894516e-05
-0.001259188502
-0.001256357902
0.002502598522
-0.001249514246
-0.001253285861
0.002494413191
6.99109227e-06
0.001249530323
-6.986638661e-06
1.920777692e-05
-1.92023092e-05
-0.001249519714
-1.918245742e-05
-0.001259137325
1.913128017e-05
1.922899026e-05
-1.916752031e-05
-0.001237981539
-0.001246557678
1.927158324e-05
6.994608449e-06
0.001246567949
5.023154937e-05
-0.001289294094
-0.001286059869
0.002561062036
-0.001279163438
-0.00128228495
0.002556956585
7.069734804e-06
0.001279244625
-7.064021682e-06
1.921432117e-05
-1.914684013e-05
-0.001279230919
-1.91830824e-05
-0.00128924244
1.913142856e-05
-1.929369014e-05
-0.001262668793
-0.001275099695
1.928018912e-05
7.134031685e-06
0.001275053549
9.486127201e-07
-9.48298382e-07
0.0006381071826
0.0006350697784
9.47738839e-07
0.001271048597
-0.000635010231
-0.0006359828021
0.0006369606225
-4.928346473e-06
-0.0003185745616
3.985373035e-06
-3.922857186e-06
0.0006368981066
3.990464607e-06
0.0006381082653
3.987757289e-06
0.0006301850164
-4.047640102e-06
-0.0006318577663
0.0006318006512
4.044872431e-06
-0.0003161571176
4.939722405e-06
-0.0003158135239
5.059274729e-05
-0.001318152276
-0.001314682819
0.002618015663
-0.001306891585
-0.001310970314
0.002616710609
7.135071548e-06
0.001306736081
-7.187150641e-06
1.92109688e-05
-1.926293029e-05
-0.001306839623
-1.923956251e-05
-0.001318159699
1.924698499e-05
-1.923489715e-05
-0.001293016183
-0.001303977844
1.921930413e-05
7.142918442e-06
0.001303995272
8.971396553e-07
-8.964345774e-07
0.0006525543254
0.0006499326166
8.949674634e-07
0.001300650498
-0.0006498712465
-0.0006508458592
-2.916839748e-06
0.0003257004569
2.907330172e-06
3.912857781e-06
-3.856440638e-06
0.0006517005184
-0.0003257656805
-0.000325991255
3.969444182e-06
0.0006525539839
-0.0003262224021
-0.0003263881682
3.848494655e-06
-3.849995323e-06
0.0006459165593
-0.0006469559324
0.0006469511721
3.853254998e-06
4.858625326e-06
-0.0003233661691
-1.923195905e-05
-0.001322180535
-0.001333017995
1.921784598e-05
7.62623462e-06
0.001333033566
-0.0006661265734
6.06784235e-07
-6.053768986e-07
0.0006672942336
0.0006639987284
6.647559689e-07
0.001328277988
-0.0006639969555
-0.0006640437624
-8.475406889e-07
-2.414720752e-06
-2.003359541e-06
0.0003331316725
2.566311006e-06
-3.08356212e-06
0.0006657661594
-0.0003328544267
-0.0003335102396
2.002586998e-06
1.679482007e-06
1.683352241e-06
0.0003338236362
-0.0003338264855
-1.68050296e-06
3.545596498e-06
-3.740602326e-06
0.0006601580406
-0.0003297804103
-0.0003301826246
0.0006616854477
3.533766828e-06
-0.0003307253562
-0.0003309482619
2.708015441e-06
-2.914676351e-06
0.0003309397448
6.221080706e-06
0.0006153400119
-0.0003079518682
-0.0003080649213
4.182713535e-06
-4.246102187e-06
0.0003081206058
-2.540418018e-06
0.000305715954
3.76579196e-06
4.720975584e-06
-4.574400885e-06
0.0003088740185
-3.658463945e-06
0.0003093942821
3.881163777e-06
-5.750752703e-06
0.0006184434331
-0.0003092037317
-0.0003098899097
-0.000624528449
1.665645704e-07
0.0006174800221
1.718523863e-06
3.930561052e-06
-0.0006301775339
-0.0006275128008
9.77545791e-06
-6.219677147e-06
-0.000307916064
4.048171569e-06
0.0006152355635
-4.145874101e-06
-0.000308259284
-4.819833475e-06
0.0006144926223
-5.129624416e-06
-0.0003139369008
0.000627649847
5.132497357e-06
-2.07776495e-06
2.077982553e-06
-0.0006277661845
-0.0006293341333
-2.019625224e-06
0.0006239937239
-2.135449536e-06
2.077628824e-06
-0.0006239359032
0.0006270846854
-0.0006270259335
-2.136516836e-06
-0.0003133761861
-5.356199111e-06
0.0006269706635
0.0012534246
-0.0006265184977
-0.0006270841442
-1.062158194e-06
0.0006270846264
-1.278461468e-06
-0.0006251976022
9.454332191e-07
4.453173756e-08
5.824053459e-06
0.0006253162082
-0.0003121612128
-0.0003131624524
3.245361634e-06
-3.113595163e-06
0.0003131114916
-3.326030902e-06
0.0003116359072
3.308332461e-06
4.628805576e-06
-4.720935555e-06
0.0003141014853
-5.106188008e-06
0.000314594939
4.959737441e-06
-3.090322564e-06
0.0003146825167
3.085341564e-06
-0.0003146775357
6.465524305e-06
0.0006194212688
-0.0003098278088
-0.0003098703388
4.443864309e-06
-4.580197363e-06
0.0003098663184
0.0003087442115
4.725540228e-06
-3.461339278e-06
0.0003117546485
-3.637079582e-06
0.0003114708394
3.558776279e-06
-5.903462252e-06
0.0006232006986
-0.0003114216798
-0.0003119998057
0.000644145397
-5.103167813e-06
-0.0003219718155
3.912948243e-06
-3.916770546e-06
0.0006441492193
0.0006447027511
4.05143624e-06
0.0006394975364
-0.0006401732692
0.0006401744416
4.050263891e-06
5.322136066e-06
-0.0003202452471
0.001282193566
-0.0006404935227
-0.0006414069761
-9.496814308e-07
0.0006413480901
0.0006394374715
1.008248534e-06
-0.0003201351657
3.375263612e-06
-4.089268804e-06
4.15683779e-06
-0.0003202027347
-4.000654825e-06
-0.0003198930075
-2.836762045e-06
2.756875426e-06
-0.0003222203052
0.0003219511966
-0.0003218709714
-2.916987261e-06
-2.796587699e-06
-0.0003160951459
-2.947036094e-06
-4.16713741e-06
0.0003159451825
0.0003143263681
4.534697189e-06
-3.710795862e-06
-0.0003196400547
0.0003190080057
-0.0003193647413
-3.354060256e-06
-3.015413292e-06
-3.412601094e-06
0.0003291322707
3.557776022e-06
3.93155635e-06
-3.865233088e-06
0.0006583390461
-0.0003290661882
-0.0003293391811
0.000659186561
-0.0003295746408
-0.0003294209661
4.026717681e-06
0.000652921528
-0.000326497385
-0.0003264814166
0.0006529822645
3.536641799e-06
-0.0003261626885
-0.0003263295001
2.353681057e-06
-2.485807536e-06
0.0003262647133
0.001310943082
-0.0006547444006
-0.0006561448655
-8.389224632e-07
0.0006561460962
0.0006529823542
8.97933449e-07
-0.0003262654942
2.880587269e-06
0.0003263467304
-3.426453609e-06
3.208897963e-06
-0.0003260479385
-3.582839745e-06
-0.0003261242417
-5.198799592e-06
4.962921609e-06
0.0003292857504
-5.488501351e-06
-4.62065067e-06
0.0003294317179
-0.0003231287593
2.588234397e-06
-2.62013391e-06
2.61087095e-06
-0.0003231194964
-0.0003226342709
-3.799564295e-06
-0.0003260177359
0.000326006225
-0.0003257896315
-4.016157786e-06
-3.325680458e-06
0.0003260868996
0.000334054006
1.74385524e-06
-0.000334114509
0.000668146433
-0.0003335017068
0.0003338605469
-4.839155441e-06
-5.278310712e-06
-0.0003297471818
3.750398468e-06
0.0003299707829
-4.601475824e-06
4.23917089e-06
-5.331313156e-06
0.0003355845455
-4.028707293e-06
-3.828252712e-06
0.0003346531969
5.226762766e-05
-0.001235905646
-0.001232792915
0.002453477145
-0.001225395859
-0.001228768782
0.002437944334
7.658669947e-06
0.001225541671
-7.404336749e-06
1.973408524e-05
-1.974944449e-05
-0.0012253805
-0.001236080813
1.940415707e-05
1.864567662e-05
-1.937341996e-05
-0.001221070942
-0.001229105999
2.00075219e-05
7.804264876e-06
0.001229558543
2.109661318e-06
-0.0006149829114
-2.528233638e-06
-0.0006142020801
0.001227290903
-0.0006138521368
-0.0006163192396
0.001225637393
-3.320846441e-06
0.0006180045138
4.342133443e-06
-8.032329465e-07
1.315439969e-06
-0.0006143643439
1.298883891e-06
-0.0006147256899
-1.556105299e-06
-0.0006203087403
-0.0006177982894
1.203484717e-05
-2.715913074e-06
-1.667060719e-07
-0.0006146525482
-1.286566934e-06
-1.218833882e-06
0.0006210668025
-1.276719699e-06
-0.0006236010637
-0.0006230907096
0.001242855601
-0.0006213170953
-0.0006215400697
0.001242910721
-5.1299928e-06
0.0006213151245
5.126035702e-06
-2.135291152e-06
2.135325629e-06
-0.0006213171297
-0.0006236011876
-2.13532563e-06
-2.078422019e-06
2.020837939e-06
-0.0006182791093
-0.0006211485296
-2.020297621e-06
-5.134040378e-06
0.0006212038688
-4.905457158e-06
0.0006175571664
4.960215204e-06
-1.909905682e-06
2.023064976e-06
-0.0006174462417
-0.0006181042119
-2.078741826e-06
0.0006136339362
1.63077018e-06
-0.0006139658225
0.0006160087983
-0.0006160644362
-1.854267833e-06
-4.85208269e-06
0.0006161178189
-0.001229619744
0.00122911051
5.392241724e-07
-0.0006151972798
-0.0006149513304
-0.0003175295346
-2.424187909e-07
0.0003146302484
8.60336753e-06
-2.068683871e-06
-0.0003240642183
-0.000324538788
8.240023804e-06
-4.270518705e-06
0.0003136393052
-1.985382684e-06
1.250548122e-07
0.000313031583
0.0005956370045
-7.915839106e-06
4.488570636e-06
0.0006279515478
1.243757583e-05
-3.711674649e-06
0.0006078387834
-0.0006161104607
1.198335198e-05
-3.649420958e-05
3.744296898e-05
0.0006270027884
-1.947556581e-06
0.000606703334
-9.118772985e-06
3.62474083e-06
-0.0003176704239
4.22660089e-06
0.0006497423616
0.0006327686532
-2.862465634e-05
0.0006133841018
-8.561943397e-06
-0.000608533833
3.564987057e-06
0.0006638752433
-3.510293515e-06
-0.0003320330685
-0.0003318968684
0.0006638038169
-0.0003314491332
-0.0003318732588
-1.72435494e-06
0.000331889401
-0.0006639245293
1.53931019e-06
0.0006639233984
-2.527503958e-06
2.406791595e-06
-2.529297281e-06
-2.409782165e-06
2.473608036e-06
-0.0003335987325
0.0006657631689
0.0006658241563
3.59599873e-06
-3.729688599e-06
0.0003085301675
0.000307838497
4.053756069e-06
0.0006153586437
-0.0003079026398
-0.0003072220564
6.844135497e-06
-5.027327482e-06
0.0003100559154
-0.0003104326844
0.0003093868137
7.890006232e-06
8.76496323e-06
0.0006167746374
-0.0003078731241
-0.0003082234166
-3.460018616e-06
0.0003081778929
0.000309504573
3.465411957e-06
-5.419182508e-06
-0.0003109521377
3.304397418e-06
-0.0003105232907
0.0006223974067
-0.0006238860281
0.000618877965
8.437766959e-07
0.0003162684912
2.558970034e-06
-4.585208679e-06
-0.0003124504572
-0.0003131688429
1.178389752e-06
5.140090843e-06
-0.0003104816821
-3.785374741e-06
5.717612376e-07
-0.0003127024179
-0.0003164800407
1.09789649e-06
-0.0003180529858
-0.0003161379956
4.378172092e-06
0.0003149102122
0.0003083222796
-3.889650911e-06
3.675806803e-06
-3.126334613e-06
0.0003077728074
0.0003088954163
4.168937065e-06
0.0003106733469
-4.528987561e-06
-0.0003089238535
0.000308561692
4.531098587e-06
6.124514646e-06
-0.000617808224
0.0006175051995
-3.324578787e-06
-0.0003086175879
-0.0003092421344
4.952137291e-06
-4.485977499e-06
0.0003137555506
0.0003139571375
3.537043267e-06
3.154995539e-06
3.127494369e-06
0.0006271104588
-0.0003137508404
-0.0003138180548
0.0003144494573
-0.0003144498048
-3.089975043e-06
-5.189641603e-06
0.0003143734211
0.0003140052792
5.130836528e-06
4.008531201e-06
-4.087412279e-06
0.0003109004898
0.0003095799282
4.305228685e-06
0.0006198222722
-0.0003096523891
-0.0003098132719
0.0006214194595
-0.0003103312407
-0.000310673593
-3.773177007e-06
0.0003105491036
0.000310728366
3.929618489e-06
-3.718066123e-06
3.638175164e-06
-0.0003206310694
0.0003202459345
-0.0003201058115
-3.858189081e-06
-3.170277885e-06
-0.0003215857923
2.953637281e-06
-3.497683449e-06
3.417567896e-06
-0.0003215056767
-0.0003210382553
-3.060849582e-06
3.050302106e-06
-0.0003170564965
0.000316897578
-0.0003168278917
-3.130535911e-06
-2.876509703e-06
-0.0003175257905
2.742784721e-06
-2.922436439e-06
2.914467867e-06
-0.0003175178219
-0.0003172858277
-2.18359663e-06
2.178953208e-06
0.0003279728102
-2.393552221e-06
-2.312104657e-06
0.000327984101
-0.0003296810533
3.165424253e-06
0.0003291090897
-2.410367318e-06
3.285263488e-06
-4.537550591e-06
4.766559983e-06
-0.0003251402253
0.0003248353505
-0.0003253539353
-4.018965711e-06
-3.323794477e-06
0.0003244840762
-0.0003250071344
3.822341608e-06
0.0003250150008
-4.831906981e-06
4.692132956e-06
-0.0003248673603
-0.0003249288854
-0.0003342167982
-2.548902994e-06
2.185984239e-06
0.000331194358
-2.911656912e-06
-2.667479944e-06
0.0003314806434
-0.0003314778254
1.597579375e-06
0.0003316925649
-1.884699616e-06
1.460872921e-06
-2.14661467e-05
0.0006366160851
-0.0003061059855
-0.0003087279211
-2.251416871e-05
0.0003172942089
-1.609303866e-05
-0.0003226673169
3.920157627e-06
0.000649872595
-3.920717098e-06
-0.0003248549361
-0.0003250170994
0.000650786387
-0.0003252490189
-0.0003254736512
-2.985399447e-06
0.0003254714927
-0.0006508479271
1.902686896e-06
0.0006507871844
-2.909300432e-06
2.847760302e-06
-2.90975398e-06
-2.846880983e-06
2.845750439e-06
0.0006517013977
0.0006517620597
-0.0006469506073
1.90162575e-06
0.0006469503631
-2.907381316e-06
2.907946051e-06
-2.907583503e-06
-2.909100037e-06
-0.0006489598205
0.0006479242213
-0.0006479253753
0.0006479240668
0.0006479297992
-0.0003243156906
2.835724364e-06
2.443055836e-06
3.857678878e-06
-0.0003243994983
-0.0003246233604
-0.0006616887938
1.661819958e-06
0.0006616892839
-2.601101006e-06
2.597754874e-06
-2.727385564e-06
-2.594154503e-06
-0.0006636376749
0.0006627878071
-0.0006627842067
0.0006628496465
0.0003311691913
2.50039275e-06
3.460340939e-06
-0.0003312421761
-0.0003314686048
-0.0003316980398
-0.0003319895876
3.980075391e-06
0.0006427980506
-3.983563173e-06
-0.0006437093731
0.000643772678
-0.0003219457516
-0.0006437740742
1.960908972e-06
0.0006437741719
-2.910916576e-06
2.909520304e-06
-2.912062748e-06
-2.908552025e-06
0.0006441501876
0.0006441500356
0.0003217155339
-3.323851478e-06
2.996467808e-06
-3.15190529e-06
2.72113963e-06
3.307126483e-06
0.0003218338448
-3.462061655e-06
-0.0003216075588
0.00032176278
-0.0003219628457
-3.117052993e-06
-3.197320927e-06
3.909389577e-06
0.000657126349
-3.715132433e-06
-0.0003285750144
-0.0003287455918
0.0006576127715
-0.0003287959287
-0.0003287726864
-3.12517166e-06
0.0003289154947
-0.0006576089439
1.845531852e-06
0.0006576681948
-2.785091505e-06
2.788919114e-06
-2.720942268e-06
-2.729016594e-06
0.0006583989486
0.0006585206924
-0.0006530444776
1.842543532e-06
0.0006530442157
-2.78395773e-06
2.721744603e-06
-2.720959823e-06
-0.0006562083042
0.0006546857525
-0.0006546849677
0.0006547464126
0.0003269783113
2.343928278e-06
3.470969281e-06
-0.0003269819207
-0.0003276373745
-0.0003280490116
-0.0003284034557
-2.99052448e-06
2.770653266e-06
0.0003258849262
0.0003260275135
3.758748635e-06
-3.988160131e-06
-0.0003258181195
-0.0003294103594
0.0003294106125
-5.629865757e-06
-5.336528369e-06
-2.620937597e-06
-0.0003241013065
2.907652685e-06
0.0003234350065
-0.0003234450731
0.000323504684
-2.345375018e-06
2.483361432e-06
-2.423750568e-06
2.719527299e-06
2.628316581e-06
-0.0003229149304
0.0003255603905
-4.429917597e-06
4.21744674e-06
-4.446687775e-06
4.676005741e-06
0.0003253343614
-4.905277928e-06
-0.0003253928703
0.0003256221883
-0.0003257779898
0.0003259190276
-4.171959273e-06
-4.387917903e-06
-3.938017366e-06
3.513882825e-06
0.0003301578277
0.0003304437413
-0.0003358545641
0.0003346357257
-2.005824579e-06
-9.211969114e-07
-3.75508985e-07
-1.669823976e-06
0.0003187335164
0.0003174544952
-8.605183248e-06
1.764033107e-05
-0.0003154501956
0.0003158351861
4.151516568e-06
6.243232435e-06
0.0003068723928
-7.028985729e-06
-0.0003053242273
0.0003060570301
-0.0003066435175
4.446838918e-06
0.0003069693891
-5.687249427e-06
5.100762092e-06
-6.206476538e-06
-4.568630061e-06
4.095784469e-06
0.000306812635
0.0003070841041
-0.0003085266076
5.096369128e-06
0.0003077179845
-5.65073409e-06
6.51094018e-06
-3.976054823e-06
-6.584167934e-06
-0.0003075494052
0.0003081941833
-0.0003082674111
0.0003080698017
0.0003081639252
7.786520375e-06
-0.0003112045584
4.928535856e-06
0.0003105560324
-4.406648099e-06
5.618718887e-06
-3.49320648e-06
-6.43431219e-06
6.727174403e-06
0.0003104290392
0.0003098602526
-0.0003086270524
3.50271432e-06
0.0003088222863
-3.687298929e-06
3.407804851e-06
-3.273306725e-06
0.0003078808522
0.0003078802398
2.546265133e-06
0.000308592083
-2.929383228e-06
-0.0003076212876
0.0003070412181
-0.0003077516232
3.30389926e-06
-3.278469824e-06
2.568064756e-06
-3.816061837e-06
-2.740319763e-06
0.0003076005524
-0.0003152207608
4.109789076e-06
0.0003144500825
-2.927997291e-06
3.811460453e-06
-2.726110576e-06
-5.211397498e-06
6.122510758e-06
0.0003152664112
0.0003143780718
-0.0003115339064
3.105462745e-06
0.0003116215559
-3.317249091e-06
3.096951069e-06
-3.420203564e-06
-2.934223673e-06
0.0003120222705
0.0003121004337
-0.0003143954645
5.396303651e-06
0.0003145551811
-5.484696759e-06
5.383997009e-06
-5.704525064e-06
-5.284498138e-06
5.242925247e-06
0.0003142689916
0.0003144293221
-0.0003140880489
5.906265437e-06
0.0003141491901
-6.279485995e-06
6.107197726e-06
-5.871634637e-06
0.0003139969796
0.0003140886089
-0.0003094576733
4.852048593e-06
0.0003096126259
-5.452176104e-06
5.225222025e-06
-5.736637724e-06
-4.999121225e-06
4.77657635e-06
0.0003102060075
0.000310417834
-0.0003089788646
5.583836057e-06
0.0003091769013
-6.591454938e-06
6.310133711e-06
-6.022726915e-06
0.0003094115646
0.0003096209506
-0.000311819168
3.63986013e-06
0.0003119116429
-3.902810152e-06
3.740879192e-06
-4.12459866e-06
-3.638470432e-06
0.0003117032043
0.0003118526657
-0.0003102672897
4.185581502e-06
0.000310360456
-4.613292716e-06
4.393378275e-06
-4.288589116e-06
0.0003099767309
0.0003101852277
-0.0003148172195
4.799469244e-06
0.0003149846431
-5.017359003e-06
4.791597726e-06
-4.624841808e-06
0.0003152774342
0.0003155042047
-0.0003274244477
0.0003275647054
-2.5505573e-06
-4.394909586e-06
0.0003299471239
0.0003292912989
0.000326178706
-4.864548625e-06
5.416195446e-06
-4.591424839e-06
5.716063551e-06
3.538033271e-06
0.0003247670417
-0.0003263303604
0.0003252769688
-0.0003246177026
-3.359699553e-06
-4.541952117e-06
-0.0003251096349
0.0003251015953
-0.0003249514144
0.0003251773274
0.0003247236593
-5.356939456e-06
5.134436113e-06
-5.362191293e-06
5.582946476e-06
-0.0003246466051
-0.0003309038306
0.0003311900528
-3.21284005e-06
-1.045954044e-06
0.000331321781
0.000331393336
3.981789523e-06
0.0006350105418
-3.983045772e-06
-0.0006359248756
0.0006359838079
-0.0003178167011
-0.0006359836023
1.960774206e-06
0.0006359837156
-2.972356621e-06
2.972562188e-06
-2.972827548e-06
-2.972946488e-06
2.973579728e-06
0.0006368977223
0.0006368973377
-0.0006318011211
1.961155555e-06
0.0006318599461
-2.974327954e-06
2.973858051e-06
-3.033425535e-06
-2.973298203e-06
-0.0006340382071
0.0006331251467
-0.0006331245869
0.0006330664657
0.0006330644438
-0.0003166141484
3.984729354e-06
-0.000640175163
2.020880856e-06
0.0006401157109
-2.973874115e-06
2.973152668e-06
-2.972431429e-06
-0.0006412879576
0.0006403755666
-0.0006403748453
0.000640435229
0.0006403119705
-0.0003199616397
3.987389071e-06
-4.089085876e-06
-0.0003199671928
4.015384313e-06
0.0003201768446
-0.0003201090927
0.0003200310608
-5.862755987e-06
5.027496509e-06
-5.105528437e-06
4.879457071e-06
5.158340437e-06
-4.869228208e-06
-0.0003201499227
0.0003199641423
-3.873057472e-06
4.350496997e-06
-3.751095968e-06
3.237291022e-06
0.0003186189168
-3.00886672e-06
-0.0003195134839
0.0003189996789
-0.0003187133279
-3.06770924e-06
-2.920661735e-06
-0.0003088396704
3.414064833e-06
-4.16586636e-06
3.887887977e-06
-4.207381213e-06
-4.10761318e-06
-0.0003096216819
0.0003090341889
-0.0003092539141
0.0003088660049
4.143189397e-06
0.0003200102373
-5.086462424e-06
4.418039509e-06
-4.513613699e-06
4.202968113e-06
4.727072813e-06
0.0003198921209
-0.0003196656968
0.0003198791559
-0.0003199577812
-3.936814346e-06
-3.277313537e-06
-0.000321784724
0.000321934964
-0.0003217947096
0.0003215798139
-4.172642524e-06
3.617036368e-06
-3.831932158e-06
3.987510877e-06
-0.000321350098
0.0003166876315
-3.699702415e-06
3.245663201e-06
-3.385923402e-06
3.164314377e-06
3.526035943e-06
0.0003163127326
-3.60712874e-06
-0.0003164595379
0.0003165996504
-0.0003166103042
-3.141189647e-06
-3.269491153e-06
-2.911999449e-06
-0.0003181803914
0.0003178168257
-0.0003178143573
0.0003177460236
-2.901208161e-06
2.938455544e-06
-3.006789203e-06
3.083955806e-06
-0.0003174406553
0
0
0
0
0
0
0
0
0
0
0
0
0
0
0
0
0
0
0
0
0
0
0
0
0
0
0
0
0
0
0
0
0
0
0
0
0
0
0
0
0
0
0
0
0
0
0
0
0
0
0
0
0
0
0
0
0
0
0
0
0
0
0
0
0
0
0
0
0
0
0
-5.671654083e-08
0
-3.307228578e-09
0
-7.892725031e-08
-1.526640475e-06
0
-1.12618111e-05
7.795921651e-06
-5.61231586e-07
9.942598045e-09
-5.13533591e-07
-1.446185336e-05
-4.601495977e-07
0
0
0
0
0
0
0
0
0
0
0
0
0
0
0
0
0
0
0
0
0
0
0
0
0
0
0
0
0
0
0
-4.054760975e-05
1.559817329e-05
-4.478800299e-06
2.714313371e-06
-7.774887212e-06
-7.566559152e-05
3.298001027e-07
-2.580954349e-05
-0.0002130978715
0.0001647142746
-1.584757743e-05
9.813417228e-06
-1.635833067e-05
-0.0002607336954
4.759506338e-06
-0.0001493965614
-0.0003778145638
0.0003448934488
-1.116770871e-05
5.444460183e-06
-7.287659436e-06
-0.0004028022369
3.47931735e-06
-0.0002572027136
0
0
0
0
0
0
0
0
0
0
0
0
0
0
0
0
0
0
0
0
0
0
0
-5.833254539e-05
1.7632423e-05
-7.284654689e-06
7.753082037e-06
-1.522759269e-05
-0.0001206530942
2.809877258e-06
-6.311028157e-05
-0.0003973702856
0.0002943082773
-4.414861613e-05
3.757684227e-05
-5.117091793e-05
-0.0005058364358
2.550846974e-05
-0.0003705595034
-0.000826332874
0.0007237090952
-5.457610009e-05
4.077686104e-05
-4.890129915e-05
-0.0009209936589
3.232190236e-05
-0.0007336473907
-0.001135900796
0.001077413017
-1.973123515e-05
8.789563246e-06
-7.319323362e-06
-0.001179764302
9.205067388e-06
-0.0009690129807
0
0
0
0
0
0
0
0
0
0
-7.845980556e-07
1.470520742e-07
0
0
0
-8.220430317e-06
-1.028362398e-06
0
2.707175164e-06
-5.91459063e-06
-4.840648634e-05
6.098463375e-07
-2.045465083e-05
-0.0003453253377
0.0002199877066
-5.194768855e-05
5.157741181e-05
-7.42456801e-05
-0.000476856527
3.68568172e-05
-0.0003728045585
-0.0009599322058
0.000793780491
-0.0001063574185
9.52557182e-05
-0.0001095122309
-0.001123568569
8.060701944e-05
-0.0009659184577
-0.001555515571
0.001425017167
-8.747350085e-05
6.769756149e-05
-7.153227166e-05
-0.001669031942
6.265246016e-05
-0.001493320056
-0.001901241672
0.001841887808
-1.432277745e-05
-1.826990661e-06
5.407015834e-06
-0.001943640121
1.73815635e-06
-0.001778542124
0
0
0
0
0
0
0
0
0
0
-7.489597853e-06
5.001552891e-06
1.161178053e-05
3.198769991e-08
-1.839124374e-06
-0.0001042504831
-1.290751001e-05
2.954331483e-05
2.284626089e-05
-2.975252477e-05
-0.0002139074051
1.633437835e-05
-0.0001677750799
-0.0007121295809
0.0005242414959
-0.000101774702
0.000110509245
-0.0001242036767
-0.0009124996822
9.721663577e-05
-0.0008107739095
-0.001527370586
0.00132490548
-0.0001555755696
0.0001759529076
-0.0001613778539
-0.001738868059
0.0001680111663
-0.001622146945
-0.002131611482
0.002038638685
-0.0001365828201
8.278833295e-05
-8.929573424e-05
-0.002208893958
8.114852711e-05
-0.002101425296
-0.002291646946
0.002283462452
-1.616266527e-05
-1.177516249e-05
8.143781762e-06
-0.002292631856
-1.100910835e-05
-0.002256864809
0
0
0
0
0
0
0
0
-1.730681325e-06
-3.261483293e-06
-1.595789248e-05
1.449920592e-05
4.603332409e-05
2.055830394e-05
-1.008359987e-05
-0.0002252659495
-3.020608976e-05
0.0001062493401
4.875449909e-05
-5.464332266e-05
-0.0003819019744
4.196080353e-05
-0.0003395517499
-0.00100663132
0.0007804401256
-0.0001408464052
0.0001541349276
-0.0001625578439
-0.001238509
0.0001477934441
-0.001175313282
-0.001899559233
0.001700875734
-0.0001768269569
0.0001610465559
-0.0001722232248
-0.002064757895
0.0001566601342
-0.001993105116
-0.002366942381
0.002301025052
-8.38592417e-05
7.161141682e-05
-5.908368961e-05
-0.002392903797
8.418554489e-05
-0.002394573211
0
0
0
0
0
0
0
0
-9.039460661e-06
-1.040838186e-05
-2.078751161e-05
1.961307637e-05
6.836216437e-05
5.070368069e-05
-1.670336623e-05
-0.0003011492006
-4.074611093e-05
0.0001575059149
6.411625056e-05
-6.873490021e-05
-0.0004829790439
6.247418528e-05
-0.0004618451675
-0.001176373096
0.0009297185889
-0.0001589832953
0.0001754115948
-0.0001791667562
-0.001425180512
0.0001732080626
-0.001391052192
-0.002083424804
0.001888273883
-0.0001781678094
0.0001601951626
-0.0001581114086
-0.002243811563
0.0001663658221
-0.002214665785
0
0
0
0
0
0
0
0
-1.534202592e-05
-1.689956574e-05
-2.399831139e-05
2.323863205e-05
8.471620372e-05
7.320071134e-05
-2.16951543e-05
-0.0003461732691
-4.556237223e-05
0.000189520552
7.337582891e-05
-7.47287776e-05
-0.0005404533709
7.177989466e-05
-0.0005288078764
-0.001261839851
0.001008104379
-0.0001653719437
0.0001834106974
-0.0001844905555
-0.001514948276
0.0001820703037
-0.00149654158
-0.002166637238
0.001977017783
-0.0001786723721
0.0001572232084
-0.0001570092103
-0.002317674714
0.0001575246642
-0.002300874606
0
0
0
0
0
0
0
0
-2.31452516e-05
-2.551519448e-05
-2.792246113e-05
2.692374599e-05
0.0001040673916
8.898699054e-05
-2.494001709e-05
-0.0003832975136
-5.043422267e-05
0.0002164725771
7.896182443e-05
-8.065445342e-05
-0.0005873708693
7.736126895e-05
-0.0005740026006
-0.001331967862
0.001071810934
-0.0001712301174
0.0001879632542
-0.0001893444474
-0.001589593809
0.0001866755954
-0.001568696742
-0.002243062355
0.002054966337
-0.0001791410102
0.0001564857878
-0.0001561676514
-0.002390588468
0.0001566633381
-0.002370357786
0
0
0
0
0
0
0
0
-3.467841531e-05
-3.803916821e-05
-3.252414965e-05
3.191905039e-05
0.0001290073287
0.0001093982519
-2.89887039e-05
-0.0004270978067
-5.605230906e-05
0.00024895191
8.563752777e-05
-8.734585119e-05
-0.0006419227746
8.390998993e-05
-0.0006279001514
-0.00141095114
0.00114433436
-0.0001775736166
0.0001931460868
-0.0001944307883
-0.001672997253
0.0001918415486
-0.00165196311
-0.002325651024
0.002140164352
-0.0001793062302
0.0001553454481
-0.0001550398469
-0.002468185258
0.0001556437378
-0.002449119445
0.0001343128241
-3.392510921e-05
-0.0004723499941
0.0002827229644
9.335687861e-05
-0.0007054486498
9.120152441e-05
-0.000688185501
-0.00149829243
0.001225834427
0.0001987229467
-0.001763789817
0.0001972216836
-0.001739973405
-0.002411306832
0.002230115222
0.0001538142602
-0.002547110164
0.0001543064071
-0.002527520837
5.500080117e-06
-0.001224819688
0.001221275474
-0.001230866393
1.509099905e-05
1.765094425e-05
0.001211026764
1.924162832e-05
0.00116874236
-2.136050853e-05
0.001173889243
1.603416042e-05
0.00125637576
6.924097056e-06
-1.100295064e-05
1.100843129e-05
0.00125637028
-1.105536175e-05
0.001259085257
-1.114755469e-05
1.115092322e-05
0.001238043426
-0.001240453432
-1.108641698e-05
0.001240392294
-6.998325556e-06
0.001286141712
7.11741989e-06
-1.112918004e-05
1.11364898e-05
0.001286134402
-1.112151312e-05
0.001289250624
-1.110849174e-05
0.001262675182
-0.001267036681
0.001267031184
-1.110299483e-05
-7.139042322e-06
0.001314647925
7.239963076e-06
-1.124420801e-05
1.119210777e-05
0.001314700026
-1.123531762e-05
0.001318107035
-1.117402255e-05
0.00129302399
-0.00129692724
0.00129691903
-1.116581293e-05
-7.150605588e-06
0.0003261574807
-2.837776082e-06
2.31051032e-06
-2.375431738e-06
2.307366967e-06
-1.122624864e-05
0.001322127711
-0.001325913582
0.001325904155
-1.12168216e-05
-7.264714625e-06
0.0003341468268
-3.275177303e-06
2.943820546e-06
-2.59806821e-06
0.0003338010745
3.085385369e-06
0.0003338969062
2.457993624e-06
-2.594451608e-06
-0.000330176848
2.45221709e-06
3.06074625e-06
0.0006292991548
-5.189423785e-06
-0.0003147891808
4.107353252e-06
-4.049979451e-06
0.000629241781
0.0006292749568
4.047529883e-06
-4.048361285e-06
0.0006239355149
-0.0006253140302
0.0006252557989
4.10576115e-06
5.057564219e-06
-3.495061035e-06
3.486028129e-06
-0.0003142381889
0.0003146062567
-0.0003145971916
-3.504126073e-06
-3.083946651e-06
-0.0003152871425
2.951941538e-06
-3.358863389e-06
3.349017469e-06
-0.0003152772966
-0.0003144054672
0.0003295040318
-3.561432726e-06
2.65803892e-06
-2.72864794e-06
2.303027466e-06
-0.0003264778904
2.299501272e-06
2.556235429e-06
3.085527479e-06
0.0003341140095
-0.0003340113531
0.0003341486645
-0.0006680825708
1.276498944e-06
0.001233311777
7.348297056e-06
-1.126721026e-05
1.138265571e-05
0.001233196332
0.00123614072
-1.245698807e-05
1.481105826e-05
0.00123028579
-0.001220374472
-1.199301483e-05
0.001219910499
-8.291722396e-06
0.0006143391288
-4.539524861e-06
3.685298106e-06
-3.604249255e-06
0.0006142580799
3.744150795e-06
0.0006147342137
2.310459158e-06
-7.983161657e-08
-0.0006153465256
-1.413045913e-07
1.770852298e-06
0.0006231467863
-5.064906201e-06
4.049620122e-06
-4.050630989e-06
0.0006231477971
0.0006236010473
4.057910555e-06
-4.058246413e-06
0.0006182782776
-0.0006193678734
0.0006193689741
4.056809856e-06
5.137571326e-06
0.0006182673966
-4.904497171e-06
4.000882164e-06
-4.00105675e-06
0.0006182675712
0.0006181039652
3.781760657e-06
0.0006140601976
-0.0006151721863
0.000615117609
3.836337977e-06
4.912483156e-06
2.582514426e-05
-0.0006431234322
0.0006337447543
-0.0006242551606
1.633555056e-05
2.591120718e-05
0.0006261227683
1.952035037e-06
-1.959391645e-06
-0.000331767536
1.822702645e-06
1.845509826e-06
0.0003128067873
-3.170866974e-06
4.490954981e-06
-3.519847592e-06
0.0003118356799
0.0003108435683
1.624444154e-06
-0.0003147826037
-7.299277893e-08
-4.831538174e-06
-3.419443729e-06
3.504106844e-06
-0.0003135210187
0.0003132649151
-0.0003135293632
-0.0003140000088
3.151462688e-06
-3.578812095e-06
3.585487418e-06
-0.0003140066842
-0.0003137942028
9.757478374e-06
-0.0003270658686
0.0003179603215
-0.0003277811077
1.957826461e-05
7.935930562e-06
2.44888217e-06
-2.449893402e-06
-0.0003250178268
2.449609623e-06
3.052968417e-06
0.0003244010329
2.444590506e-06
0.0003316266179
-2.354355499e-06
2.031233649e-06
-2.102655531e-06
2.234695961e-06
-2.103449492e-06
-0.000328884909
2.374013142e-06
2.707770678e-06
0.0003280484167
-2.274735673e-06
2.162286503e-06
-2.16288146e-06
0
0
0
0
0
0
0
0
0
0
0
0
0
0
0
0
0
0
0
0
0
0
0
0
0
0
-3.885183244e-06
0
0
4.395543433e-07
0
-3.918875333e-06
-3.25472048e-08
0
-1.244219323e-06
0
0
1.473517859e-06
-6.793035354e-05
1.001203986e-05
-1.906371542e-05
3.004479572e-05
4.421780938e-07
-4.142034154e-05
-2.005967554e-06
2.635588896e-07
-5.350982669e-06
0
-4.353428208e-06
1.735074241e-06
-0.0001417484867
5.175701721e-05
-6.003897958e-05
-1.191877603e-06
3.994020996e-07
-2.179545016e-06
-1.665105877e-08
0
0
0
0
0
0
0
0
0
0
0
0
0
4.844869221e-07
-2.354856126e-05
0
-4.29300798e-06
2.100753731e-05
1.769197424e-06
-5.323307707e-05
-2.469650489e-06
3.343853067e-07
-7.332707518e-06
0
-3.171821503e-06
1.544690294e-05
-0.0002512439616
9.788311067e-05
-0.0001517911859
0.0002117110976
1.388662701e-05
-0.0002746485934
-1.973914135e-05
1.116889159e-05
-3.033439968e-05
-4.944064087e-06
-0.0001179793635
2.400680878e-05
-0.0005575755161
0.000337674171
-0.0003982633522
0.0004539838956
1.38391848e-05
-0.0005029277091
-2.234661559e-05
1.589137173e-05
-2.898873643e-05
-1.008345038e-05
-0.0003052793525
8.648625943e-06
-0.0007647311484
0.0005433092608
-0.0005738512559
-3.10524618e-06
3.474882353e-06
-1.744683897e-06
-3.051895892e-06
9.704273051e-09
-3.907426396e-06
0
-6.829003593e-08
0
1.072194055e-05
2.103108863e-06
-4.76674979e-05
-1.297954786e-06
1.807832914e-07
-4.05971294e-06
0
-1.363815904e-06
2.501339416e-05
-0.0002784466223
0.0001098723363
-0.0001934189646
0.0002939587365
3.489378238e-05
-0.0004070502256
-3.71007262e-05
2.491828989e-05
-5.09927226e-05
-1.488334596e-05
-0.0002006703766
6.572648543e-05
-0.0008077678478
0.000528163568
-0.0006529810815
0.0007774102317
5.659367281e-05
-0.0008978064828
-6.933601361e-05
5.569547925e-05
-8.283921083e-05
-4.250336156e-05
-0.000615787922
5.631995618e-05
-0.001306561885
0.001010856044
-0.001113877611
0.001204695184
3.077586371e-05
-0.001281662344
-4.598781345e-05
4.11657533e-05
-4.970463642e-05
-3.538353404e-05
-0.001005274826
4.871960555e-06
-0.001591680645
0.00134358079
-0.001389771203
8.799140516e-06
-4.32165035e-06
1.385510534e-05
7.25707944e-07
1.055735348e-05
-0.0001232790226
2.385057343e-05
-8.266260824e-05
9.895831288e-07
0.00017430308
3.289555104e-05
-0.0002966151299
-2.389734684e-05
1.630348878e-05
-3.274163126e-05
-1.014992501e-05
-0.0001220673907
8.849609725e-05
-0.0007129897277
0.0004442415632
-0.0006036089971
0.0007765077203
9.963051871e-05
-0.0009360877518
-0.0001091824318
8.629002191e-05
-0.0001170460584
-6.646810139e-05
-0.000631395881
0.0001272467887
-0.001451389707
0.001109675502
-0.00127920908
0.001440939914
9.950154281e-05
-0.00158878274
-0.000118825556
0.0001073332416
-0.0001400215311
-9.564251289e-05
-0.001280000902
7.505975704e-05
-0.001973335263
0.001719123774
-0.001829492697
0.001920362099
3.374732995e-05
-0.001991679928
-5.403826854e-05
5.344086442e-05
-5.557737213e-05
-5.216049065e-05
-0.001764661529
-8.624272967e-06
-0.002186894293
0.002044712885
-0.002081366143
2.761841949e-05
-2.374489106e-05
3.025605097e-05
1.897145249e-05
3.470517506e-05
-0.0002937689114
0.0001323888994
-0.0002547707732
4.506353403e-05
0.0004158638376
7.658971231e-05
-0.0005977985201
-6.131990951e-05
5.175696227e-05
-6.75973279e-05
-4.215111848e-05
-0.0003558669096
0.0001366472373
-0.001097639135
0.0007979522856
-0.001009168589
0.001223289795
0.0001515094593
-0.001432981279
-0.0001531090777
0.0001413088626
-0.0001631946254
-0.0001282723276
-0.001118195009
0.0001560860408
-0.001912720689
0.001632945104
-0.001824089081
0.002001861596
0.0001592497892
-0.002148333123
-0.0001508028423
0.000162887869
-0.0001419575209
-0.0001584086292
-0.001908558571
9.412046007e-05
-0.00236885823
0.002254472039
-0.002317452311
0.002326865176
3.946326341e-05
-0.002325198958
-9.077209233e-05
6.393769237e-05
-8.997543174e-05
-5.673761194e-05
-0.002254805121
1.881646553e-06
-0.001175732975
-9.709959889e-07
-0.001161655597
0.002319638905
-0.002309613477
-3.039927873e-05
1.719977004e-05
1.130501756e-05
-0.001167684321
-9.817457327e-06
3.131758098e-05
5.925276879e-05
-0.0004441185609
0.0002526029725
-0.0004193220232
0.0001240143155
0.0006171450874
0.0001132960603
-0.0008379369982
-8.910111513e-05
8.341663688e-05
-9.304671664e-05
-7.606353503e-05
-0.0005695125948
0.0001688819652
-0.001355989895
0.001072780387
-0.001312175177
0.00154681837
0.0001811407984
-0.001767799862
-0.0001815638741
0.0001762459751
-0.0001851695242
-0.0001692181891
-0.001467847308
0.0001774196331
-0.002189397471
0.001962781118
-0.002129869829
0.002258446958
0.0001111642667
-0.002347716537
-0.0001427649601
0.0001412022209
-0.0001363532078
-0.000138754367
-0.002199373378
5.885301154e-05
-0.002438050287
0.002393348925
-0.002397835114
4.779842811e-05
0.001202654175
-3.067633819e-05
-4.642331804e-05
4.518048519e-05
-0.001199212735
-0.001197379546
-0.001207685842
-0.001231672719
-2.646936824e-05
-7.253759043e-05
-0.002420263163
-0.001201680193
-2.032317117e-05
0.001205719971
-0.001184585548
2.139701596e-06
-5.569853349e-05
0.001233088754
2.832975089e-05
-4.477379522e-05
0.001229797763
6.965165135e-05
-0.0005146272447
0.0003170498554
-0.0005035820171
0.0001686635892
0.0007202371311
0.0001315402843
-0.0009579678144
-0.0001013014753
0.0001001947007
-0.0001036488057
-9.504643449e-05
-0.0006953642353
0.0001802649427
-0.001474628002
0.001206799879
-0.001456376218
0.001696223023
0.0001892169793
-0.001916427506
-0.0001905727857
0.0001896351447
-0.0001917885023
-0.000187056389
-0.00166580786
0.0001579366411
-0.002281921339
0.002107779208
-0.002262471428
0.002373999261
0.000101512139
-0.0001309016902
0.0001314063804
-0.0001301418669
-0.0001333325303
-0.002360892187
7.605470414e-05
-0.0005622542906
0.0003547507821
-0.000551358635
0.0001956954237
0.0007772654212
0.0001383685752
-0.001023011845
-0.0001083806145
0.0001069168988
-0.0001098115722
-0.0001054212834
-0.0007642024388
0.0001856271697
-0.001550109632
0.001278329048
-0.001532457742
0.001774831946
0.0001914631022
-0.001995311677
-0.00019433221
0.0001935342736
-0.0001951045215
-0.0001927058987
-0.001756680344
0.000156837588
-0.002352024355
0.002184567292
-0.002334713028
0.002439504955
9.82813227e-05
-0.0001287164974
0.0001291465971
-0.000128397109
-0.000129581964
-0.002423763042
8.227415032e-05
-0.0006142605647
0.0003941277732
-0.0006009562437
0.0002244262227
0.0008362518967
0.0001448562086
-0.001090131612
-0.0001151426207
0.0001134016879
-0.0001169078895
-0.0001115419009
-0.0008201099179
0.000190612539
-0.001631366994
0.001351980145
-0.001610847633
0.001855882073
0.0001933589377
-0.002076854376
-0.0001978463862
0.000196961731
-0.0001987275046
-0.0001960589139
-0.001834048158
0.0001559115904
-0.002429916116
0.002264402007
-0.002410686611
0.002509580565
9.618013566e-05
-0.0001269779346
0.0001274696305
-0.0001264154913
-0.0001279762551
-0.002491196799
0.0006331251074
-1.005909386e-06
-8.877528606e-09
9.457500475e-09
-6.724614911e-08
-6.86814676e-08
1.054923321e-08
-0.0006318594754
9.012941779e-05
-0.0006753884766
0.0004407933887
-0.0006581638289
0.0002596486486
0.0009027253624
0.0001519636148
-0.001164322036
-0.0001234645468
0.0001206078647
-0.000124710894
-0.000118762717
-0.0008843876884
0.0001960530593
-0.001719738814
0.001432004426
-0.001694613398
0.001941116216
0.0001951480281
-0.002161227226
-0.0002014460735
0.0002004651293
-0.0002023358783
-0.0001995895719
-0.001919523636
0.0001543972173
-0.002507078063
0.002345639331
-0.002486637414
0.002578206754
9.357688942e-05
-0.0001246324738
0.0001253435349
-0.0001241133055
-0.0001258810907
-0.002561780324
0.0006479235544
-8.931642624e-07
-1.165515892e-07
5.72654143e-08
-1.155207085e-07
-5.822137751e-08
1.191466665e-07
-0.0006469496895
-0.0001269865016
-0.0009578243977
-0.0002033298661
-0.002011199805
-0.000123414405
-0.002631854682
0.0006627873209
-6.617346414e-07
-2.793140098e-07
2.808104748e-07
-2.159701871e-07
-2.822340052e-07
2.836440397e-07
-0.0006617499117
0.0006441495258
-9.509446614e-07
-6.002759845e-08
1.078530715e-09
-6.174529284e-08
1.220822729e-07
-0.000643773662
0.0006585196435
-7.80795495e-07
-2.237950118e-07
2.252023829e-07
-1.652684627e-07
2.278244184e-07
-0.0006577288275
3.874489171e-06
0.0006187793477
-9.269735096e-06
-6.920634655e-06
3.023051801e-05
-0.0006253957082
-0.0006287805685
-0.0006084724635
-0.0006112330125
-2.135249566e-05
0.001217864855
-0.001224770559
0.001233648581
-0.0006204114776
-1.345595156e-05
-0.001232577802
0.001216402175
1.616177761e-05
2.102923265e-05
-0.001177463366
2.498904536e-06
0.001175445085
-4.488669129e-06
9.14545527e-07
-1.237941463e-05
-2.503825088e-06
-0.001192428524
-3.813721355e-06
0.001183234792
-0.001184824072
8.999633234e-06
-1.101449104e-05
1.101887651e-05
0.001249525937
-0.001253362059
0.001253355999
1.509376137e-05
-1.514582957e-05
0.001256364078
1.509996324e-05
1.913745563e-05
0.001242907004
-1.102440022e-05
0.001242844987
0.001246562425
-1.114306617e-05
0.00127923803
1.114966171e-05
-0.001282246964
0.001282240388
-0.001282232919
-1.919887128e-05
1.517084357e-05
-1.516337479e-05
1.51779541e-05
1.515628387e-05
-1.514809957e-05
0.001286127311
-0.001267083028
-1.922760242e-05
1.513943966e-05
-1.519128303e-05
1.518470748e-05
-0.001275106448
0.001271030779
-0.001271037355
0.001271043587
-1.109676304e-05
0.0006368970932
-9.480538298e-07
-6.5654392e-08
7.100246737e-09
-6.51607345e-08
-7.698801971e-09
-0.0006359834006
-1.120119986e-05
0.001306788206
1.114907446e-05
-0.001310995894
0.001310986802
-0.001311039113
-1.91941317e-05
1.516614087e-05
-1.521845176e-05
1.51147238e-05
1.514839226e-05
-1.52010563e-05
0.001314629966
-0.001296910865
-1.922728012e-05
1.514029242e-05
-1.513212755e-05
1.512360478e-05
-0.001303986724
0.001300626098
-0.00130063462
0.001300642811
-1.115762228e-05
0.0006517612098
-8.955846816e-07
-1.123786318e-07
1.134426233e-07
-5.04877351e-08
-5.415066513e-08
-0.0006507865672
2.378105108e-06
-2.443328713e-06
-0.0003259885817
-0.001325896004
-1.922417418e-05
1.525388001e-05
-1.524572909e-05
1.523721617e-05
-0.001333025421
0.001328683434
-0.001328691947
0.001328677106
0.001328639508
-1.126926066e-05
0.0006658230138
-6.042344428e-07
-3.343067845e-07
2.740397122e-07
0.0006658832809
-3.944783267e-07
0.0006673544052
-2.14197238e-07
-0.0006639839199
2.181448362e-06
-1.904202585e-06
-0.0003339268594
-2.203908071e-06
2.274328713e-06
0.0003335997534
0.0003305898112
2.316672107e-06
2.308154999e-06
0.000308008188
-4.18448846e-06
3.543074418e-06
-3.486754635e-06
3.598759011e-06
3.457638671e-06
-0.000307299288
0.0003095757918
-4.289940045e-06
3.869420915e-06
-3.73719528e-06
3.946325557e-06
3.479848849e-06
-3.289298423e-06
-0.0003101472561
4.050721836e-06
0.0006277079339
-4.108808757e-06
-0.0006286203054
0.0006286210478
-0.0003142277745
-0.0006286210989
2.078110553e-06
0.0006286209709
-3.092952746e-06
3.092901643e-06
-3.151203357e-06
-3.092602017e-06
0.0006292420806
0.000629300566
-0.0006251974823
2.077508942e-06
-3.092481372e-06
3.150797911e-06
-3.092869701e-06
-3.149838169e-06
-0.0006270272987
0.0006267531008
-0.000626752141
0.0006266940929
0.0006268118239
4.165443989e-06
0.0003122218693
-3.235030817e-06
3.223397766e-06
-3.162741181e-06
3.172437025e-06
3.230144352e-06
-3.293024546e-06
-0.0003116948576
0.0003145199984
-4.811611866e-06
4.122876034e-06
-4.200069266e-06
3.986172432e-06
4.217863406e-06
0.0003146697219
-4.292646222e-06
-0.0003147033067
0.0003147211008
-0.0003147877858
-3.570811084e-06
-3.578624909e-06
0.0003097558899
-4.715136674e-06
3.816004993e-06
-3.887923839e-06
3.811984615e-06
3.885388033e-06
-0.0003091873048
0.0003118719747
-3.480648334e-06
3.303840556e-06
-3.368740201e-06
3.378775045e-06
-3.329615453e-06
-0.0003119897708
0.0006404347362
-9.491886786e-07
-6.319630922e-08
4.409785419e-09
-6.455914084e-08
-0.0006401747707
-3.279878663e-06
-0.0003160847583
0.0003158086184
-0.0003157394796
0.000315659049
-4.321981733e-06
3.746704627e-06
-3.827135291e-06
3.907073335e-06
-0.0003151973586
2.660873276e-06
-2.594790776e-06
-0.0003294069558
0.0003260979414
2.234754208e-06
2.169967392e-06
0.0006546847077
-7.772175173e-07
-2.29055091e-07
1.693621499e-07
-4.91058659e-08
-0.0006531649316
-0.0003342159467
-2.273829138e-06
-1.149614194e-05
1.156497539e-05
0.001225472837
-0.001229054471
0.001228940984
0.001225149935
-1.179083657e-05
0.001224947757
0.001229332682
3.040392865e-06
0.0006153431038
-3.789828224e-07
-0.0006173078081
0.0006167439517
-0.0006165347798
1.530980185e-06
-2.420260517e-06
2.629432377e-06
-1.44150061e-06
-2.660307111e-06
2.668830866e-06
0.0006142272052
6.87009757e-07
-0.0006167810585
0.0006211665366
-0.0006231954399
0.0006194299834
-3.90676112e-06
4.051978899e-06
0.0006213168999
-4.053754355e-06
-0.000621480589
0.000621481937
-0.0006214824145
2.077670437e-06
-3.09405525e-06
3.093577684e-06
-3.094285061e-06
-3.093010018e-06
0.0006231483648
-0.0006193694684
2.077962233e-06
-3.038654353e-06
3.038160019e-06
-3.039486055e-06
-3.037417983e-06
-0.0006212053967
0.0006198280727
-0.0006198273307
0.0006198258031
4.055282275e-06
3.944644787e-06
0.0006175017125
-3.88919087e-06
-0.0006168303555
0.0006167739435
-0.0006167745448
1.965133843e-06
-2.983751866e-06
2.983150608e-06
-2.928281054e-06
-3.039732808e-06
0.000618210989
-0.0006150628523
1.742292118e-06
-2.763205913e-06
2.81796255e-06
-2.872822552e-06
-0.0006161198947
0.0006153092556
-0.0006153641156
0.0006154190442
3.891266626e-06
-3.547738198e-06
0.0006012960813
0.0006056274211
0.0006139335629
2.913682717e-05
-2.943923595e-05
0.0006189857949
2.438700391e-05
-2.995336457e-05
0.000627516917
0.0006217159929
1.367536589e-05
-0.000313870549
-7.716825864e-06
5.177658215e-06
-1.571603535e-05
0.000618531324
-0.0006216667947
0.0006111284175
-0.000621490361
0.0006388396248
5.973607043e-06
1.597109799e-05
0.0003315144909
1.888060318e-06
0.0003072753029
-3.920887425e-06
3.29244941e-06
-3.414817439e-06
3.285088734e-06
3.534616166e-06
-0.0003071022577
0.0003078759679
-3.455746752e-06
3.33482214e-06
-3.331978297e-06
3.392649648e-06
-0.0003088319515
1.465401282e-06
2.35263273e-06
-0.0003152232892
-3.845495057e-06
0.0003091685746
0.0003170011291
-1.124849389e-06
0.0003138313093
-3.939215009e-06
3.910536146e-06
-3.608590066e-06
4.14506809e-06
3.378734101e-06
-0.0003140479108
-3.64230853e-06
-0.0003143861212
0.0003141662869
-0.000314223108
0.0003141603677
-5.261400432e-06
4.305346359e-06
-4.368086601e-06
4.356144543e-06
-0.0003140186262
0.0003105558255
-4.225403792e-06
3.605296123e-06
-3.618702516e-06
3.598483214e-06
3.739523647e-06
-0.0003096924508
0.0003102635992
-3.851548446e-06
3.454104788e-06
-3.521746334e-06
3.586987069e-06
-0.0003104385261
-1.087991999e-05
-8.667969315e-06
-2.443627308e-05
2.908208957e-05
-1.817720423e-05
0.0003171501585
0.0003304807197
-0.0003220276571
2.80313272e-05
0.0003252448964
2.44548715e-06
2.235170281e-06
-0.00033133609
0.0003288738979
2.451982409e-06
2.166357974e-06
-0.000327633898
0
0
1.216652293e-06
0.0006662523925
2.218357896e-05
0.001159412927
0.001163619075
0.001207262879
1.424776259e-05
-1.471064087e-05
1.428767794e-05
4.917727506e-05
0.001207544339
-2.765495343e-06
-0.001180115986
0.001328794316
-2.738821353e-05
0.0006293000101
-1.062851961e-06
1.058875461e-07
-4.674753446e-08
4.617129251e-08
-1.038841174e-07
-0.0006286207331
0.0006175612915
1.033708719e-05
1.429243772e-07
8.945903573e-06
-0.001253350714
1.510524799e-05
1.511147131e-05
-0.001240330267
-1.916204148e-05
1.518337333e-05
-1.512134548e-05
1.524526054e-05
1.511621836e-05
0.00124283986
0.0006265773679
1.034019503e-07
-0.001228883537
-1.963468964e-05
1.553550028e-05
-1.547805241e-05
1.562783789e-05
1.530516844e-05
0.001233023448
-0.001218747225
-2.030141673e-05
1.725452084e-05
-1.609124686e-05
1.585452081e-05
0.001224711031
2.737755435e-05
0.000619388741
-1.604405584e-05
-0.0006213141355
0
0
0
0
0
0
0
0
0
0
0
0
0
0
0
0
0
0
0
0
0
0
0
0
0
0
0
0
4.564910449e-06
2.88282058e-06
-5.737764915e-07
1.288801798e-07
-1.232231212e-06
-4.906021519e-09
-8.775089249e-07
3.909490953e-05
1.252246224e-05
-3.631546963e-06
2.874850544e-06
-4.26359345e-06
-2.008296989e-06
-3.011191274e-05
6.463404308e-05
1.919308103e-05
-6.00248202e-06
5.806862472e-06
-6.595699109e-06
-4.583498009e-06
-5.800546805e-05
8.089792625e-05
2.247488405e-05
-7.871200549e-06
7.456553347e-06
-8.291515234e-06
-7.057016682e-06
-7.716225547e-05
9.898656584e-05
2.59501284e-05
-9.955031489e-06
9.392067304e-06
-1.053615543e-05
-8.821007533e-06
-9.391708571e-05
0.0001223468247
3.006137803e-05
-1.296353164e-05
1.180925066e-05
-1.331780922e-05
-1.116567763e-05
-0.0001149625395
-1.419249249e-05
-0.0001373210395
-1.644466024e-05
0.001160168037
-1.688173078e-05
-0.001199973599
-2.007231202e-05
-0.0006399069769
-0.0003069052159
-2.085204825e-05
1.920237952e-05
-0.000305596652
-1.613815558e-05
1.482959169e-05
-1.247206484e-05
1.150509212e-05
-0.0003050522732
-2.198888673e-05
-0.0003042566318
-1.693379696e-05
-1.309740875e-05
-0.0003287908275
1.595896858e-05
-1.565236476e-05
-0.0003290360367
1.240412633e-05
-1.215891715e-05
9.558505842e-06
-9.374519725e-06
-0.000310502368
-1.534661994e-05
1.559112354e-05
-0.0003106245188
-1.185304804e-05
1.197519884e-05
-9.129769157e-06
9.313306396e-06
-0.0003285153901
1.632680989e-05
-0.0003286992372
1.258797348e-05
9.742372135e-06
-0.0003296280328
1.626518786e-05
-1.632670392e-05
-0.0003295665987
1.258792189e-05
-1.264935602e-05
9.742305291e-06
-9.74224436e-06
-0.0003049955537
-1.756309645e-05
1.762486737e-05
-0.000305119184
-1.351488801e-05
1.363851836e-05
-1.048403203e-05
1.05457403e-05
-0.0002827149642
-1.777916734e-05
1.698012624e-05
-0.0002820871353
-1.374803828e-05
1.312020936e-05
-1.065130671e-05
1.013757655e-05
-0.000303085942
-1.80644349e-05
-0.0003029147515
-1.391922876e-05
-1.082232965e-05
-0.0003008374648
2.397375893e-05
-2.527658058e-05
-0.0002998744984
1.852191045e-05
-1.948487683e-05
1.42883364e-05
-1.508134929e-05
-0.0003035905942
2.278323661e-05
-0.0003027403904
1.767170662e-05
1.360806135e-05
-0.0003063562409
1.376439565e-05
-1.382479908e-05
-0.0003063563125
1.069673245e-05
-1.069666088e-05
8.27790172e-06
-8.277904087e-06
-0.0003254729502
1.370400819e-05
-1.370398952e-05
-0.0003254729353
1.05756768e-05
-1.057569163e-05
8.21755571e-06
-8.217541063e-06
-0.0003247873159
-1.376445454e-05
1.376445344e-05
-0.0003247872955
-1.063631158e-05
1.063629117e-05
-8.277974688e-06
8.277995011e-06
-0.0003216443312
1.382482863e-05
-0.0003215838919
1.063629315e-05
8.277995335e-06
-0.0003245593228
-1.376445565e-05
-0.0003244989262
-1.069670821e-05
-8.21757816e-06
-0.0002743787261
-1.504088705e-05
-0.0002745621943
-1.166957984e-05
-9.007567896e-06
-0.0003242066819
-1.497968483e-05
1.497972365e-05
-0.0003241456693
-1.160838871e-05
1.154737613e-05
-8.946391474e-06
8.946478493e-06
-0.0003256402251
1.364331722e-05
-0.0003257009199
1.063637162e-05
8.156858797e-06
-0.0003253896661
1.491920163e-05
-1.431162424e-05
-0.0003258757251
1.154773893e-05
-1.106167995e-05
8.885854216e-06
-8.582135041e-06
-0.0003272101305
-1.510157378e-05
-0.0003272101858
-1.160833338e-05
-9.068357626e-06
-0.0003260994916
1.504068589e-05
-0.0003262210749
1.166932218e-05
9.068312e-06
-0.0003306662804
1.608055889e-05
-1.620378363e-05
-0.0003306045984
1.240310134e-05
-1.246478333e-05
9.619170437e-06
-9.680747271e-06
-0.0003299192249
1.626529182e-05
-0.0003298576918
1.252638879e-05
9.742334367e-06
-0.0003308343754
1.595724272e-05
-0.0003308343979
1.240312386e-05
9.55755588e-06
-0.0003270391164
-1.68837165e-05
-0.0003275330936
-1.302091082e-05
-1.005159855e-05
-0.00030645795
1.817841195e-05
-0.0003056614991
1.403314079e-05
1.087934894e-05
-0.0002791625751
-3.148184935e-05
2.992971375e-05
-0.0002779603657
-2.42999748e-05
2.309776541e-05
-1.873207056e-05
1.781786237e-05
-0.0002979962959
-3.329746101e-05
-0.0002966036044
-2.569266627e-05
-1.980914365e-05
-0.0004263350738
2.789588968e-05
-0.0004247758131
2.153850473e-05
1.661447555e-05
-0.0002567353537
2.657842522e-05
-0.0002557570674
2.056021845e-05
1.581717662e-05
-0.000303837651
-2.232979283e-05
-0.0003034967027
-1.72747452e-05
-1.326781068e-05
-0.0003284412824
-1.559112948e-05
-0.0003285637975
-1.203640208e-05
-9.374486196e-06
-0.000326011335
-0.0003260725382
-0.0003289880604
1.632672063e-05
-0.000329049446
1.264935905e-05
9.803703151e-06
-0.0003293999123
-0.0003293999093
-0.0004568333002
1.756296487e-05
-0.0004567714089
1.357662701e-05
1.054581533e-05
-0.0003051973307
-0.0003050834187
-0.0002959429301
3.599536156e-05
-3.918636307e-05
-0.0002934892065
2.776542699e-05
-3.021915067e-05
2.140309338e-05
-0.0003007187692
-0.0002986460085
4.341254066e-05
-4.762611387e-05
-0.0002835401351
-4.134625025e-05
-3.188395029e-05
-0.0002566965984
-0.000287456013
-0.0002863806714
-0.0003037919547
-0.0003033949933
-0.0002699641129
-1.382472068e-05
-0.0002699641067
-1.06966671e-05
-8.27798922e-06
-0.0003253055481
-1.370389493e-05
-0.0003252449508
-1.063628902e-05
-8.217526416e-06
-0.0003250159288
-0.0003250159266
-0.0003241033791
1.376445818e-05
-0.0003241033589
1.063627294e-05
8.278015456e-06
-0.0003242709167
-0.0003243313519
-0.0003013538761
1.491867453e-05
-0.0003013538708
1.15473709e-05
8.946486413e-06
-0.0003258074497
1.376472112e-05
-0.0003258681514
1.069707337e-05
8.217584169e-06
-0.0003254277039
-0.0003257923105
-0.0003269201879
-1.504057449e-05
-0.00032679829
-1.173023123e-05
-9.007412006e-06
-0.000326570473
-0.000326631382
-0.0003303747655
-1.620379472e-05
-0.0003303131772
-1.252637163e-05
-9.680760509e-06
-0.0003300854516
-0.0003300854345
-0.0003308152388
1.61423924e-05
-0.0003309388029
1.252668799e-05
9.619176899e-06
-0.0003296829771
-0.0003301771999
-0.0002909924728
1.492384063e-05
-1.515238348e-05
-0.0002908209283
1.152070476e-05
-1.169224925e-05
8.937997607e-06
-9.052302531e-06
-0.000305335905
1.486646247e-05
-0.0003052786079
1.146340762e-05
8.937962444e-06
-0.0003096307689
1.228228541e-05
-1.291517671e-05
-0.0003092280919
9.568445753e-06
-9.971122841e-06
7.387688698e-06
-7.732815414e-06
-0.0003110718367
1.153141285e-05
-1.147346585e-05
-0.0003110717665
8.933108202e-06
-8.93317846e-06
6.925601873e-06
-6.867671475e-06
-0.0003098624597
1.205203294e-05
-0.0003096320402
9.33802621e-06
7.214884686e-06
-0.0003145498727
1.24097731e-05
-1.17651421e-05
-0.0003150186313
9.635639637e-06
-9.166881077e-06
7.452661313e-06
-7.042410316e-06
-0.0002961826707
-1.14144206e-05
1.147281667e-05
-0.000296240911
-8.874511621e-06
8.932751933e-06
-6.867151092e-06
6.867143768e-06
-0.0003112395753
1.164727145e-05
-0.0003112974384
8.990971267e-06
6.983571359e-06
-0.0002602878398
-1.129810051e-05
-0.0002604043502
-8.758001227e-06
-6.750639049e-06
-0.0003139844246
1.305418764e-05
-0.0003144531321
1.010434713e-05
7.804114152e-06
-0.0003162740061
1.358296134e-05
-1.352403264e-05
-0.0003163329298
1.051557075e-05
-1.045664704e-05
8.097629538e-06
-8.097746768e-06
-0.0003165018115
1.358296217e-05
-0.0003165608177
1.057457689e-05
8.097599865e-06
-0.0003148281141
1.743901142e-05
-1.750109355e-05
-0.0003147661895
1.351473269e-05
-1.357665726e-05
1.048397779e-05
-1.042189355e-05
-0.0003301663384
1.737698229e-05
-0.0003301663322
1.351472644e-05
5.067494233e-05
-0.0003082261824
1.354773127e-05
-1.400655111e-05
-0.0003078245515
1.04311975e-05
-1.083282839e-05
8.135291191e-06
-8.364741698e-06
-0.0003085797854
1.337554489e-05
-0.0003084650608
1.031647294e-05
8.020676206e-06
-0.0003106515678
-1.239839482e-05
1.210925876e-05
-0.0003104202861
-9.626781207e-06
9.395499594e-06
-7.387969724e-06
7.330225428e-06
-0.0003098482387
-1.216766373e-05
-0.0003100214331
-9.453586865e-06
-7.330478705e-06
-0.000314161334
-1.153107827e-05
1.158947322e-05
-0.0003141613492
-8.991194783e-06
8.991210041e-06
-6.925393115e-06
6.925378785e-06
-0.0003138163624
-1.158951707e-05
-0.0003138747971
-8.932760061e-06
-6.92540635e-06
-0.0003122575953
1.187879512e-05
-1.211126106e-05
-0.000312083268
9.22266552e-06
-9.396992826e-06
7.157355775e-06
-7.273549573e-06
-0.0003104046768
1.141397847e-05
-0.0003100559862
8.873974942e-06
6.866816428e-06
-0.0003153667257
1.334761932e-05
-1.328888137e-05
-0.0003154841789
1.039784122e-05
-1.028038808e-05
7.980054076e-06
-7.980080036e-06
-0.0003156525812
1.346525386e-05
-0.0003156524971
1.039775711e-05
8.038853205e-06
-0.0003142757866
-1.376008705e-05
1.370092569e-05
-0.0003143348751
-1.063358006e-05
1.069266865e-05
-8.215665362e-06
8.215653257e-06
-0.0003171823295
-1.37600688e-05
-0.0003172414207
-1.05744888e-05
-8.215675305e-06
-0.0004488484187
-0.0004489706276
-0.0002568354975
-1.57238115e-05
-0.000256378257
-1.214948973e-05
-9.452425434e-06
-0.0004230855367
-0.0004221148171
-0.0003074564933
1.452254489e-05
-0.0003072272413
1.123415557e-05
8.708863703e-06
-0.0003094888372
-1.337547899e-05
-0.0003090860469
-1.03739132e-05
-8.020544618e-06
-0.0003111921456
-1.164692815e-05
-0.0003110765614
-9.048762696e-06
-7.041170302e-06
-0.0003098086324
1.199445152e-05
-0.000309751109
9.280502756e-06
7.15733495e-06
-0.0003143242374
-1.158947012e-05
-0.0003144999109
-8.991207574e-06
-6.98389758e-06
-0.0003112636336
1.14727434e-05
-0.0003112636651
8.932783493e-06
6.925417828e-06
-0.0003112354951
1.193731301e-05
-0.0003114676401
9.223116239e-06
7.099478914e-06
-0.0004249614354
-1.118149503e-05
-0.0004250778979
-8.641538787e-06
-6.692445328e-06
-0.0003147980585
1.317144978e-05
-0.000314915329
1.022161761e-05
7.921391142e-06
-0.0003160479107
-1.34652088e-05
-0.0003160479127
-1.04566451e-05
-8.038852991e-06
-0.0004344640704
1.381912484e-05
-1.37600308e-05
-0.0004345232159
1.075192718e-05
-1.06927817e-05
8.274828164e-06
-8.274772519e-06
-0.0002656363892
1.381917971e-05
-0.0002656363966
1.075193459e-05
8.274809236e-06
-0.0003167297869
1.364193621e-05
-0.0003167298256
1.057461559e-05
8.156626386e-06
-0.0003215140356
-1.346485416e-05
1.3644577e-05
-0.0003217537595
-1.039683656e-05
1.063656051e-05
-8.09800559e-06
8.157837703e-06
-0.0003212341596
-1.322520645e-05
-0.0003214137713
-1.021722488e-05
-7.978192224e-06
-0.0003202787101
1.358315944e-05
-1.364283263e-05
-0.0003202190338
1.051561097e-05
-1.057528721e-05
8.15691116e-06
-8.156916038e-06
-0.000320685811
1.334428251e-05
-0.0003205663981
1.039619806e-05
8.037521372e-06
-0.0003015590638
1.370052962e-05
-0.0003014404514
1.063332221e-05
8.215433977e-06
-0.0003163099002
1.334446792e-05
-0.000316072545
1.039596706e-05
7.977972822e-06
-0.0003199314336
-1.358321436e-05
-0.0003199911388
-1.051558201e-05
-8.157005282e-06
-0.0003195250943
-1.340463042e-05
-0.0003196440301
-1.039664626e-05
-8.037878809e-06
-0.0003220415853
1.370449858e-05
-0.0003219815774
1.057655262e-05
8.217837337e-06
-0.0003222094985
1.370458706e-05
-0.0003222695513
1.063660536e-05
8.217848471e-06
-0.0002784718892
-0.0002784719195
-0.0003326275307
-0.0003084983631
-0.0003080970359
-0.0003086870132
-0.0003087444534
-0.0003114175663
-0.0003110708294
-0.0003096335272
-0.0003098066113
-0.0003142718578
-0.0003142718553
-0.0003136467726
-0.0003136467492
-0.0003111594322
-0.0003113333088
-0.0002876081699
-0.0002873757338
-0.0003151431677
-0.0003152019382
-0.0003158216565
-0.0003158805444
-0.0002920696052
-0.0002920697183
-0.0003168957093
-0.0003168955825
-0.0003212013727
1.310555644e-05
-1.310555114e-05
-0.0003212012936
1.01573189e-05
-1.015739807e-05
7.858465447e-06
-7.858378964e-06
-0.0003213095825
-0.0003213694885
-0.0003210330518
-1.316524351e-05
-0.0003209733614
-1.021708844e-05
-7.858461004e-06
-0.0003209827661
-0.0003208036564
-0.0003192089862
-1.310707531e-05
1.310709382e-05
-0.0003192090006
-1.015848577e-05
1.015850016e-05
-7.859364536e-06
7.859375452e-06
-0.0003192776934
-0.0003190402121
-0.0003192586028
1.316655194e-05
-0.0003193181389
1.021803626e-05
7.918909862e-06
-0.0003195439536
-0.0003197225636
-0.0003194174787
-1.370452162e-05
1.376463564e-05
-0.0003194775357
-1.063662723e-05
1.069668429e-05
-8.217775008e-06
8.217837046e-06
-0.0003224373992
-0.0003224374211
-0.0002969598624
1.376452065e-05
-0.0002969599355
1.069675734e-05
8.277910023e-06
-0.0004417067642
-0.0004417066739
)
;

boundaryField
{
    topAndBottom
    {
        type            calculated;
        value           uniform 0;
    }
    inlet
    {
        type            calculated;
        value           uniform 0;
    }
    outlet
    {
        type            calculated;
        value           nonuniform List<scalar> 0();
    }
    wing
    {
        type            calculated;
        value           nonuniform List<scalar> 
133
(
-0.0003046296793
-0.0003036312879
-0.0003292200228
-0.0003108080561
-0.0003288831035
-0.0003295666596
-0.0003051808923
-0.0002815734051
-0.0003027437285
-0.0002990814855
-0.0003020601154
-0.0003063563101
-0.00032547295
-0.0003247873158
-0.0003215839855
-0.0003245593228
-0.0002746843956
-0.0003241457563
-0.000325640223
-0.0003261794442
-0.0003270882196
-0.0003264035327
-0.0003305430216
-0.0003298577209
-0.0003307727833
-0.0003279655271
-0.0003050357559
-0.0002770461575
-0.0002955265313
-0.0004235724263
-0.0002549597685
-0.0003033263008
-0.000328563831
-0.000326133718
-0.000329110777
-0.0003293384505
-0.0004567714839
-0.0003050263994
-0.0002915981919
-0.0002970520587
-0.0002856448441
-0.0003030547426
-0.0002699640215
-0.0003252449654
-0.0003249554581
-0.000324103379
-0.0003242709146
-0.0003013538788
-0.0003259288768
-0.0003261568614
-0.0003268592356
-0.0003265704821
-0.0003303131639
-0.0003300238606
-0.0003310004239
-0.0003306096215
-0.0002907066234
-0.0003052785727
-0.0003088829651
-0.0003111296969
-0.0003094592361
-0.0003154288823
-0.0002962409037
-0.0003113554079
-0.0002605208622
-0.0003148045849
-0.0003163328126
-0.000316560788
-0.0003148282737
-0.0003300422145
-0.000307595101
-0.0003083504458
-0.0003103625419
-0.0003100789241
-0.0003141613349
-0.0003138747839
-0.0003119670742
-0.0003097654468
-0.0003154841529
-0.0003157112962
-0.000314334863
-0.0003172414108
-0.0004490317091
-0.0002559781341
-0.000421429666
-0.0003069981425
-0.0003087983177
-0.0003109030625
-0.0003096935592
-0.0003145584237
-0.0003113219392
-0.0003115835476
-0.0004251360916
-0.000315032606
-0.0003161068065
-0.0004345232716
-0.0002656363777
-0.0003167888521
-0.0003218135916
-0.0003215335846
-0.000320219029
-0.0003204470083
-0.0003013810761
-0.0003158350838
-0.0003199910496
-0.0003197631565
-0.000322041577
-0.0003222695624
-0.0002783479977
-0.0003077529139
-0.0003087443219
-0.0003107817743
-0.000309979755
-0.0003143303741
-0.0003136467377
-0.0003115073795
-0.0002872013627
-0.0003152606271
-0.0003158805442
-0.0002921288375
-0.0003169546314
-0.0003212013801
-0.0003214892153
-0.0003209732794
-0.0003206245961
-0.0003192090115
-0.0003189216038
-0.0003193776733
-0.0003198415325
-0.0003194775978
-0.0003224373476
-0.0002970200084
-0.0004417067531
)
;
    }
    front
    {
        type            empty;
        value           nonuniform List<scalar> 0();
    }
    back
    {
        type            empty;
        value           nonuniform List<scalar> 0();
    }
    procBoundary0to1
    {
        type            processor;
        value           nonuniform List<scalar> 
49
(
0
0
0
0
0
0
0
-5.968522242e-06
0.000668078092
-2.222318869e-06
1.541591779e-06
3.166213115e-06
-6.702415891e-05
-2.320160494e-05
-7.183288122e-06
-1.927316912e-05
5.459174343e-07
4.412507576e-06
4.27210033e-06
2.658478933e-06
0
0
-6.036842696e-05
-9.649210231e-05
-0.0001850480209
-0.0002002946779
-0.0001792002791
-0.0001533285932
2.94821616e-06
3.841347611e-06
-1.274290627e-06
-0.0001604410731
-0.0001293887566
-0.0001969098862
-0.0002043531514
-9.049477748e-05
-0.0001225972356
-1.126111478e-05
-1.522979027e-05
1.74300373e-06
2.206546887e-06
-3.30616104e-07
-2.732290635e-05
-3.334852866e-05
-1.384973045e-05
1.035986008e-05
1.731496287e-05
-0.0003325034444
1.33906401e-05
)
;
    }
    procBoundary0to2
    {
        type            processor;
        value           nonuniform List<scalar> 
58
(
0
-0.00116662348
-0.0006449843301
-0.0003149234151
-0.0003335739358
-0.000314664192
3.531211972e-05
-0.0003230737285
-0.0002620650235
-0.0004448390079
-0.000150434893
0
-8.221838631e-07
-0.0007877804097
-0.0002694638106
-0.001621956037
-0.0009950738324
-0.002202934087
-0.001807733878
-0.001162796005
-0.002264460359
-0.001190812087
-0.000592209736
-0.0006138448631
-0.0003109398717
9.836746615e-06
-0.0003338618106
-0.0003076409235
-0.0003273372146
0
-0.001170681775
-6.536165309e-05
-1.667145958e-05
-0.0005934706233
-0.0004187428679
-0.001419695205
-0.00120823185
-0.002103633339
-0.00197027798
-0.002307718985
-2.24498768e-05
-0.00229302019
-0.001177789545
-5.326423458e-07
-0.0005932597724
-0.0005967375834
-0.0003050628121
-0.0003324269242
-0.0003195758344
-0.001159146629
-2.329410797e-05
-0.0004305556892
-3.34674424e-05
-0.0002818753355
-0.0002551131063
-0.0002781618018
-5.501200573e-05
-0.0002706465503
)
;
    }
}


// ************************************************************************* //
