/*--------------------------------*- C++ -*----------------------------------*\
| =========                 |                                                 |
| \\      /  F ield         | OpenFOAM: The Open Source CFD Toolbox           |
|  \\    /   O peration     | Version:  v2012                                 |
|   \\  /    A nd           | Website:  www.openfoam.com                      |
|    \\/     M anipulation  |                                                 |
\*---------------------------------------------------------------------------*/
FoamFile
{
    version     2.0;
    format      ascii;
    class       volScalarField;
    location    "0.84";
    object      nut;
}
// * * * * * * * * * * * * * * * * * * * * * * * * * * * * * * * * * * * * * //

dimensions      [0 2 -1 0 0 0 0];


internalField   nonuniform List<scalar> 
3019
(
1.155898869
1.155869236
1.15583806
1.155810188
1.156029187
1.156021706
1.156027543
1.156048245
1.156091184
1.156170621
1.156294296
1.156443694
1.155171592
1.155087592
1.154997809
1.154922862
1.155119258
1.155112592
1.15515888
1.155357271
1.155562236
1.155934869
1.156513157
1.157226818
1.154419013
1.154271065
1.154120364
1.154009776
1.154212947
1.154239071
1.154363253
1.154708723
1.155224587
1.156136717
1.157560112
1.003196358
1.15364479
1.153444068
1.153246682
1.153118947
1.153323113
1.153424601
1.153698762
1.154332059
1.155423616
1.156010766
0.8580389385
0.6883791692
1.15285088
1.15259256
1.152352118
1.152229373
1.152480106
1.152704532
1.15329289
1.154339542
1.156574919
0.8365106853
0.5720432064
0.4223204523
1.152057088
1.151752383
1.151489423
1.151385274
1.151699785
1.152115985
1.153142829
1.154918233
0.9939520281
0.6183554647
0.3782404569
0.2347344425
1.151258933
1.150908618
1.150629119
1.150576613
1.151000814
1.151681225
1.153309979
1.156103314
0.8308810304
0.4925095719
0.2684284932
0.1186427414
1.150483539
1.150104047
1.149832455
1.149837505
1.150414599
1.151428524
1.15382631
1.157584251
0.7560828426
0.4566404665
0.2538394048
0.1016459571
1.149746757
1.149337326
1.149076731
1.149194983
1.149968869
1.15137158
1.15461927
1.146817262
0.7462941152
0.4928224836
0.3415612485
0.2535929527
1.149080129
1.148657583
1.148431025
1.148699259
1.14959436
1.151502011
1.15559433
1.133237013
0.7693874548
0.5593368335
0.4662439334
0.5139149411
1.148478967
1.148037914
1.147857356
1.14830115
1.149330827
1.151792427
1.156677667
1.1343207
0.8027744916
0.6192003557
0.5576551059
0.5608557404
1.147986308
1.147543357
1.14741067
1.1480111
1.149209792
1.152194673
1.157813405
1.146618827
0.8364794973
0.6565687991
0.5799877005
0.4841268752
0.2221872263
0.4937520859
0.5699917465
0.4925124868
0.0979907147
0.4360801683
0.4710955065
0.262280392
0.5408576778
0.6397324922
0.4933367187
0.5737673504
0.2168856353
0.2512730431
0.5794181415
0.593087294
0.6553419414
0.5324509581
0.1330345882
0.1777047878
0.5844565908
0.4689378171
0.07483816335
0.1009999602
0.08004413025
0.2140799064
0.03732802524
0.07178765842
0.256200228
0.293451134
0.4000346388
0.2247031583
0.2020672654
0.2618863303
0.2290949974
0.1810414964
0.211997204
0.5975839376
0.162408446
0.1335212957
0.1997185182
0.1648402615
0.1025171034
0.1311776072
0.5228714172
0.1039182638
0.07701733516
0.1319009914
0.1054038274
0.07302238069
0.4664856217
0.05052769408
0.07590618642
0.05208315653
0.3124455374
0.2331098323
0.1189983668
0.1312597874
0.07998203989
0.04430168147
0.3642881384
0.298610654
0.2355153929
0.2052774856
0.08939660717
0.1488439266
0.04224089667
0.01443061178
0.02518378582
0.04504439191
0.03626822906
0.08948564447
0.2632387699
0.2485751432
0.05288122292
0.04258272021
0.1207056979
0.06950483195
0.06771490213
0.03999913021
0.06887905299
0.1372848572
0.04561725899
0.02640940931
0.01652668753
0.0595067297
0.02938918517
0.05067324376
0.02792829948
0.07266066232
0.2187491461
0.03008775752
0.2177544567
0.2522482938
0.03420686608
0.03887058429
0.03055060755
0.03364650274
0.2463465484
0.1481113755
0.1462468571
0.1834128478
0.1812340592
0.09378537485
0.09186335681
0.117954172
0.1161655021
0.2436722973
0.06855981123
0.0676873227
0.01830209654
0.01438138886
0.1488683863
0.3414034411
0.3263997877
0.3616876891
0.3464449653
0.1524825332
0.2825039251
0.2679031582
0.09084149074
0.1941030893
0.3821926917
0.3667512836
0.05820895798
0.060272015
0.1389244028
0.1168403787
0.3018973403
0.2872913782
0.3214593236
0.3067849375
0.1187923735
0.09964551148
0.03494728454
0.0356574863
0.02024587322
0.02102471248
0.08159407887
0.1261365995
0.05391012488
0.05778915848
0.03596223571
0.03662916174
0.1098739756
0.07270354342
0.01962812408
0.0201054227
0.01920236397
0.06125223212
0.03862937205
0.04053098783
0.01674449344
0.01830584607
0.04676460139
0.04569967868
0.07261755095
0.09350587167
0.1196157532
0.06984538672
0.0872723939
0.07379759187
0.06242364188
0.155574343
0.140577892
0.1334760767
0.1598673544
0.06233856234
0.04284405235
0.05100968518
0.06398556008
0.03725884597
0.04207679286
0.02817605965
0.09849378239
0.08510056001
0.1061243951
0.1013704105
0.02934979115
0.07553567507
0.07296887729
0.0813019057
0.07646622348
0.0359135506
0.1271487328
0.1212608074
0.1369171724
0.1292746224
0.03658458568
0.03178464198
0.112508249
0.1078005924
0.1194065348
0.1141756043
0.0321634547
0.04167155461
0.04086577336
0.04392181408
0.04194895176
0.03941204409
0.03833702032
0.04060319342
0.03968560604
0.06912540027
0.06693685745
0.072177129
0.06989880368
0.06101289137
0.04670263963
0.06601678948
0.06373994194
0.03399359948
0.03459477317
0.09818930254
0.020171116
0.01997370335
0.02081115469
0.02035615869
0.01934189109
0.08403349553
0.0215973928
0.03197053344
0.03875923829
0.05196463259
0.1241489489
0.03549830885
0.02289031079
0.03819695156
0.03522991499
0.02157280773
0.02104605311
0.02248189806
0.02179579003
0.111397761
0.03685883081
0.03773446809
0.01903571557
0.01952116641
0.07172926086
0.06344415596
0.01816881678
0.0189668632
0.231643004
0.4239023183
0.4081659798
0.4450777439
0.4291644461
0.2365092655
0.4029367791
0.3873346537
0.1983641523
0.1559416988
0.06635562651
0.070427707
0.07369846952
0.08521937151
0.1722310084
0.04075822852
0.0504536329
0.03821646757
0.04368967466
0.07066670463
0.1027409939
0.10087627
0.0417276497
0.06986213516
0.06564975146
0.0995507804
0.09701195971
0.06699585406
0.03810266523
0.04615744065
0.03909539242
0.02984874797
0.03120215276
0.02538706012
0.04983585598
0.04811395913
0.05843148053
0.02246572953
0.03279428726
0.03111203815
0.05216445947
0.05174726218
0.02981920448
0.02734345103
0.02691493755
0.03006162903
0.02933459365
0.03481305856
0.05928299799
0.05854902688
0.06373701927
0.06279207335
0.03802304899
0.0309105896
0.05357600232
0.05299104614
0.05779823254
0.05706509404
0.03313276608
0.0635240956
0.0655871138
0.1539261356
0.1406618516
0.06088953657
0.06287328419
0.09287912692
0.09650668984
0.1903120192
0.02529199522
0.02515534926
0.02666934359
0.02644997625
0.01921916604
0.02487622499
0.02477976368
0.1744866413
0.08765334071
0.09152876416
0.03510103527
0.05398542337
0.05351103808
0.02049086117
0.03370452946
0.03346816465
0.03495569583
0.03404148636
0.02068398234
0.0194526463
0.01924673615
0.01980495057
0.03301687612
0.03280639334
0.03332599452
0.03315274823
0.01993120945
0.02031132109
0.01974020586
0.02959076698
0.02124156213
0.01526613964
0.04051449716
0.03066142805
0.01104999069
0.01242549496
0.01897180001
0.02132395431
0.0132969508
0.01645188743
0.01482516167
0.04831518024
0.04438776285
0.08804677823
0.07788081165
0.04385600102
0.06666610738
0.09584256787
0.09139993852
0.03699754932
0.03367682049
0.03358108855
0.0236560191
0.02935787468
0.04913019635
0.04745418242
0.04085507612
0.04728152111
0.04749962586
0.02968343584
0.02930693908
0.0506169683
0.05060725336
0.02806245958
0.02765037332
0.02886648131
0.02842443152
0.06065460583
0.05993739811
0.03525857042
0.03729186804
0.06206461808
0.06136256766
0.05497074
0.0543368244
0.03140123926
0.03259475254
0.05631777751
0.05564172166
0.04138903134
0.0240147661
0.02428215705
0.02360794428
0.02380587856
0.04113374873
0.0427807759
0.02519712081
0.02565614779
0.02453870729
0.02484413989
0.04228346289
0.03901823918
0.02241792796
0.02265547548
0.02206057803
0.02228771146
0.03878590715
0.04031336391
0.02322815876
0.02341173792
0.02281310879
0.02304598991
0.04003688925
0.02573305929
0.02555481202
0.06840419078
0.04488901903
0.04522873719
0.04414202882
0.04443375555
0.06759671424
0.02618384663
0.02598083758
0.02367801474
0.02491610829
0.05883924986
0.04027217952
0.03995112378
0.02652339123
0.02790010809
0.05218353982
0.06550398306
0.04339669868
0.0436020189
0.04263808229
0.04258208771
0.06414571261
0.02444745195
0.02450029207
0.03393116369
0.05138571378
0.05107249869
0.05280153435
0.05243821299
0.03449901901
0.02013170944
0.01990076547
0.02069400532
0.02042280339
0.02047338295
0.0161042917
0.02266535252
0.04180926547
0.0371960498
0.04891847903
0.0471451138
0.03203120456
0.02477300183
0.01740205928
0.02225681612
0.02358490421
0.03751228682
0.02172510477
0.02200362756
0.02109567495
0.02178617471
0.03757667924
0.0214130486
0.02118726977
0.0222272849
0.02198359706
0.01924708146
0.0322578795
0.03192406806
0.03266112162
0.03239578284
0.0193286955
0.01869791803
0.03124771524
0.02953802906
0.03179254528
0.03126090157
0.01869018869
1.154849691
1.155140356
1.155499804
1.155269181
1.155796295
1.155826606
1.156012766
1.156832719
1.156356839
1.157151302
1.125068591
1.157056474
1.086788808
1.154393639
1.155017873
1.155064023
1.155303486
1.156464423
1.155865698
1.157003091
1.009371943
1.157158073
0.9443392785
0.7969165334
1.044744345
0.7632449872
1.154295683
1.155575673
1.155079161
1.15617888
1.001149489
1.156871973
0.9087288379
0.6901188464
0.9206073065
0.6346149477
0.5104129679
0.7191647296
0.4813842865
1.154709907
1.157023117
1.155853387
1.049481047
0.74450944
0.9265722685
0.6627747965
0.4690284933
0.6257572147
0.4190146203
0.3026777867
0.4507980936
0.27461017
1.155759426
0.9750422817
1.107207777
0.8615464471
0.588331643
0.6967757054
0.5153526452
0.3368103296
0.4276518009
0.2879932525
0.1709448166
0.2626777205
0.1419722026
1.157205419
0.8689571741
0.9422213239
0.7672692482
0.523819877
0.5633703101
0.457739682
0.2925658825
0.3171627375
0.2478922441
0.1166723178
0.1507465402
0.1055960316
0.06362863388
0.100029969
1.154199006
0.8324184389
0.854663116
0.74421301
0.5345274071
0.520276589
0.4791311843
0.3467776124
0.2973053562
0.2661987769
0.2305425304
0.2163525611
0.1078154013
0.09255658231
0.08342072084
1.134405095
0.8383591798
0.8310621437
0.7618685958
0.5861233379
0.5452907117
0.5422180411
0.4507127352
0.370530576
0.3727646878
0.351984125
0.3147254244
0.2882799259
0.2920454299
0.2493350703
1.131791294
0.8618212896
0.8432023352
0.7942390921
0.6422099591
0.6007700489
0.6061462683
0.5431603344
0.4769735773
0.494338757
0.495851456
0.4629945765
0.531788025
0.4876050202
0.5029854368
1.141114612
0.8914621589
0.8688290017
0.8282911512
0.684349839
0.6543270893
0.6492662337
0.5844911733
0.5589655556
0.5695765072
0.5794810349
0.5677682915
0.5515287828
0.4062078594
0.4214837652
0.8991733996
0.6923791492
0.5865960174
0.569051583
0.582164413
0.5740593002
0.470577855
0.3254071084
0.340587058
0.2112378522
0.1790286249
0.1941379621
0.5084419143
0.5246043019
0.4665375042
0.426544079
0.4418634491
0.5791876316
0.3455807225
0.3606745522
0.5034087467
0.04326161139
0.05726144005
0.1012905086
0.08423262251
0.05358357246
0.4274428928
0.3900896711
0.4046300886
0.390928692
0.3710162193
0.4370661446
0.2838555869
0.3489195871
0.3590097613
0.549430997
0.525042555
0.5194884401
0.5782574615
0.5240251759
0.5754911785
0.453516469
0.5145924287
0.555785079
0.4672948496
0.4825661927
0.551002122
0.221915227
0.2865974759
0.281423887
0.317419592
0.312268097
0.2463210474
0.5837876399
0.5844631022
0.5764221844
0.6215656745
0.5925448761
0.5998094586
0.5747986782
0.6046988725
0.6305848662
0.3858884931
0.4011450667
0.542099948
0.1389123594
0.2107108731
0.206618372
0.2380799435
0.2327906438
0.1722212858
0.5828854514
0.5801808368
0.5539333893
0.3055282624
0.3204811557
0.4668357267
0.08232637439
0.1453118391
0.1472176277
0.1688870617
0.1646564518
0.09657645627
0.09251712039
0.08817242267
0.0760266452
0.1800347124
0.1935217945
0.1788466049
0.03921772808
0.03196900644
0.03039998269
0.06517383341
0.05677645864
0.06391502235
0.2709445125
0.4662171702
0.4504241865
0.4738289132
0.4710460582
0.2761805316
0.4299985036
0.513198298
0.4336800656
0.2177217682
0.1309988639
0.1370859772
0.1029668395
0.1071719851
0.209337919
0.2645360294
0.1670856582
0.1763000583
0.1391084502
0.145297419
0.2350466533
0.1856828379
0.2472715385
0.2422697797
0.2763238703
0.271292898
0.2073228332
0.5883333814
0.4469299146
0.4622204295
0.160156138
0.128919011
0.1311385711
0.106366904
0.1078835969
0.1353889306
0.1926046142
0.09778547755
0.1016293387
0.1336890547
0.1364001147
0.1673255089
0.1077786304
0.177066942
0.1728319726
0.2024933828
0.1983586836
0.1258201976
0.5128477021
0.3657193928
0.3808420762
0.102490858
0.07725578587
0.0782249602
0.05334470544
0.05409683833
0.07826599498
0.1300715333
0.1034098231
0.1049929512
0.07929125368
0.08030199727
0.1068713785
0.146594987
0.300618135
0.04957660999
0.03116127642
0.03148959456
0.0748083804
0.05214828237
0.05273919312
0.03233264761
0.03439008204
0.0545993514
0.2803377585
0.2512684606
0.2865818516
0.1647294579
0.2146593863
0.261992462
0.1677938414
0.2017149715
0.1480306281
0.1134799506
0.1005969047
0.117256868
0.0572770544
0.08247520776
0.1006150783
0.06414659418
0.07490666664
0.05196347112
0.3833211685
0.3367075163
0.3255180136
0.3162983787
0.3416284187
0.4435262791
0.2406323368
0.3120707073
0.3220446352
0.1434675053
0.1622818847
0.2153840329
0.1108415594
0.1451984489
0.1269355364
0.1697205701
0.1528121115
0.1311726984
0.01472390527
0.01206744777
0.01194058239
0.02287064264
0.02026755308
0.02239548555
0.03269516013
0.02115047075
0.04040026388
0.0252134833
0.0369454374
0.01768293943
0.0227417078
0.03919302456
0.153177747
0.1479616727
0.08455153392
0.2581873631
0.2017952854
0.2069757415
0.1925611149
0.1980087186
0.2535229035
0.115641461
0.09638911713
0.1058605154
0.06458714123
0.07253483477
0.07943501543
0.1556892698
0.1732718859
0.1272085246
0.03944966939
0.03540162527
0.04175628164
0.02049990232
0.02803630391
0.03479378562
0.02474854608
0.02605847169
0.0190477004
0.05227508358
0.05401793626
0.05871737377
0.03250058166
0.03544290143
0.03229873937
0.05692857982
0.0494100503
0.04369365676
0.1180152824
0.1284037778
0.2155681182
0.2116523862
0.1086739842
0.1147648817
0.1566996084
0.1643493093
0.2584417423
0.2404173376
0.1474550205
0.154293289
0.1184904004
0.1200968432
0.1500365497
0.1443565805
0.1153478415
0.1169153201
0.1519219912
0.1539524348
0.1857302801
0.1789448819
0.1479133765
0.1499043537
0.0709857905
0.0720205708
0.09531463185
0.08954654704
0.06666781287
0.06899745821
0.08922818817
0.09173698426
0.119821812
0.1145090127
0.08585340502
0.08731760969
0.1880277385
0.04867978165
0.0494023788
0.06971183092
0.06637985963
0.0472605971
0.04829216379
0.01555706666
0.01524511334
0.2189676298
0.2148055568
0.1410571021
0.3363658244
0.275425091
0.2802516913
0.2660160703
0.2706858271
0.3313691203
0.3565465581
0.2949157988
0.3000303599
0.2851760599
0.2901606479
0.3515078848
0.1698146326
0.2289125352
0.223464193
0.2775942964
0.2201065461
0.2247752211
0.2110008572
0.215835336
0.2728731105
0.09516960058
0.1609255731
0.1564570725
0.2567146915
0.2518058709
0.1896334878
0.3770168288
0.3148906191
0.3200052965
0.304839425
0.3099415706
0.3719043761
0.05900571184
0.08222461901
0.08103564839
0.08434905308
0.08320206468
0.05955870825
0.1370832685
0.1092923577
0.1108123797
0.1857997023
0.1813581018
0.1099882176
0.2970172915
0.2383897166
0.2430504985
0.2291897845
0.2338223345
0.292180658
0.3165441383
0.2567889119
0.2613848432
0.2476378454
0.2522060388
0.3116534579
0.1240736472
0.1942172758
0.1900517409
0.07527325732
0.0761740237
0.1010224887
0.05518675333
0.05464087325
0.03545740188
0.0797155924
0.05509109729
0.05672210259
0.09984802318
0.1018653876
0.1283246266
0.05627736337
0.07766604693
0.07554662069
0.08013616666
0.07875461141
0.05662003825
0.03616899792
0.05638640581
0.05581257334
0.05759288966
0.05699997559
0.03643151515
0.1083759807
0.08136628369
0.08241046806
0.05101574629
0.05160589138
0.07378538073
0.05810402834
0.03850225609
0.04333845752
0.01432453869
0.01273209251
0.01535041061
0.009745833895
0.01044165528
0.0202898069
0.01791793569
0.01622721132
0.1033977295
0.1046226652
0.07147792768
0.1005599711
0.1048465942
0.09451839986
0.1309386285
0.1166172333
0.1091925632
0.07615038448
0.07157190879
0.06626437396
0.08556167672
0.07790675856
0.08170834556
0.07617544976
0.08148063808
0.09161399563
0.150531462
0.1133775102
0.1199362499
0.101233927
0.1063400955
0.1452214308
0.1515722737
0.1307246922
0.1339619441
0.1241367163
0.1282861768
0.1642828926
0.04527024814
0.04927891035
0.0471329064
0.05434499036
0.05160231437
0.04826498502
0.06140558391
0.05760510216
0.06004718073
0.09532237029
0.06873454881
0.07136584124
0.05443841771
0.06085007674
0.0904081602
0.104776869
0.07696498211
0.07770461116
0.07466599739
0.07523400331
0.1028729223
0.07465222175
0.04792212424
0.04833244924
0.04709443559
0.04753266632
0.07380617121
0.07900113923
0.04979943075
0.05119864092
0.0487172592
0.04916411404
0.07755292034
0.1251127467
0.09041701586
0.09169278021
0.08797662908
0.0891971906
0.1231595603
0.1340102266
0.09600603041
0.09807393703
0.09301332366
0.09441706446
0.1315300052
0.1109257028
0.08110309147
0.0821449373
0.07897929342
0.07993041834
0.1092786402
0.1176116986
0.08556848328
0.08675464134
0.08326853149
0.08438331239
0.1158586736
0.07141431399
0.04637783623
0.04672414665
0.04563721788
0.04598860682
0.07064435675
0.09684064706
0.0733207683
0.07415796167
0.0594366788
0.06324100593
0.08687029336
0.04123519291
0.0653576556
0.06245670209
0.07308539231
0.06940439837
0.04617666356
0.121492729
0.09466622439
0.09747581264
0.08349716407
0.084615967
0.1129296322
0.03706133198
0.05887405393
0.0582193391
0.06072167787
0.05966083965
0.03732859135
0.0706285939
0.04987037192
0.05049989749
0.04494139011
0.04691401477
0.06532891924
0.2968631362
0.2917335256
0.2268064709
0.4186466993
0.3562746144
0.361517888
0.3457967103
0.3510327952
0.4134038339
0.4397503516
0.3772830349
0.3825414453
0.3667704238
0.3720303466
0.4344445498
0.2414087131
0.3071317738
0.3019933652
0.3977131643
0.3353705759
0.3405734916
0.3250683262
0.3302223557
0.3925253765
0.2028490855
0.2663893485
0.2614637449
0.1251275202
0.1269310788
0.1579833571
0.067261084
0.09630726359
0.09486402199
0.1002198542
0.09802026037
0.06847961978
0.07826406776
0.1064471214
0.1031055275
0.1122923295
0.1096112939
0.08247910509
0.1697936015
0.1390811855
0.1415629649
0.03989501444
0.03740025771
0.03530838643
0.04338199834
0.04097406759
0.04338114642
0.03552605184
0.03843565142
0.0415579923
0.06419212391
0.09110775559
0.08992952082
0.09355256272
0.09230697206
0.0648707509
0.1519691709
0.1217315058
0.1233961782
0.112282589
0.1138254393
0.1425478617
0.0615732182
0.08654139864
0.08540049668
0.08878784882
0.08764144306
0.06221351697
0.09401279546
0.1230952376
0.121455027
0.1265175291
0.1248178809
0.0953015892
0.1879557969
0.1560103162
0.1580948314
0.1438172424
0.1458863984
0.1767867806
0.08889571214
0.1163448133
0.1145671999
0.1197407579
0.1181421606
0.09047669458
1.155564049
1.155572277
1.156023102
1.155590344
1.15561657
1.156038201
1.155654649
1.155711349
1.156065933
1.15579109
1.155899067
1.156125572
1.156039666
1.156215118
1.156226996
1.156421778
1.15665102
1.156368189
1.156886168
1.157121917
1.156503139
1.154654681
1.154655353
1.155108575
1.154668783
1.154699763
1.155129804
1.15474732
1.154786442
1.155324733
1.155174131
1.155228495
1.155397638
1.15543925
1.155543433
1.1556401
1.155916608
1.156090031
1.156065478
1.156652151
1.156890072
1.156694376
1.157579025
1.157827418
1.157426876
1.153760118
1.153777365
1.154213177
1.153821986
1.153900826
1.154289697
1.154008745
1.15425105
1.15462871
1.154584188
1.154703648
1.154807462
1.155211563
1.155437257
1.155411708
1.156323631
1.156693457
1.156442635
1.126929042
1.064291942
1.151179709
0.9206656713
0.8825270467
0.9611508329
1.152899027
1.152947691
1.153353758
1.153047051
1.153209021
1.153540847
1.153453396
1.154006187
1.154160705
1.154296711
1.154542874
1.154539327
1.155602283
1.156091966
1.155825405
1.072118997
0.9850459438
1.073096693
0.7775220069
0.7257921792
0.8036819907
0.6154489037
0.5933279227
0.6655389468
1.152097046
1.152197541
1.152561522
1.152387872
1.152689352
1.152928152
1.153183695
1.154166047
1.154001949
1.154423171
1.154905718
1.154750352
1.156972632
1.059327337
1.126616089
0.7718191878
0.6952783324
0.7572282827
0.5153284629
0.4696668888
0.5253563628
0.3682627751
0.3454605375
0.3989443263
1.151367291
1.151543231
1.151857597
1.151870051
1.152383706
1.15251416
1.153177816
1.154858661
1.154286351
1.155163078
1.156012484
1.155676163
0.9439691504
0.8364204122
0.8842487412
0.5783650491
0.5090581422
0.546801315
0.3432257803
0.2998933248
0.3351532515
0.199605431
0.1760036478
0.2122657879
1.150726943
1.151006262
1.15126278
1.151516738
1.152315301
1.152328352
1.15351798
1.156008892
1.155112429
1.156450832
1.144600889
1.157180221
0.8045374236
0.7085324295
0.7314145056
0.4752746522
0.4120354707
0.4281580067
0.2548127192
0.2111294545
0.2255535902
1.150186115
1.15061347
1.15080396
1.151354376
1.152495995
1.152393544
1.154178045
1.157388292
1.156333991
1.157968185
1.068505765
1.082646655
0.7488593132
0.6645347522
0.6687379005
0.4602790394
0.404791064
0.3986200264
1.149734511
1.15037894
1.150500577
1.151384311
1.152898464
1.152701667
1.155059055
1.158827417
1.157751901
1.141405076
1.035137912
1.038832417
0.7496943621
0.677653819
0.6714332275
0.5083452096
0.4653007968
0.4466112903
1.149411805
1.150299379
1.150349135
1.151592658
1.153478539
1.153216134
1.156070109
1.160225689
1.159181149
1.131440412
1.031318606
1.030557735
0.777411482
0.715450361
0.7052057523
0.5759694034
0.5436436799
0.5247325113
1.149252818
1.150364821
1.150338405
1.151955173
1.154189513
1.153884303
1.157139452
1.16155357
1.160557764
1.134990293
1.042664139
1.038891653
0.8112105636
0.7552349471
0.7457596576
0.6306615927
0.6028970984
0.59108703
1.150441725
1.154641273
1.161837751
1.150468773
1.0648098
1.058355543
0.8453083629
0.7906783727
0.7819402118
0.663013544
0.6315717128
0.6266582605
0.07830547243
0.07811223856
0.09683531379
0.0708775892
0.05858347368
0.4464876894
0.4301952451
0.4529947467
0.2691134512
0.2952269643
0.2934958983
0.6213316707
0.598630935
0.6135763894
0.4765690455
0.4971233715
0.5139793044
0.6031255845
0.6396490279
0.6321759058
0.628834989
0.6377030089
0.6486838608
0.1349267446
0.1625513943
0.1605787638
0.6271764655
0.6178390031
0.5733825309
0.07712418256
0.1013860581
0.09954561383
0.1269907439
0.1252090335
0.09950494989
0.261113783
0.3277761931
0.3225784506
0.3606581887
0.354848535
0.2871231041
0.1689789285
0.1712947499
0.2045265591
0.1972971023
0.1645156411
0.1667279719
0.1041148817
0.1306135143
0.1287756447
0.1586820811
0.1566848159
0.1293638416
0.09777154148
0.09614890288
0.07164327442
0.4198115792
0.2068727553
0.221009101
0.2436622011
0.1407809775
0.1458922795
0.1240109873
0.0714100024
0.08027465878
0.08809102281
0.05204960275
0.05348724915
0.04621730012
0.3046414504
0.3719211188
0.3661270628
0.2285224488
0.2546440324
0.276234448
0.1821780808
0.185078211
0.2052484321
0.09736859536
0.1077472062
0.1001654725
0.0295783182
0.02968753027
0.03639722165
0.1131577351
0.1113454872
0.08794558897
0.02397767556
0.02677993159
0.02958483384
0.01823514096
0.01930938774
0.01699594347
0.1927010019
0.1984497567
0.2191654552
0.2160602761
0.1846230769
0.188246133
0.01208954182
0.01221815065
0.01451254471
0.17230743
0.1712652577
0.145915975
0.157086897
0.1728632712
0.1729515419
0.0923268618
0.1165819862
0.1147519295
0.1431399551
0.1409974535
0.114668398
0.1205963721
0.1471104726
0.1451049429
1.154931185
1.155072258
1.155004934
1.155240687
1.155145541
1.155025032
1.155442763
1.155285001
1.155361651
1.155424516
1.155469915
1.155341266
1.155771588
1.155603312
1.155594733
1.15572382
1.155646749
1.155783837
1.156265937
1.156153197
1.155941947
1.156615671
1.156361789
1.156532688
1.156199517
1.156252812
1.156461724
1.157517344
1.157142934
1.156855741
1.157747117
1.157428695
1.15784503
1.156868363
1.157093787
1.157345828
1.039046727
1.11142109
1.157997218
1.092022438
1.010607161
1.15761755
1.158015639
1.154566963
1.15462246
1.154477882
1.154998756
1.15479585
1.154774718
1.154924517
1.15484688
1.155015367
1.155634758
1.155508265
1.155235801
1.156183765
1.15582402
1.156021275
1.155623037
1.155696231
1.155990816
1.157522094
1.157086901
1.156596422
1.100809893
1.157569396
1.083502851
1.156771805
1.157136399
1.157579769
0.8867576962
0.9742388383
1.035364797
0.8777779435
0.9228827669
0.8382683661
1.09881668
1.010640901
0.9610279229
0.735623633
0.8072355806
0.8404879313
0.7840988131
0.7101632276
0.9328181481
0.8587925993
1.154646007
1.1545801
1.154285854
1.155352265
1.154932478
1.155069325
1.154787578
1.154837423
1.155186503
1.156886993
1.156461092
1.155854981
1.080577893
1.157106689
1.098750709
1.156294911
1.156696535
1.157295086
0.8263327188
0.902268848
0.9877293586
0.7606069889
0.8268059658
0.7537938534
0.9928055806
0.9065595212
0.8374447668
0.5865863205
0.6533872117
0.703058671
0.5752225886
0.6109879091
0.5453565822
0.7577804023
0.6819092615
0.6450694595
0.4577141274
0.5225254969
0.5457578055
0.5078446942
0.4416938728
0.6409452613
0.5744389734
1.155368047
1.155112263
1.154545309
1.156611299
1.155796251
1.156162828
1.155249918
1.155492159
1.156192671
0.9388372627
0.9976156127
1.108487526
0.7966129598
0.8928001107
0.8375692857
1.02575227
0.9541935709
0.8582056303
0.5890968836
0.6396590137
0.7129053747
0.5154736372
0.5739856451
0.5253305258
0.6872376599
0.6273455968
0.5676357832
0.3743115761
0.419650626
0.464429597
0.3469431231
0.3804835591
0.3357797289
0.485065313
0.430118318
0.3963922437
0.2520443035
0.2965803552
0.3190196244
0.2791664479
0.2352567719
0.3809990322
0.3274778235
1.156784539
1.156397021
1.155445744
1.014592371
1.128957215
1.093250684
1.156565066
1.156967642
1.058575243
0.7601782337
0.7953389681
0.900444445
0.6180836626
0.7017551228
0.6697090574
0.7858556149
0.7404493505
0.6543189824
0.4495549961
0.4768314728
0.5436706125
0.361856601
0.4161409203
0.3902915653
0.4840270329
0.4469094561
0.3922682205
0.2455957353
0.2700816189
0.3132621507
0.1975600411
0.2313454365
0.206626122
0.2961930765
0.2615286539
0.2281551579
0.1171299678
0.1448050077
0.1674887718
0.1289417222
0.09930555519
0.1957792361
0.1589987013
1.099320531
1.120116
1.156842198
0.8880179609
1.003720267
0.98263441
1.059607268
1.029652154
0.9123733197
0.6770926551
0.6900762552
0.7832498374
0.5318706806
0.6068429028
0.59649895
0.6429262877
0.6229654706
0.5453263765
0.3975363568
0.4019531608
0.4639209703
0.2945769485
0.3456418971
0.3426112704
0.3698409565
0.3549261551
0.3030654859
0.2029338145
0.202323829
0.247422974
0.1221963641
0.1632254692
0.160727484
0.1863622657
0.1725064833
0.132962315
0.07249554584
0.08494482729
0.07866964387
1.045943489
1.056101689
1.158353485
0.8362970939
0.9413231814
0.9333106307
0.9659867825
0.9523215167
0.8440153023
0.6663327572
0.6633468787
0.744379088
0.5261609036
0.5910862022
0.5968584546
0.5904343585
0.5889260735
0.5213700865
0.4297135519
0.415388129
0.4678681496
0.3259056452
0.3680200668
0.3853491685
0.3457961414
0.3546056897
0.3089396281
1.030828868
1.032530682
1.137851747
0.8345165146
0.9264946303
0.9272926172
0.9284085865
0.9268331624
0.8319567135
0.695212263
0.6857726285
0.7550790633
0.5716709408
0.6250110606
0.6369253491
0.6047205456
0.6141131128
0.5579024709
0.5050225611
0.4850084561
0.525035443
0.4235546829
0.4513225007
0.4746440428
0.4056736262
0.4280368501
0.3964456273
1.035579338
1.033135182
1.132279908
0.8551379457
0.9366404501
0.9413531247
0.9293776465
0.9326058435
0.8488790953
0.7358695849
0.7257346121
0.7857511939
0.6291368728
0.6737308213
0.6853790489
0.6492428626
0.6616072981
0.6152294525
0.5771399946
0.5612499576
0.5916850448
0.5238757542
0.5384362122
0.5558390686
0.4973087059
0.5187622248
0.5016021471
0.4926461864
0.5303886816
0.5416304838
0.5172075013
0.5335187882
0.4978152273
1.052432727
1.047132366
1.138935425
0.8835032934
0.9584798924
0.9653842906
0.9466085151
0.9523405653
0.8760436529
0.7735004259
0.7644446914
0.8196553601
0.6753074052
0.7165034407
0.7257000653
0.6964523525
0.7067700587
0.6653018926
0.6204913067
0.6126897044
0.6406864016
0.5794361281
0.5919204478
0.5985539149
0.5706488309
0.5826659807
0.5710812042
0.411314666
0.4684631737
0.4633183311
0.478429237
0.4733070345
0.4163668289
0.9723370978
0.9799807291
0.9077722435
0.734099861
0.7424291558
0.6999518333
0.6028771239
0.6059396779
0.5872380033
0.3305729265
0.3874930427
0.3818514137
0.3977209909
0.3926021388
0.3355290391
0.4316612609
0.4883719405
0.4832598492
0.498285245
0.4931995055
0.4367362819
0.35065102
0.4079109953
0.4025917803
0.4180765431
0.4128910035
0.3556481642
0.04658954239
0.06286831374
0.06301065765
0.07141038097
0.06602541609
0.05089939538
0.09890146677
0.08029935657
0.08512457164
0.07387635892
0.06409176204
0.07523190284
0.04499646172
0.05417327837
0.06353673611
0.04763969389
0.03851911528
0.3786161973
0.4042555208
0.4198646032
0.4391559422
0.4205935324
0.4136128161
0.3260266886
0.3232579814
0.3504228318
0.5600006403
0.5785043488
0.6005530788
0.5480137521
0.5576414554
0.5451240404
0.5878159329
0.5794261797
0.5529505619
0.4773662341
0.481481447
0.4650553493
0.5210896302
0.5064865569
0.4904478398
0.5345126692
0.5193922001
0.5387464939
0.4724103961
0.5273518946
0.5223635054
0.5369629058
0.5319849056
0.477472705
0.6478378423
0.6430615098
0.6121218544
0.6056160491
0.6180103156
0.6250567504
0.6106697878
0.6207581344
0.5898004203
0.5948248503
0.6083964558
0.6049936976
0.6183940828
0.6206363777
0.5881906044
0.6397065276
0.6459028871
0.6469787339
0.3909823206
0.4484257205
0.4432387775
0.4584593236
0.4533090524
0.3960434544
0.1663255972
0.1644253072
0.1368846399
0.596359782
0.6017526621
0.6125002972
0.5795800483
0.5878910038
0.5809868538
0.5652911664
0.606214858
0.5970488514
0.3104333282
0.3684723648
0.3640464347
0.3774071848
0.3718269297
0.315307777
0.105611267
0.1031240689
0.07979978003
0.1301842979
0.1344227327
0.1473701626
0.09805346774
0.123478471
0.1216789512
0.08411923994
0.08496527782
0.08986351202
0.07543723263
0.07809586901
0.07782427908
0.1842314414
0.2224059247
0.2178945301
0.1785602206
0.1971493513
0.1885927108
0.3383770119
0.333029532
0.266005779
0.4610695343
0.3982509006
0.4034420241
0.3877874434
0.3930279168
0.4557648639
0.4783216126
0.418890262
0.4244255297
0.4086021681
0.4137224357
0.4753650331
0.2824950704
0.3494596286
0.343864742
0.1330985977
0.1653118275
0.1626882467
0.1699110735
0.1675712347
0.1351686656
0.1043357333
0.1373769687
0.1354872729
0.1412637182
0.1392999748
0.1057344041
0.2068894764
0.1736647075
0.1761318068
0.1699444814
0.2075816929
0.2043653749
0.2143223396
0.2108168472
0.1729857158
0.1411160803
0.1746138863
0.1721134152
0.1794918778
0.1769633075
0.143189867
0.4520477238
0.5081090306
0.5030719389
0.5177655124
0.5128457517
0.4571165932
0.1602047237
0.1623453766
0.1949808619
0.09903914744
0.1300261319
0.1282696386
0.1336346811
0.1318214613
0.100333457
0.1345205541
0.1325314128
0.1058424445
0.1275756688
0.1548060867
0.1528139615
0.3707595915
0.4282330173
0.4229984134
0.4383457054
0.4331528008
0.3757797257
0.1455178994
0.1238898587
0.1267620954
0.359159659
0.1828040369
0.2003349115
0.1840533412
0.1339558123
0.1538890078
0.16707041
0.06688391311
0.07308736247
0.06389370446
0.08693611268
0.07958963845
0.07413198427
0.09319137124
0.08662537032
0.09404549158
0.06797300215
0.06373726584
0.06887345608
0.04842049816
0.05692151543
0.06170004797
0.383774251
0.3773857487
0.3102773705
0.3701382871
0.3922007675
0.3547219824
0.4297340727
0.4357728866
0.4061165368
0.2614266977
0.256327972
0.2366818319
0.3115922348
0.2862502587
0.2892148285
0.3289739732
0.289982528
0.3329948878
0.1488326488
0.1654870983
0.1620987443
0.1764738412
0.1697870035
0.1554418316
0.209825686
0.1922333805
0.1976115005
0.120139167
0.1121139128
0.1030769874
0.1374375165
0.1258251161
0.1335714118
0.1125867879
0.1199481084
0.1333017509
0.02871855865
0.02471904048
0.02797577037
0.03317134978
0.03062692268
0.01863918339
0.02373187934
0.02342131835
0.02763188053
0.02519528621
0.02040783461
0.03787968505
0.03076803091
0.03257644127
0.08642800471
0.1096416877
0.1075368046
0.1101762661
0.1132447536
0.1185420973
0.09865643347
0.1041124038
0.1011526517
0.1559067966
0.1474678062
0.1583448201
0.1284578899
0.1346887767
0.1371400073
0.02302766024
0.02470295065
0.02211910576
0.03194300773
0.03014386564
0.03140682728
0.01799505621
0.02085851665
0.02164981628
0.121774503
0.1553861913
0.1527838445
0.1604662308
0.1573536387
0.1253207669
0.1787201685
0.1815128171
0.2139668892
0.1103204872
0.1453789749
0.1432768162
0.1501039694
0.1476296643
0.1122642794
0.1591779306
0.1954967282
0.1926035025
0.2013594463
0.1983450141
0.1617178678
0.149676434
0.1845724295
0.1819177325
0.1899004864
0.1871446127
0.1519484739
0.01356470755
0.01268435905
0.01003699246
0.009855102122
0.01155347363
0.01072219886
0.01473649812
0.0127316908
0.01372476919
0.143357187
0.1697869708
0.1680943132
0.120010519
0.1182233755
0.09369359299
0.1123471525
0.1388467822
0.136655181
0.1509516503
0.1489776723
0.1223550835
1.155564848
1.155562769
1.156023451
0.4276543186
0.4374933311
0.4700486119
0.09902021867
0.08491389401
0.1155732728
0.1343053693
0.1349662438
0.0930431794
0.1056206691
0.1159379055
0.1068082407
0.09464913587
0.08336209795
0.5962675276
0.5591201558
0.579830794
0.5140160889
0.5051522716
0.5219374854
0.4850831109
0.5040909757
0.5201033392
0.04328317561
0.05089871269
0.05095145928
0.394043744
0.3936707518
0.3727981051
0.3039333162
0.2961788126
0.273998817
0.3451390153
0.322770891
0.3267988243
0.5122743318
0.4609398847
0.4770773989
0.226670468
0.2116419457
0.196540572
0.2503406788
0.2307921908
0.2451599693
0.1777982855
0.1612638943
0.1555880235
0.1832356457
0.1713198229
0.1938835863
0.03540672557
0.04021913377
0.04339488293
0.04007215837
0.03641076074
0.03132325278
1.154954217
1.154912695
1.154743891
1.155296564
1.155105387
1.155134384
1.154358079
1.154261357
1.154152509
1.154564888
1.154422664
1.154487578
1.154040659
1.153843555
1.153737068
1.154025718
1.153926882
1.15409143
1.154075716
1.153658848
1.153688563
1.153705119
1.153648397
1.154023635
1.154633119
1.153953655
1.15410885
1.153744663
1.153845779
1.154444849
1.155692897
1.15469183
1.154941258
1.154272411
1.154480671
1.155390974
1.15702518
1.155756544
1.156065822
1.155188778
1.155478986
1.156683739
1.158470388
1.157003252
1.157332446
1.156366759
1.156691596
1.158110421
1.159879268
1.158308923
1.158632635
1.157651734
1.157985865
1.159534365
1.161214971
1.159596389
1.159936861
1.158947628
1.159302951
1.160900318
1.16021377
1.160567892
1.162172432
0.08878982932
0.1079806541
0.1118303941
0.1359369798
0.13127407
0.1171145508
0.05089718029
0.04980347851
0.04427263393
0.02011966757
0.007482689759
0.0004251265272
0.02018093533
0.007413521067
0.0004278286245
0.009646620723
0.004316067119
0.0003756138679
0.009715342935
0.004312206679
0.0003763731697
0.00964718605
0.004315426382
0.0003754446598
0.009622463289
0.004397931213
0.0003745381732
0.009445957558
0.004251570227
0.0003753544539
0.01857344043
0.006803755458
0.0004190062858
0.0186655161
0.006832918758
0.0004214741997
0.02176955603
0.008032854846
0.0004388587821
0.02149703414
0.007942002712
0.0004363333931
0.01035837231
0.004598117618
0.0003795470976
0.01008945348
0.004462758771
0.0003796354191
0.01019207494
0.004534714165
0.0003793638719
0.01032061938
0.004587335449
0.0003794298669
0.01023563747
0.004549146371
0.0003794350371
0.009727126197
0.004315701506
0.0003765053538
0.009792292625
0.004389708089
0.0003763119419
0.01003592387
0.004424155545
0.0003796150535
0.009906853647
0.004257545792
0.0003793275776
0.009837144077
0.004392706285
0.0003764487025
0.009893168456
0.004304318492
0.0003782354523
0.009546049759
0.004397160297
0.0003752469539
0.009601153988
0.004403956229
0.0003746383702
0.009508312507
0.00436412845
0.0003757052654
0.009418622853
0.00418834436
0.0003763597934
0.01936177437
0.007003356707
0.000424139458
0.02396292054
0.008879925915
0.0004562626601
0.02429010109
0.009147614467
0.0004616101689
0.02356811624
0.008664415731
0.0004505585239
0.02271932728
0.008388948564
0.0004452891328
0.02058141819
0.007520461007
0.0004312203595
0.009684026001
0.004344362649
0.0003757329192
0.009698796197
0.004335678771
0.0003759184774
0.009642909673
0.004352097182
0.000374997076
0.009630058032
0.004383520474
0.0003746883313
0.009445532516
0.004310831052
0.0003745244033
0.01905383889
0.006890931479
0.0004232072697
0.02553804152
0.009810668457
0.0004754540419
0.02492810469
0.009417019794
0.0004672219043
0.02804397066
0.02608537377
0.01006547599
0.02651884597
0.01029343083
0.02232783829
0.008246501693
0.0004421693774
0.02082615556
0.007600811908
0.0004338653673
0.01038633996
0.004600294028
0.0003795743062
0.0101191433
0.004494241084
0.0003794298608
0.0101688514
0.004519834308
0.0003794933584
0.01029864877
0.004575745153
0.0003794606839
0.01025841399
0.004562045884
0.0003794186634
0.009793060828
0.004375816336
0.000376284784
0.01000195596
0.004379658178
0.0003798127862
0.009917692156
0.004281720089
0.0003798287192
0.009847583643
0.004378149757
0.0003766765963
0.009879160136
0.00435672971
0.0003773244644
0.009561445497
0.004405038963
0.000374967242
0.009584768933
0.00440306414
0.0003747949058
0.009483215632
0.004313205229
0.0003761837079
0.009415724469
0.004206673841
0.0003765356493
0.01744020786
0.006400335275
0.0004154453172
0.01716553598
0.006343348801
0.0004140700577
0.01555246971
0.005972447202
0.0004049149029
0.01399296772
0.005631219972
0.0003977391994
0.01530585166
0.005891475617
0.0004042618616
0.01208372334
0.004874275559
0.0003885563042
0.01284355451
0.005313725901
0.0003915197498
0.01383845747
0.005617652221
0.0003970668679
0.01294323025
0.005336771991
0.0003920251941
0.0120457747
0.004839949552
0.0003875118185
0.01168240427
0.004998371995
0.0003822156642
0.01162475707
0.005003285564
0.0003819264602
0.009405390948
0.004338875164
0.0003742723564
0.009401048209
0.004342559565
0.0003743923144
0.02906848539
0.01647264018
0.006226099792
0.0004094851701
0.01619118258
0.006086092505
0.0004086976125
0.02847828772
0.01454429463
0.005771075816
0.0003998942024
0.01465264146
0.00575228363
0.000401739273
0.01244546908
0.005175747549
0.0003893325551
0.01253785852
0.005221429755
0.0003896947668
0.01348729686
0.005595137035
0.000393550628
0.01332053052
0.005598140611
0.0003925718335
0.01189081556
0.004977113073
0.0003840696668
0.01183305298
0.004986796228
0.0003834047278
0.01143436864
0.00499662144
0.000381337522
0.01149639679
0.004994978242
0.0003814761478
0.00977412684
0.004345427386
0.0003764654207
0.01781629915
0.006551904267
0.0004160360369
0.01825577628
0.006661574525
0.0004170294133
0.01694360026
0.006330791186
0.0004124063603
0.01582855999
0.006093625463
0.0004059021806
0.01417922236
0.005682258544
0.0003982323491
0.01509432779
0.005847489451
0.0004038316345
0.01224288519
0.005034124851
0.0003887671777
0.01272827371
0.005285533145
0.0003907857212
0.01367946513
0.005569342128
0.0003961907038
0.01310599661
0.005427440554
0.0003923982702
0.01200508767
0.004920415858
0.0003860629922
0.01172215313
0.004995516204
0.0003825180476
0.01140141102
0.004978761079
0.0003811407902
0.01135184131
0.004991946095
0.0003810524679
0.01158239982
0.004998311765
0.0003817549423
0.01059914673
0.004582050542
0.0003814848075
0.01063931611
0.004586454716
0.0003818387773
0.01093734893
0.00479230358
0.0003814252332
0.01091640299
0.004814385627
0.0003812235779
0.01131071616
0.005005606974
0.0003809403161
0.01129072835
0.005033779509
0.0003809503891
0.01098130807
0.004778430183
0.0003818415343
0.01101609047
0.004759368446
0.0003821957845
0.01057408785
0.004601387273
0.0003809183528
0.0105254242
0.004612399915
0.0003805874163
0.009429874199
0.004339478907
0.0003742968529
0.009378260825
0.004337538263
0.0167072071
0.006257467779
0.0004106408285
0.01593010902
0.006061143553
0.0004076135747
0.01437389849
0.005734574349
0.0003987400166
0.01484389272
0.005754104406
0.0004030277668
0.01233795609
0.005116738417
0.0003889227463
0.01263880171
0.005253114724
0.0003902472985
0.01352552382
0.005581566389
0.0003949063841
0.01326218537
0.005559515363
0.0003923370943
0.01193635394
0.004969239391
0.0003848371828
0.01178576211
0.004996230573
0.0003829402375
0.01144075099
0.004984541248
0.0003812280759
0.01152353286
0.004992366149
0.0003815966098
0.01075208817
0.004686656497
0.0003817896368
0.01069547537
0.004633297033
0.0003819303522
0.01080328684
0.00474184422
0.0003815570439
0.01086237924
0.004796765223
0.0003813249015
0.01116613369
0.004907980365
0.0003818227819
0.01123035879
0.004986701722
0.000381325327
0.01111917846
0.004836789919
0.000382285321
0.01104879642
0.004773297957
0.0003824866414
0.01044937263
0.004601135617
0.0003801597028
0.01049905158
0.004605928142
0.0003803170257
0.01045373656
0.00459650631
0.0003798550952
0.01043317812
0.004598117226
0.0003797282225
)
;

boundaryField
{
    topAndBottom
    {
        type            calculated;
        value           nonuniform List<scalar> 
12
(
1.155898869
1.155171592
1.154419013
1.15364479
1.15285088
1.152057088
1.151258933
1.150483539
1.149746757
1.149080129
1.148478967
1.147986308
)
;
    }
    inlet
    {
        type            calculated;
        value           uniform 1.15625;
    }
    outlet
    {
        type            calculated;
        value           nonuniform List<scalar> 0();
    }
    wing
    {
        type            nutkWallFunction;
        blending        stepwise;
        Cmu             0.09;
        kappa           0.41;
        E               9.8;
        value           nonuniform List<scalar> 
133
(
0.000200747678
0.0002009576292
0.0001835743778
0.0001837783859
0.0001835343232
0.0001835386325
0.0001831822148
0.0001992398876
0.0001995929593
0.0002025609872
0.0002022446853
0.000185844494
0.0001853107114
0.0001855479895
0.0001857900095
0.0001856323901
0.0001838465264
0.0001840973524
0.0001851568638
0.0001845685942
0.0001841583902
0.0001843924607
0.0001836090074
0.0001835682268
0.0001835961172
0.0001832656269
0.0002004520476
0.0002043169466
0.0002048837506
0.000203819519
0.0002032976262
0.0002013688329
0.0001836680075
0.000183701378
0.00018351203
0.0001835252907
0.0001831740305
0.0002000127996
0.0002059906314
0.0002053802805
0.0002029876305
0.0002017802612
0.0001858819954
0.0001853884608
0.0001855016555
0.000185757664
0.0001856916705
0.0001840460657
0.0001850341258
0.0001847850282
0.0001842032056
0.0001842948186
0.0001835985429
0.0001835838395
0.0001835347416
0.0001833479066
0.0001981604161
0.0001977154345
0.0001952535682
0.000192402228
0.0001948974524
0.0001882801957
0.0001900034166
0.0001920721955
0.0001902132143
0.0001879632428
0.0001871479144
0.0001871127458
0.0001831763747
0.0001832064308
0.0001966646948
0.0001962889783
0.0001933189681
0.0001936869784
0.0001890760192
0.0001892888866
0.0001911580861
0.0001909812066
0.0001874367314
0.0001873239921
0.0001870932685
0.000187088607
0.00018397921
0.0001985311928
0.0001988984702
0.0001973522217
0.0001955435395
0.0001927535291
0.0001945278855
0.0001886009102
0.0001897494194
0.0001917281989
0.0001905214113
0.0001877375829
0.0001871879702
0.0001871189629
0.0001871543498
0.0001870940621
0.0001864077059
0.0001865293529
0.0001869435053
0.0001869314712
0.0001871807612
0.0001872425441
0.0001870062723
0.0001870557898
0.0001862903308
0.0001862189637
0.0001831883359
0.0001969938067
0.0001959008137
0.0001930508238
0.0001940926745
0.0001888279335
0.000189525732
0.0001913985428
0.00019080496
0.0001875652885
0.0001872542749
0.0001870958844
0.000187081006
0.0001867708582
0.0001866696724
0.000186855022
0.0001869140536
0.0001872640539
0.0001872789266
0.0001872286515
0.0001871538079
0.0001860667942
0.0001861308094
0.0001859915452
0.0001859482217
)
;
    }
    front
    {
        type            empty;
    }
    back
    {
        type            empty;
    }
    procBoundary0to1
    {
        type            processor;
        value           nonuniform List<scalar> 
49
(
1.147546754
1.147099757
1.147046719
1.147833144
1.149228568
1.149228568
1.152454651
1.158203545
0.5440014264
0.4623622034
0.2388064313
0.01905197567
0.5654036088
0.5827339649
0.5440014264
0.5760213855
0.2956280986
0.04880749584
0.03091429594
0.18379488
1.150557129
1.155007412
1.157858256
1.072252358
0.8547195262
0.7997873539
0.6692464214
0.6359761115
0.09455225026
0.07038312213
0.4128951508
0.9171658288
0.988715094
0.7075648493
0.7509717384
0.5854921865
0.607987364
0.5878154082
0.5764663085
0.1440689912
0.1213499083
0.3539690415
0.5607981983
1.162446469
1.160845069
0.0003744772215
0.009361573872
0.0003744772215
0.004308878842
)
;
    }
    procBoundary0to2
    {
        type            processor;
        value           nonuniform List<scalar> 
58
(
1.156543811
0.06596970167
0.0148479904
0.01149863876
0.00793282009
0.01191792439
0.01191792439
0.008913293913
0.02413708265
0.01678409527
0.9839732398
1.157737691
1.157737691
0.6878905125
0.91634673
0.4323033568
0.6144433676
0.2237658226
0.3733046455
0.07912782697
0.1849604612
0.03401898866
0.03050276847
0.01785681299
0.01065892081
0.0148479904
0.007875955929
0.009755244036
0.007913704957
1.157314846
0.05438492163
1.05028846
1.113702849
0.7682122862
0.8460273261
0.4907621389
0.5497873243
0.2671342058
0.3169754741
0.1187844484
0.1187844484
0.1480126705
0.0431994627
0.03050276847
0.02537544161
0.02140379058
0.0122774951
0.00823748154
0.009058466733
0.09415426726
0.0004845232167
0.0108972635
0.0108972635
0.0004845232167
0.000494634825
0.01182825239
0.02413708265
0.01132722695
)
;
    }
}


// ************************************************************************* //
