/*--------------------------------*- C++ -*----------------------------------*\
| =========                 |                                                 |
| \\      /  F ield         | OpenFOAM: The Open Source CFD Toolbox           |
|  \\    /   O peration     | Version:  v2012                                 |
|   \\  /    A nd           | Website:  www.openfoam.com                      |
|    \\/     M anipulation  |                                                 |
\*---------------------------------------------------------------------------*/
FoamFile
{
    version     2.0;
    format      ascii;
    class       volScalarField;
    location    "1.06";
    object      k;
}
// * * * * * * * * * * * * * * * * * * * * * * * * * * * * * * * * * * * * * //

dimensions      [0 2 -2 0 0 0 0];


internalField   nonuniform List<scalar> 
3259
(
34.98273765
35.01211168
35.0893162
35.25841483
35.50332753
35.99394721
36.67313694
37.43091104
38.47541434
39.99162493
42.82419774
46.23321607
34.87974258
34.914588
35.00567723
35.19825001
35.4840529
36.03394573
36.7812299
37.58228037
38.69036559
40.31865763
43.42685116
44.76561361
34.78514956
34.82518602
34.92889687
35.14318229
35.45549745
36.05005027
36.8556129
37.73682262
38.94349186
40.67326274
43.81203327
41.0244668
34.69432744
34.73916913
34.85393849
35.08807867
35.42486341
36.05398865
36.91745742
37.90835396
39.2907603
41.21533087
44.26163742
35.66609795
34.60541499
34.65450144
34.77834465
35.02931147
35.38725327
36.04373379
36.9500798
38.04374754
39.69529956
41.93997691
43.95711407
27.69417925
34.51372147
34.56648981
34.69781013
34.96315476
35.33927277
36.01392155
36.94760951
38.08485802
39.94897297
42.4233685
41.25899114
31.44141281
34.419766
34.47558952
34.6126441
34.88903339
35.27897239
35.96511789
36.91901209
38.07699455
39.95241892
42.22739312
35.6928062
41.04160649
34.31928467
34.37762586
34.51936409
34.80489738
35.20604281
35.89855393
36.86270423
38.03290772
39.88348646
41.72514274
32.95813333
41.68736445
34.2158223
34.27613374
34.42127866
34.71290505
35.12112504
35.8164844
36.78543848
37.96054678
39.76267156
41.16218441
30.73093246
40.94939936
34.10440654
34.16631448
34.31445286
34.61142165
35.02561553
35.72146127
36.69171613
37.86622388
39.59932769
40.55645273
28.80681661
40.0511433
33.99193268
34.05505387
34.20526678
34.50490699
34.92110162
35.61599312
36.58534697
37.75470445
39.40124529
39.93198192
27.18255837
39.09534253
33.87080391
33.93496562
34.0873585
34.39028429
34.80942516
35.50235974
36.46942287
37.62959694
39.17426064
39.30958168
25.85818054
38.13007444
33.75221115
33.81715777
33.97093499
34.27442359
34.69205204
35.38257704
36.34647474
37.4933487
38.92245067
38.70030798
24.78980548
37.17896467
33.62344767
33.68915641
33.84478642
34.15081492
34.5705469
35.25832095
36.2183832
37.34735691
38.65190617
38.11088661
23.93188529
36.25139058
33.50231767
33.56859366
33.72521675
34.03037661
34.44581844
35.13092566
36.08642978
37.19244634
38.36782122
37.54544478
23.24800068
35.34274053
33.36742993
33.4343485
33.59269444
33.90044784
34.31912139
35.00139607
35.95139876
37.02935509
38.07468215
37.00583038
22.70836905
34.46045565
33.24742667
33.31480611
33.47388574
33.77958343
34.19075189
34.87048036
35.81377993
36.85903815
37.7774447
36.49262238
22.2898749
33.60874105
33.10662446
33.17460803
33.33532599
33.64412651
34.06190103
34.73874999
35.6738905
36.6826201
37.47955843
36.00554015
21.97131936
32.78944987
32.99167714
33.06006308
33.22135766
33.52709452
33.93224415
34.60663171
35.53199623
36.50126535
37.18358521
35.54365287
21.73373416
32.00280727
32.84346212
32.91246031
33.07527124
33.38463371
33.8032873
34.47450359
35.38842158
36.31610168
36.89020723
35.10576373
21.56185241
31.24922524
32.73839832
32.80775017
32.97111205
33.27707419
33.67394699
34.34269471
35.2435808
36.1281238
36.60032222
34.69031988
21.44208882
30.52889955
32.57911839
32.64912423
32.81382406
33.12274532
33.54682858
34.21180958
35.09803535
35.93826342
36.31462965
34.29571938
21.36299936
29.84221399
32.49006875
32.5604022
32.72571376
33.0335235
33.42033796
34.08297911
34.95329006
35.74730897
36.0338138
33.92080954
21.31477746
29.19010451
32.28637166
32.357544
32.52443923
32.83458463
33.30103235
33.95914955
34.81424555
35.55653097
35.7598533
33.5675173
21.28903981
28.57523767
46.26883382
45.28716483
42.70469966
46.27881047
43.32036361
45.82449245
46.24983371
45.93191127
33.26162816
36.50512077
43.74547722
36.67307625
34.0546321
40.4713834
33.19790385
45.88517032
32.25087018
85.2110622
33.95310615
32.2822285
59.93215358
35.45915774
43.74853716
43.23215419
44.41167954
43.93653011
35.59325992
38.65179334
45.01457218
44.56856208
45.15445837
38.81797523
36.7524462
36.58965354
43.03390378
42.54158855
32.59511839
32.92401618
42.74317845
46.80390666
33.47177182
84.32510744
48.28455237
75.18495033
33.39510303
55.62411746
43.11658142
43.72138524
45.24477819
45.71065345
44.20516964
36.75124507
42.24803428
33.80782857
39.91812863
39.46474626
78.04631925
58.42583785
37.25646317
35.23742224
38.20936107
41.09964287
40.22013428
39.31793086
38.89041328
33.03596263
42.62897332
32.1549676
98.67671553
45.35663014
42.57236637
45.0953863
33.76650845
32.42638409
40.55753059
40.05239869
34.3543001
35.98999366
41.11972187
40.69991711
37.12048806
35.9279322
32.96330556
38.68891331
37.95646938
84.81936792
90.10073156
32.10577982
93.91559314
77.28782276
44.11592354
33.69644731
84.00393311
55.74710224
92.85388477
59.5812622
32.56680991
41.65452591
41.2517196
36.11403328
37.61100544
42.21160367
41.78716334
32.74748192
32.79690211
34.23021688
32.21884625
33.88621135
32.66684149
32.71075605
32.31549125
42.74150247
42.34748724
37.97883418
39.25909095
43.21495752
42.85922536
34.41940702
34.4813708
36.865855
36.46170998
34.2302464
34.30914287
32.56915798
34.22400581
33.24035867
109.9608306
32.39503292
43.53452906
72.47755679
65.63533308
32.34301337
32.38104484
33.54988089
82.4604738
88.49995865
85.78422479
69.10897207
33.26754044
32.25956054
32.29860783
47.44076459
33.17548354
33.11576728
32.68348917
34.58433513
32.86400423
33.01105312
35.85435138
34.64133706
38.94192417
33.10146778
35.22018957
35.08695761
32.18122257
97.89510176
98.90043479
64.53899691
91.70821529
82.94375794
32.55762157
32.6226076
33.83319931
32.36463419
32.93490511
32.88094404
33.04844998
33.00495951
33.72466122
34.03036074
36.18958561
32.66680139
32.6413432
32.80457502
32.74939266
34.95410935
34.7085644
32.78546026
82.87042254
104.3348262
107.2501319
104.5892626
104.4780509
86.76969783
32.19785883
86.46454934
68.49959836
72.08924048
33.61792857
32.4262594
32.4920777
83.59353822
90.41124035
89.09853502
76.59047648
82.19998909
94.27885344
91.2467922
64.12349574
87.24882721
78.45007501
32.38122985
32.23362069
32.98621578
37.40226756
38.14562695
38.4274895
39.47065106
39.91727583
41.78849583
37.54726726
38.33614067
38.18608338
38.63814524
39.75985096
39.54138243
40.24391442
42.32056497
41.89379215
42.96701059
44.40086201
44.18425509
46.11026105
44.90480103
45.25544037
37.69645757
38.54867035
38.3840745
38.87193589
40.06214793
39.82760613
40.57183611
42.72332216
42.42746618
43.53361153
44.66804418
44.82852035
44.63535444
41.24047171
42.06770449
37.86658121
38.83214585
38.61254682
39.19542623
40.50783883
40.15652412
41.05755017
43.24382825
42.83249503
44.12648023
43.82513966
44.93295566
38.18562274
38.01960761
39.16359443
38.91291645
39.5976696
41.14638502
40.65026462
41.76710402
43.83343765
43.41676448
44.16459441
36.8641828
42.73623285
28.72567765
38.07987418
39.39499297
39.23979298
39.91357703
41.69756519
41.30825375
42.3403865
43.25708794
43.80644709
42.34083769
27.8637762
33.14920496
29.25261261
38.08268998
39.4190601
39.41279643
39.95958987
41.7963772
41.77772957
42.33663881
40.86804307
42.81211668
37.08803235
28.73411476
27.47962213
39.5909035
38.0469097
39.37981716
39.4145953
39.90594991
41.53941758
41.74416758
41.85723127
38.8834753
40.18603071
33.56065004
29.9066714
29.40268893
41.82514585
37.98091716
39.29522749
39.36248025
39.79721099
41.17314664
41.45651678
41.3078366
37.27212613
38.47167805
31.25988459
29.97390328
29.9099787
41.15484964
37.89157505
39.17424059
39.26811763
39.64368429
40.73605141
41.06900336
40.71071859
35.77299622
36.88542285
29.25918214
30.06878251
30.0017706
40.2837946
37.78396576
39.0232264
39.13908243
39.45364092
40.26663451
40.62094756
40.08849663
34.41055657
35.41895877
27.56027935
30.06060852
30.07989364
39.33638529
37.66198007
38.847112
38.98139225
39.23350135
39.7783802
40.14587346
39.4642694
33.19417641
34.09261227
26.16355821
29.9146854
30.03699948
38.37073482
37.52835032
38.64902581
38.79955798
38.98735444
39.28221248
39.65469335
38.85097965
32.12397595
32.91315843
25.03581174
29.63980515
29.85728041
37.41433255
37.38470436
38.43175399
38.59636947
38.72099836
38.78829057
39.15819036
38.25610996
31.19027083
31.87827414
24.12909322
29.26232772
29.55386874
36.48182715
37.23195842
38.19888263
38.37484371
38.43991823
38.30318611
38.66600653
37.68442946
30.37910125
30.97656723
23.40476382
28.81685622
29.15631617
35.56758758
37.07083696
37.95423141
38.138643
38.14852931
37.8305179
38.18374331
37.13827348
29.67538261
30.19366229
22.83156424
28.32289095
28.69731156
34.67822857
36.90222184
37.70176964
37.89172074
37.85193481
37.37259377
37.71456939
36.6184517
29.06531812
29.51454615
22.38482456
27.79599226
28.19369767
33.818499
36.72721861
37.44431748
37.63777258
37.55387698
36.93078625
37.26059471
36.12490294
28.53609881
28.92592669
22.04330439
27.25060621
27.66119036
32.99091053
36.54699133
37.18379096
37.37937633
37.25736751
36.50563029
36.8229281
35.65681738
28.07512106
28.4148923
21.78705425
26.69743137
27.11329077
32.19575172
36.36268187
36.92233889
37.11842942
36.96325681
36.09720706
36.40196083
35.21305682
27.67196084
27.96930885
21.6001544
26.14578875
26.56035036
31.43319191
36.17531598
36.66160194
36.85703522
36.67241646
35.70515545
35.99768528
34.79212707
27.31747514
27.57925564
21.46865569
25.6028493
26.0115433
30.70302834
35.98585279
36.40282231
36.59665248
36.38561967
35.32881806
35.60964594
34.39231962
27.00352232
27.23594678
21.38042827
25.07386064
25.47394099
30.00461659
35.79509188
36.14687328
36.3385672
36.10344524
34.96723074
35.2371975
34.0116804
26.72292133
26.93196134
21.3251732
24.56233911
24.95319022
29.33656301
35.60359148
35.89354549
36.08341485
35.82572766
34.61787032
34.87985778
33.64663199
26.46867053
26.66141491
21.29386071
24.07079714
24.45387172
28.69668039
35.39997772
35.62682448
35.83267472
35.53454046
34.25723988
34.54001927
33.27241293
26.22153704
26.42023894
21.27889599
23.57107924
23.98050992
28.04541477
45.36887199
45.69171635
46.37580794
42.27323034
42.91393329
45.48190718
42.9139688
44.10685451
43.84461178
42.56641776
46.33998
44.53658809
44.74858645
44.7835308
44.46069112
43.05887427
46.09434674
45.05857889
45.34659803
44.81546313
45.00937855
46.14420149
44.39931092
44.77780871
46.06982191
33.34157748
35.73174127
35.57500873
38.66973822
38.51367693
36.36463849
31.32291383
35.94957585
43.94532351
54.44287654
44.83541003
43.16926452
43.44108356
36.89744469
39.03635783
38.8398136
43.32437441
39.40819411
46.40669762
45.79341027
40.50248935
34.28754288
33.39993427
35.44657137
35.3241641
33.1454666
45.72645634
43.83711042
44.25433331
89.48655082
88.40929835
72.03769286
37.43498834
37.22301641
35.24037382
43.60286796
42.06178229
42.18369105
40.88380109
41.46309825
43.40026194
44.25750754
42.9023155
43.10786197
42.47653672
42.66909294
44.08982528
35.73528232
37.76360031
37.60296307
40.34406647
40.17811097
38.48285485
44.86960481
43.74167983
43.94022777
43.32303523
43.53292517
44.72030824
45.42423362
44.49262044
44.13018316
44.31404711
45.29089876
38.96463001
40.65380753
40.50262411
42.89986518
40.31392094
40.73035301
39.51707188
40.13193491
42.60793938
42.97358683
46.20855729
45.95564553
57.08877614
54.30726704
45.63551091
50.24449295
63.94214038
60.09913988
52.09614594
45.92573363
44.80977554
44.74524785
43.63195082
45.24710874
45.59900053
45.55698357
45.37516854
45.41940785
45.36070344
41.48978397
41.92983861
44.41460447
38.53401409
37.22070429
37.17349838
39.88963954
39.44346414
46.80037632
36.24166359
35.94578188
33.49984331
39.7650774
38.04101675
38.26050185
37.69615209
37.85574365
39.6121677
66.64569258
43.76295491
45.16208973
48.95048433
48.66587238
66.78373191
34.69160459
34.76759046
37.39267867
34.27935522
34.41495715
38.30702096
40.76133692
37.65769592
38.06449771
36.89873976
37.41378372
40.48344149
39.17575314
37.40782588
37.55198111
37.11496315
37.27819086
39.02416504
41.8777411
45.78932304
61.52356675
58.26567743
67.13161979
74.44812785
46.2442396
83.09554596
99.3322765
40.38866468
38.95456292
39.14010791
38.50327907
38.74231235
40.23849953
34.96589503
36.95681465
36.60856464
38.06804705
37.91538604
35.85647418
40.97534734
39.61177002
39.76318736
39.3026128
39.45949916
40.84405789
37.00216146
34.55996789
34.61741875
38.581379
36.69025323
36.98251439
35.37565882
36.45063963
38.01439545
62.55671933
64.72666137
79.85458934
44.74182024
51.9673716
50.12012571
72.66140075
68.02152193
52.77732031
41.51742503
40.20516954
40.35430471
39.91181643
40.05902085
41.38895743
36.24115728
38.36588465
38.21749895
39.52450336
39.26818866
37.21259019
42.06579779
40.85055116
41.03411655
40.50941707
40.67357915
41.92737804
42.61204475
41.53827069
41.68579913
41.21275555
41.38222262
42.48675229
38.25404079
39.98879586
39.7701542
40.95117087
40.80384155
39.11532271
43.09621522
42.10576429
42.24409309
41.82791777
41.96781899
42.98281294
48.3991835
47.15301698
43.13347232
71.09444173
57.7740923
59.13804287
54.10766888
55.00281119
68.46653505
49.56082122
35.00923946
34.1643626
34.52462227
33.56448126
33.96971405
34.79557211
38.26438744
34.00322991
33.54936451
94.66670192
89.49902512
57.03985263
94.36252905
106.4013822
106.3870885
104.8174242
105.5816458
92.28897981
35.52682367
35.7282663
35.99409683
36.30512434
36.65428301
37.17911354
35.49710192
35.72925739
35.71957507
36.02356231
36.36165203
36.31214466
36.74178952
37.30923143
37.20526265
37.46090561
37.70100873
37.66798693
38.51739371
38.83831257
38.79294181
40.06072212
40.59950473
40.5150826
46.19185362
46.03206361
46.08923627
35.46867815
35.72461649
35.72579319
36.04314306
36.40964973
36.38661145
36.81927869
37.43705047
37.34001021
37.61915068
37.8761413
37.83511161
38.74563098
39.08689329
39.02664527
40.39611252
40.97951007
40.89498512
35.44031524
35.71632929
35.71995151
36.05453077
36.44664191
36.43056514
36.89037039
37.57392938
37.47061115
37.78011803
38.06517247
38.01411049
39.02141652
39.39180882
39.3047779
40.78692095
41.39664179
41.27538748
43.90607902
44.86888345
44.83727341
40.53519716
30.27876134
32.06474864
35.40707167
35.69876599
35.70668434
36.05107526
36.46263472
36.45787034
36.93667599
37.68261796
37.60566138
37.94957493
38.27967896
38.22597151
39.39052797
39.81727402
39.70013062
41.39245767
42.05790778
41.86042795
44.28905093
44.58851408
44.74634519
33.21813698
26.44437806
26.47572677
35.36466939
35.66767789
35.68170227
36.03172341
36.45593614
36.46128741
36.95131899
37.72403268
37.69656859
38.06042305
38.44686016
38.4179412
39.78273196
40.29805132
40.18806963
42.09878193
42.76416267
42.60910701
43.6762734
42.56707346
43.40336723
27.74821101
34.91760709
31.17367612
35.31050847
35.62038593
35.64269134
35.99227966
36.42629283
36.44422834
36.93776821
37.72091973
37.72644848
38.08639958
38.48636251
38.48271824
39.96304615
40.55669552
40.52535923
42.43777686
42.84824936
42.93506092
39.92928276
34.03524506
36.74496958
34.51414747
46.58985207
45.07583868
35.24372881
35.55777369
35.58825115
35.9342729
36.37438137
36.40288012
36.89377942
37.68206127
37.7137032
38.06910542
38.47194561
38.47947104
39.94058012
40.51436581
40.5335051
42.11017335
42.19331108
42.36880309
34.81743112
27.78990703
28.56929241
41.93756739
47.71863908
47.81971045
35.16447887
35.48083695
35.51882805
35.85956772
36.30351409
36.34112497
36.82639454
37.61510552
37.66732325
38.01721092
38.41989486
38.43594065
39.85776892
40.39319655
40.42985612
41.58956297
41.43008333
41.62844275
32.37396952
25.61859017
26.11537327
41.52705068
46.38445122
46.71696851
35.07398647
35.39125283
35.43578739
35.77063894
36.2166332
36.26188968
36.74037236
37.52672538
37.59458596
37.93880627
38.33859804
38.3613161
39.72546975
40.2106648
40.2612571
41.01380572
40.61521209
40.82060063
30.22137103
23.90195525
24.29290271
40.73446122
45.11077388
45.42129323
34.97359717
35.2909931
35.34099806
35.67004489
36.11658282
36.16807406
36.63990354
37.42204386
37.50180093
37.83978031
38.23409672
38.26214673
39.55276928
39.97973838
40.04157353
40.40104599
39.79628345
39.99995249
28.37275652
22.55282322
22.85904179
39.81498151
43.9145559
44.20717302
34.86530489
35.18207229
35.23646524
35.56018576
36.00617393
36.0625011
36.52840509
37.30484643
37.39374203
37.72457126
38.11084664
38.14322514
39.34704927
39.71078323
39.78120251
39.77564252
38.99586173
39.19339112
26.82488836
21.47816096
21.72823387
38.85373201
42.78196372
43.05971831
34.750437
35.06638811
35.12419523
35.44321599
35.88800898
35.94791176
36.40869133
37.17784815
37.27391328
37.59649242
37.97213491
38.00813639
39.11342224
39.41020553
39.48811874
39.15572009
38.22722702
38.41589673
25.56929213
20.57800107
20.7878545
37.88990902
41.70353014
41.96823562
34.63097201
34.94560868
35.00595554
35.32098514
35.76425894
35.82671748
36.282977
37.0428257
37.14480324
37.45771069
37.82000871
37.85923276
38.85636439
39.08493147
39.16794439
38.55088819
37.49821435
37.67650259
24.55749728
19.8279935
20.00193217
36.94546582
40.66946785
40.92422444
34.50751671
34.82110916
34.88332493
35.19499873
35.63658112
35.70082534
36.15282975
36.90079528
37.00797492
37.30942167
37.65565579
37.69783599
38.58198511
38.74604136
38.83153479
37.96717332
36.81243035
36.97972934
23.74621536
19.20778778
19.35109968
36.0220336
39.67741946
39.92152189
34.38199196
34.69400339
34.75749098
35.06640992
35.50616232
35.57165789
36.01926045
36.75234922
36.86430641
37.15239154
37.4802199
37.52505006
38.29518966
38.40233815
38.48830856
37.40808558
36.17068134
36.32702885
23.10100738
18.69946599
18.81621317
35.11943213
38.72587929
38.96014151
34.25400998
34.56513874
34.62953234
34.93609367
35.37381637
35.44019505
35.88288451
36.59800544
36.71434197
36.98739447
37.29514683
37.34222583
38.00059716
38.05834534
38.14429409
36.87504966
35.57178277
35.717586
22.59371244
18.28736062
18.38101251
34.24441721
37.81231893
38.03724373
34.12587183
34.4352066
34.50008599
34.804682
35.2400955
35.30711444
35.74409145
36.43839544
36.55862927
36.81544202
37.1022077
37.15108567
37.70290607
37.71582862
37.80119747
36.36843041
35.01370304
35.14953603
22.20227301
17.96031344
18.03357248
33.4006332
36.93553989
37.1514155
33.9958426
34.30468685
34.36994223
34.6726578
35.10536522
35.17287608
35.60313477
36.27424972
36.397819
36.63767956
36.90314561
36.9534037
37.40535556
37.37676632
37.46112827
35.88773573
34.49366211
34.62028826
21.90560138
17.70674032
17.76254357
32.58924842
36.09403616
36.30134322
33.86739164
34.17401683
34.23933122
34.54034331
34.96987931
35.03781875
35.46027975
36.10633848
36.23266306
36.45527501
36.6995647
36.75080181
37.10995837
37.04285276
37.12576882
35.43198148
34.00861072
34.12677137
21.68586029
17.51765773
17.55806384
31.81038356
35.28635902
35.48546825
33.73659569
34.04336208
34.10901741
34.40793969
34.83375304
34.90222071
35.31577437
35.93539295
36.06393282
36.26931867
36.49288275
36.54478044
36.81737305
36.71529744
36.79654891
34.99984729
33.55548904
33.66598807
21.52831131
17.38574228
17.41263839
31.06408716
34.51145471
34.70289675
33.60925176
33.9128367
33.97891506
34.27537345
34.69692704
34.76640109
35.16969038
35.76218548
35.89235076
36.08078895
36.28423826
36.33652632
36.52848203
36.39473672
36.47419645
34.58969741
33.13111656
33.23483214
21.4198239
17.30416285
17.319084
30.34991014
33.76817937
33.95293937
33.47725507
33.78191494
33.85030123
34.14222356
34.5589001
34.63094114
35.0216024
35.58737117
35.71868999
35.89058404
36.07458503
36.12704056
36.24392185
36.08153317
36.15915291
34.19975177
32.73234807
32.83041576
21.34930152
17.26708953
17.27164768
29.66690211
33.05504244
33.23537538
33.34962238
33.64917024
33.72348369
34.00686043
34.41797182
34.49713562
34.86946599
35.41139161
35.54358788
35.69944924
35.86480411
35.91726555
35.96416651
35.77567752
35.851763
33.82764283
32.35556374
32.45066178
21.30708233
17.2696233
17.26528936
29.01328976
32.36947442
32.55099398
33.20054021
33.50393084
33.602435
33.85872249
34.26319788
34.36809791
34.70193329
35.2239312
35.36805084
35.50651287
35.6536985
35.70862358
35.68609555
35.47290286
35.55426518
33.46628764
31.99345512
32.09646043
21.28467414
17.30677779
17.29154177
28.38602897
31.70614854
31.90338535
46.14663062
46.2009544
46.30649646
44.5257739
44.71885055
45.28233086
46.30534759
45.92494196
45.95123123
45.89898981
45.98552256
45.96409216
45.97244454
45.98869644
46.2186159
45.65218893
45.7180044
45.98079108
46.47028191
46.45591786
45.83208115
45.51167955
45.57998358
43.81549985
45.93028324
45.89197884
45.60643513
33.43611742
33.55631963
43.37760552
72.51173479
82.58668339
85.66736693
42.28048933
44.30120783
48.82634028
42.84447243
37.63670717
37.59253406
37.36395918
38.09405215
37.83411423
37.88465496
38.73747246
38.68226588
38.37515706
39.40620068
39.02291757
39.08195051
40.43657909
40.34994825
39.84319585
41.66932837
40.94834907
41.04858738
37.79543918
37.73349548
37.48992833
38.26294488
37.98978515
38.05694009
37.91849356
37.95415352
38.22466523
38.96983235
38.8813248
38.55795333
39.64841345
39.24140171
39.34006709
39.14496754
39.19524698
39.59835875
40.81162925
40.66201926
40.11602943
42.10420052
41.31077194
41.49012939
41.13735094
41.2385121
42.01672544
45.91144333
45.97144354
46.15395356
45.02204606
45.61726245
45.53180464
45.78458508
45.70263206
45.14153305
37.96561198
37.91945866
37.65614412
38.48930032
38.19560271
38.24830503
38.10077971
38.14646087
38.43453024
39.22534878
39.15310676
38.80614379
39.97664579
39.53940758
39.6182929
39.40192236
39.4675013
39.89884811
41.16741306
41.069753
40.48007606
42.62357979
41.77303641
41.87476315
41.5846517
41.67714509
42.52620156
43.4933094
43.33748808
41.85350591
38.17188235
38.11777868
37.82251812
38.75462343
38.42719293
38.49267197
38.30457789
38.36429196
38.68129066
39.58951601
39.48668133
39.10544037
40.37808832
39.90717915
40.02324291
39.70538758
39.80144888
40.26150988
41.68874372
41.53345765
40.91413627
43.09209711
42.25522895
42.41657794
41.98694851
42.11213326
42.95196178
44.82116026
44.85600431
44.02063186
44.19444506
45.17412057
44.97964154
45.4586727
45.36127192
44.74505505
27.27927299
28.40487964
39.44231855
42.40511885
41.48612832
46.32511618
44.14803909
38.37840523
38.33032389
37.98709605
39.07957496
38.69372388
38.75892363
38.5597106
38.62761191
38.99622498
40.06792677
39.94035316
39.4927641
40.97614867
40.4314028
40.58149673
40.14968981
40.28515968
40.80555594
42.43966767
42.2518871
41.58295807
43.7097286
42.97161572
43.14797162
42.59786451
42.79790677
43.58147641
44.0057678
44.40659586
44.25796418
39.7956211
43.62806954
42.31871883
44.68852073
44.17798633
41.80277399
28.56168205
26.96926353
29.91852742
44.09723918
45.85490062
41.42692825
42.44187335
38.47584835
38.46499971
38.0717167
39.35842941
38.89530525
38.91450423
38.81562342
38.86209981
39.30570213
40.47154212
40.39363151
39.85633646
41.59082403
40.97242649
41.06885198
40.72411797
40.8558413
41.45760871
42.96093296
42.88622893
42.2378673
43.53246648
43.37970208
43.29003721
43.28967857
43.40636742
43.72203168
39.38916827
40.97194979
43.07693555
28.71190226
35.26344524
31.69524522
41.06299732
38.37398529
30.16397109
42.44162421
38.50273033
28.18235849
49.37414667
49.85585219
47.42889345
48.60385592
38.48406719
38.48605123
38.08545733
39.42071411
38.92967905
38.92815666
38.92378924
38.92926333
39.42004853
40.54778306
40.55570501
39.96263673
41.82874424
41.18907098
41.17041967
41.13734622
41.18719662
41.82992751
42.54326373
42.70602411
42.41580612
41.53784187
42.58796175
42.25824216
43.11654403
42.89194916
42.23964913
29.76666461
31.49169832
38.49975711
28.09472477
27.49226236
26.97429008
29.38736148
28.18535478
27.66209802
47.76734571
47.38205035
37.27044442
50.03315923
49.86663152
50.08871056
50.11626546
38.45003561
38.46209102
38.05894703
39.39438758
38.90647066
38.89381852
38.92414438
38.91662932
39.40603792
40.4623563
40.49058804
39.92503507
41.61499339
41.06968907
41.02437271
41.14302348
41.10930868
41.68314079
41.82262086
42.01115371
41.98607814
39.29974849
41.35548298
41.07119058
41.92148768
41.63806119
39.72054887
26.64220957
27.19934448
34.17989419
29.93155126
25.66085523
25.21848506
26.51393283
26.13708571
29.93762116
47.05557445
47.399722
41.92274779
49.04495623
48.714259
49.63706381
49.37258618
38.38247868
38.40205445
37.99982388
39.32006583
38.84237032
38.82111091
38.878837
38.86164404
39.34252256
40.30866329
40.35271554
39.82896032
41.27292875
40.85724232
40.79304027
40.97354951
40.91742326
41.36771517
41.02529893
41.22871852
41.45040741
37.66552793
40.21802945
39.93590019
40.78624206
40.50167328
38.06575221
24.70874679
25.14981565
31.80719128
29.94392078
24.093434
23.77830658
24.81121727
24.43770912
29.92143565
45.73687382
46.05781382
41.34826676
47.75973495
47.45279527
48.3900627
48.07204168
38.28894325
38.31446698
37.91580259
39.20752592
38.74647411
38.71825124
38.79798793
38.7730747
39.23884942
40.10074155
40.15712796
39.68576815
40.84966684
40.57825416
40.49952422
40.7249925
40.65327371
40.96113461
40.20453181
40.40973486
40.86328969
36.13552144
39.10292322
38.83108459
39.6556983
39.37788169
36.50662799
23.18690295
23.53295331
29.73055904
30.05219056
22.97577758
22.74966496
23.48784424
23.22115171
30.02954558
44.5039722
44.80507694
40.51211678
46.56143907
46.27348459
47.15092012
46.85384994
38.17457999
38.20490199
37.8123574
39.06349762
38.62466585
38.59070924
38.68850087
38.657281
39.10214281
39.84954987
39.91574078
39.50417334
40.38617611
40.24332027
40.15226429
40.41718877
40.33179137
40.50432368
39.39277057
39.59380835
40.24494623
34.73772541
38.03768125
37.78132382
38.56280376
38.29821549
35.07371301
21.98954245
22.26093195
27.95819026
30.07352568
22.17164105
22.00678868
22.54161208
22.34904067
30.07902718
43.34101272
43.62588248
39.57648788
45.43478414
45.16313984
45.98981952
45.71030439
38.0432642
38.07752156
37.69366578
38.89329045
38.48140329
38.44263098
38.55548523
38.51903504
38.93806965
39.56419992
39.63838013
39.29110503
39.90153124
39.86710521
39.7688853
40.05901057
39.96385974
40.02411588
38.60697113
38.80031644
39.61966498
33.48440349
37.03907531
36.80091671
37.52939439
37.28190075
33.78386061
21.00820618
21.23767332
26.4851671
29.96389992
21.58658359
21.46779206
21.85486208
21.7155812
30.00472868
42.23637225
42.50744999
38.61215184
44.37005144
44.11259299
44.89521895
44.63091858
37.89766412
37.93531277
37.56275508
38.70047864
38.31980394
38.27675874
38.40275994
38.36181047
38.75067945
39.24997706
39.33082106
39.05101793
39.40640349
39.47035836
39.3698743
39.66985268
39.57035057
39.53062516
37.85746791
38.0410644
39.00281777
32.37822037
36.11548123
35.896712
36.56759303
36.33912133
32.64124326
20.1853455
20.37664812
25.29504499
29.71938065
21.15805313
21.06842697
21.35696214
21.25440127
29.79203243
41.18154352
41.44130368
37.65122934
43.35936571
43.11426443
43.85838095
43.60732482
37.73929182
37.78003184
37.42151253
38.48768743
38.14170736
38.09479383
38.23271359
38.18768707
38.54257571
38.91659469
39.00110328
38.78918701
38.91114582
39.06612707
38.96437412
39.26895653
39.16768036
39.03447123
37.14979193
37.3226432
38.40280723
31.41164515
35.26938763
35.06977736
35.6827974
35.47370282
31.64091387
19.50292811
19.66105151
24.33704684
29.36415363
20.82719408
20.75494873
20.983405
20.90368647
29.46173955
40.16817664
40.41749628
36.71332736
42.39473044
42.15952969
42.87194417
42.63218878
37.56924112
37.61278936
37.2709708
38.25835838
37.94888569
37.8986333
38.0470019
37.99835253
38.3170226
38.57423852
38.66013167
38.51136132
38.42340394
38.65889191
38.55714
38.86253739
38.76068197
38.5443584
36.48609558
36.64788575
37.82501098
30.57121334
34.4986959
34.31728419
34.87485877
34.68452951
30.77031198
18.94070509
19.07017312
23.57018649
28.93334693
20.55349403
20.49126427
20.68499142
20.61851361
29.04662533
39.1967716
39.43586458
35.7941211
41.4676973
41.24157648
41.92664815
41.69603506
37.38878214
37.43479244
37.11186925
38.01624079
37.74359573
37.69063202
37.84764393
37.79594742
38.07772148
38.2303077
38.31632915
38.22205645
37.94737726
38.25315142
38.15246137
38.45554702
38.35419711
38.06512929
35.86599235
36.0170061
37.27235432
29.8420019
33.79854944
33.63383914
34.14017917
33.96730319
30.01472689
18.48212712
18.58702718
22.96174132
28.45014625
20.31164827
20.254525
20.42981745
20.37060724
28.57499063
38.2644563
38.4940119
34.89800856
40.57655058
40.35938356
41.01771902
40.79599952
37.19954805
37.24758191
36.94502991
37.76545288
37.52852127
37.47353492
37.63710283
37.5830557
37.82878509
37.88676113
37.97248785
37.92633226
37.48559768
37.85295569
37.7540894
38.05216538
37.95232447
37.59959686
35.2877981
35.42853282
36.74592469
29.20970637
33.16295206
33.01345086
33.47304357
33.31612185
29.35942679
18.11392517
18.19699279
22.48529511
27.93011972
20.08603728
20.03159412
20.19736366
20.1418084
28.0625486
37.36941202
37.58976004
34.03059495
39.72106185
39.51250185
40.14443496
39.93167804
37.00334133
37.05295416
36.77151479
37.50904263
37.30627363
37.24985013
37.41814442
37.36237855
37.57351626
37.54577959
37.63069038
37.62833345
37.0396849
37.46078709
37.36418114
37.65575809
37.55798403
37.14962629
34.74912656
34.88025135
36.24586067
28.66151118
32.58586039
32.44995946
32.86750011
32.7250046
28.79143106
17.82499267
17.88922007
22.11940525
27.38850734
19.86893543
19.81552251
19.97681611
19.92308243
27.52488512
36.51049934
36.72201227
33.19501941
38.89896676
38.69831001
39.30601201
39.1014889
36.80182208
36.85261355
36.59248301
37.24909024
37.0789822
37.02161871
37.19314342
37.13616693
37.31429187
37.20907058
37.29274189
37.3312942
36.61034463
37.07808466
36.98400814
37.26818843
37.17281224
36.71610649
34.24695336
34.36924598
35.77150828
28.18455825
32.06071496
31.9368017
32.31720456
32.18746266
28.29777634
17.60459631
17.65246357
21.84340865
26.83684655
19.65527632
19.60213327
19.76180809
19.7085637
26.97436907
35.68604312
35.88918431
32.39200971
38.10773107
37.91447452
38.49961092
38.30268505
36.59653498
36.64813766
36.40909153
36.98768341
36.8486649
36.79078108
36.96410106
36.90644454
37.05305484
36.87823104
36.96033566
37.0365116
36.19775754
36.70581304
36.61444566
36.89059899
36.79786675
36.29933932
33.77825399
33.89248147
35.32179882
27.76789963
31.581479
31.46812439
31.8157097
31.69724382
27.86690673
17.44499668
17.47843938
21.64047104
26.28496266
19.44430155
19.3913982
19.54938277
19.49637419
26.42090957
34.89487783
35.09006363
31.62186577
37.34589155
37.15966175
37.72320368
37.53351886
36.38873547
36.44086009
36.22239979
36.72665164
36.61672479
36.55862388
36.7328212
36.67480013
36.79180679
36.55410891
36.63447553
36.7447679
35.80167036
36.34449755
36.25589968
36.52377363
36.43379311
35.89917531
33.339901
33.44689281
34.89533297
27.4022415
31.14269212
31.03846511
31.35736663
31.24875111
27.4891786
17.33905069
17.35976288
21.49622335
25.74097113
19.23725096
19.18466025
19.34016733
19.28742003
25.87287068
34.13593474
34.32385437
30.88487484
36.61238273
36.4326566
36.97565528
36.79277046
36.17948345
36.23188809
36.03338094
36.46725225
36.38427769
36.32616141
36.50051911
36.44240533
36.5318582
36.23720351
36.31574318
36.45691195
35.42151829
35.99428321
35.90842726
36.16800472
36.08079054
35.51507406
32.92873217
33.02944368
34.49050867
27.0794279
30.73932933
30.64266928
30.93687485
30.83663771
27.15589933
17.28040326
17.28995986
21.39810542
25.21117905
19.03647493
18.98434084
19.13587384
19.08352549
25.33635233
33.40797398
33.59009526
30.18131685
35.90650538
35.7322201
36.25601343
36.07921441
35.96967414
36.02213679
35.84288547
36.21061135
36.15209349
36.09417029
36.2680941
36.21006135
36.27449101
35.92771857
36.00446695
36.17356531
35.0566368
35.65510135
35.5717622
35.82331311
35.73878129
35.14626356
32.54149335
32.63752477
34.10582571
26.79280352
30.36724408
30.27583188
30.54958755
30.45594387
26.85949045
17.26383885
17.26347784
21.33559015
24.70059634
18.84511685
18.7933233
18.93941155
18.88749369
24.81574745
32.70903242
32.88890765
29.5117256
35.22827314
35.05650458
35.56386913
35.39144674
35.75987746
35.81258724
35.65175682
35.95718979
35.92122089
35.86320883
36.03639702
35.97860541
36.01997041
35.62487531
35.70132161
35.89560011
34.70722181
35.32743603
35.24431549
35.48969563
35.40718862
34.79139846
32.17352116
32.27004537
33.74099816
26.53730877
30.02393681
29.93223619
30.19204176
30.1015874
26.59296829
17.28434326
17.2741925
21.29955578
24.21370193
18.66664964
18.61484931
18.75401935
18.70233192
24.31395507
32.03559072
32.22219903
28.8777722
34.57985073
34.40151754
34.90002275
34.72687367
35.53741661
35.60881644
35.46499206
35.71412707
35.698151
35.61915659
35.80719849
35.74659331
35.76590633
35.30878446
35.41568093
35.63124607
34.38271598
35.02164804
34.90423012
35.16962401
35.08037895
34.44398209
31.7997099
31.93204511
33.40372974
26.30997633
29.71084762
29.58803526
29.86324168
29.76634946
26.34901029
17.34232735
17.31643915
21.28230016
23.75480195
18.50452653
18.44175433
18.58337476
18.53119844
23.83291775
31.34544776
31.59591126
28.28316686
33.96952734
33.72564879
34.26894402
34.0787008
45.47895644
45.94439795
45.86586593
46.09611541
46.02157416
45.58658359
46.33980025
46.25538537
46.30696718
42.46943192
43.80686987
43.65049601
44.13958302
43.94540857
42.66657809
45.36849199
44.81104801
44.96002751
42.59762394
42.76133345
45.86291566
45.89564411
46.32588095
44.60781092
45.28958748
45.23453841
45.39463357
45.34233682
44.67709499
45.99985374
45.99939357
46.0530274
45.11455029
45.65768145
45.60697129
45.78779993
45.77751024
45.29479633
44.88348218
45.49170368
45.44346282
45.58018431
45.53449047
44.94418096
46.1824915
45.9984288
46.00324279
44.52555893
45.25982885
45.16722115
45.44222239
45.3536007
44.65780167
46.02361613
45.78503188
45.84766303
36.93662283
36.52282306
34.27034667
43.75461669
40.69662959
41.12529788
49.5512576
49.60644372
49.13085323
43.28939922
42.38322981
42.52592792
43.43716642
39.55712458
41.24666191
41.09917223
46.35831702
46.40719539
46.44086998
45.89242474
46.23885164
46.16884953
46.3072358
45.98912805
33.20326532
30.64194172
48.49273471
34.36786866
32.31295461
33.3168552
45.35645507
45.43072022
45.78460315
43.95612766
44.85285598
44.75447266
45.06513357
44.97334625
44.14034574
105.3307439
106.7434376
79.83839665
89.7398054
97.49244879
94.78854163
41.04840586
41.96056223
41.86804399
42.05836693
42.02807763
41.23688837
40.43954782
41.54660293
41.43981956
41.76722844
41.65401402
40.58724644
39.53875391
40.8331414
40.79079681
41.29188552
41.19313931
40.03284217
44.7315973
45.41827411
45.78626957
45.78891133
45.49164524
45.83865293
45.79190771
39.67163722
36.0179902
36.55500645
34.17425835
35.7304033
39.22423705
43.76798729
33.49823432
31.92925057
76.73193394
80.09401934
69.73170589
45.00153989
53.85616212
53.39049184
56.49412384
55.05805654
45.04298615
39.57191514
39.19932021
36.73654082
42.02957957
70.46556032
55.190197
52.03113605
55.5394213
58.56260568
74.42392503
39.26791723
40.39554781
43.36865511
44.32879496
43.75024034
43.81833741
43.61931576
43.68206677
44.25884127
44.2649684
44.23435554
44.95880881
41.68110352
43.15473548
43.27828769
44.02518432
43.49107507
43.55217433
43.37768202
43.42804566
43.93856706
44.7167521
44.12797403
44.19492176
43.8749805
43.93798644
44.52263081
33.46621285
35.41923556
36.30703781
50.08961131
49.62855416
47.99974671
43.55455547
45.69147145
45.6917784
44.97872157
45.78911653
45.77406578
45.44262956
37.14645887
36.93945985
36.96665863
37.25748317
37.03679952
37.08304706
36.99068045
37.01140933
37.23167926
37.40318449
37.1619271
37.18829194
37.11018727
37.13509801
37.37171632
37.53983113
37.26954367
37.29370711
37.21609076
37.24255457
37.50580748
37.66067934
37.3558054
37.3691068
37.31755977
37.3373609
37.6357768
37.71724436
37.39723341
37.39977601
37.38197927
37.38993338
37.7095135
37.72464446
37.39686422
37.39053764
37.40117362
37.39955689
37.72646849
37.69426375
37.36292899
37.34825374
37.38419255
37.37312943
37.7054729
37.63382043
37.30019818
37.27965479
37.3346336
37.31681502
37.65164303
37.55037226
37.21606966
37.1911651
37.26043184
37.23754447
37.57323272
37.44943646
37.11589123
37.08774027
37.16771139
37.14106191
37.47615444
37.33512312
37.00359372
36.97300951
37.06105972
37.03161103
37.36481903
37.21040373
36.88204392
36.84960869
36.94382488
36.91225962
37.24243902
37.07729261
36.75334102
36.71942979
36.81848341
36.78528124
37.11126287
36.9369624
36.61883978
36.58367383
36.68675155
36.6522008
36.97264355
36.79008524
36.47933176
36.44302683
36.54967612
36.51393391
36.82734157
36.63717103
36.33529032
36.2979365
36.40784814
36.37101315
36.67587472
36.47881967
36.18712414
36.14881804
36.26169569
36.22385925
36.51881383
36.31573937
36.03525782
35.99611037
36.111624
36.0728875
36.35683842
36.14870376
35.88019233
35.84032636
35.95809145
35.91858593
36.19071723
35.97845804
35.72244636
35.68198092
35.80162432
35.76148428
36.02120425
35.80575994
35.56254138
35.52156048
35.6427416
35.60212762
35.84904049
35.6313415
35.40096654
35.35943137
35.48196524
35.44108682
35.67499297
35.4559194
35.2382284
35.19559537
35.31982594
35.27908955
35.49970736
35.28387884
35.07727495
35.02081706
35.15724369
35.11661159
35.32259868
33.78703583
44.94764424
41.74666146
33.85464069
45.06017393
41.7633327
104.7107344
109.5254161
34.53851131
38.93938475
47.86202325
39.72258793
33.75175725
44.76531351
41.57047292
48.25848987
34.45741771
33.96210129
45.41152507
41.87229193
110.8368378
98.8688952
23.57352091
104.4637824
110.8121884
38.15862412
33.85785258
45.7129493
41.84273143
33.64399712
43.84749418
41.04971897
33.61784519
43.79900693
40.9948121
33.7250144
43.95955916
41.04063217
33.75015719
44.09217305
41.04632667
33.81443342
44.85002116
41.69285331
33.85763313
45.20903554
41.78150894
104.8734159
111.6589568
39.63559574
33.76696474
44.40366869
41.33341203
33.74537505
44.26922151
41.33460203
105.1256146
109.1362652
35.10441116
33.77492305
44.51708278
41.35590769
33.77458341
44.57200709
41.40785301
105.6012753
107.5326436
32.39334822
35.03171697
46.85531025
41.28482606
33.60627661
43.73967379
40.96422116
33.59324281
43.69711412
40.89020658
33.71890376
44.13199769
41.15307895
33.74201564
44.12519195
41.0867923
33.80802788
44.77948235
41.67895821
33.80815344
45.30429665
41.84917161
109.7629805
103.6673479
25.58405215
110.956498
100.9907627
24.42367194
104.8678745
110.8448901
38.66658741
33.7023713
44.145934
41.23158513
33.70453119
44.18508959
41.3029422
105.1329787
109.0866187
36.10035277
33.83177752
44.71276293
41.40190142
105.4757185
107.5915781
31.55042002
34.77928035
46.00492618
41.73473501
38.8639885
112.2658106
41.02546713
111.7789471
40.30010787
107.538388
71.99129055
19.4920834
33.5614528
43.12926267
40.53649101
108.5156861
105.1217659
26.71281513
76.1809185
16.11515698
108.5380499
104.5960131
26.09172071
33.59127244
43.51534795
40.64443701
33.58686736
43.62272374
40.83239006
33.5984681
43.4654969
40.59494722
33.58904095
43.27497035
40.5197564
104.8125896
109.6071786
37.18313534
106.719928
106.7366431
29.49293193
106.095522
107.1230139
30.50269394
41.76548595
105.2187454
108.08012
33.61026314
113.3098211
92.03345878
22.72047902
40.52734129
33.51432405
43.03594334
40.55085439
33.79633976
44.78167289
41.46641387
107.3458456
105.4231917
27.60117715
33.58617826
43.53982147
40.71296213
33.5818045
43.5943844
40.76447337
33.60318331
43.43655069
40.54686361
33.60570323
43.36752883
40.52469523
106.667955
106.1213964
28.69676231
112.1656649
98.10079694
23.30815998
113.2180088
93.33854591
22.4435949
22.67392281
)
;

boundaryField
{
    topAndBottom
    {
        type            slip;
    }
    inlet
    {
        type            fixedValue;
        value           nonuniform List<scalar> 0();
    }
    outlet
    {
        type            inletOutlet;
        inletValue      uniform 37;
        value           nonuniform List<scalar> 
30
(
32.28637166
32.357544
32.52443923
32.83458463
35.39997772
35.62682448
35.53454046
34.25723988
33.27241293
26.22153704
21.27889599
23.57107924
28.04541477
33.20054021
33.50393084
33.85872249
34.26319788
34.70193329
35.2239312
35.53741661
35.61915659
35.30878446
34.90423012
31.7997099
29.58803526
17.34232735
18.44175433
31.34544776
33.72564879
35.02081706
)
;
    }
    wing
    {
        type            kqRWallFunction;
        value           nonuniform List<scalar> 
70
(
57.03985263
41.74666146
41.7633327
34.53851131
39.72258793
41.57047292
34.45741771
41.87229193
23.57352091
38.15862412
41.84273143
41.04971897
40.9948121
41.04063217
41.04632667
41.69285331
41.78150894
39.63559574
41.33341203
41.33460203
35.10441116
41.35590769
41.40785301
32.39334822
41.28482606
40.96422116
40.89020658
41.15307895
41.0867923
41.67895821
41.84917161
25.58405215
24.42367194
38.66658741
41.23158513
41.3029422
36.10035277
41.40190142
31.55042002
41.73473501
38.8639885
41.02546713
40.30010787
19.4920834
40.53649101
26.71281513
16.11515698
26.09172071
40.64443701
40.83239006
40.59494722
40.5197564
37.18313534
29.49293193
30.50269394
41.76548595
33.61026314
22.72047902
40.52734129
40.55085439
41.46641387
27.60117715
40.71296213
40.76447337
40.54686361
40.52469523
28.69676231
23.30815998
22.4435949
22.67392281
)
;
    }
    front
    {
        type            empty;
    }
    back
    {
        type            empty;
    }
    procBoundary1to0
    {
        type            processor;
        value           nonuniform List<scalar> 
49
(
35.09604532
35.11937782
35.18074238
35.32108104
35.32108104
35.54547777
35.98150663
36.60509629
46.50462653
46.50462653
45.55584553
33.26153988
42.43117191
43.73940985
46.34615472
44.47118333
46.08397112
37.54713686
34.85877143
44.66807253
35.73192189
36.27408094
37.33903135
37.56242513
38.32983633
38.63075418
39.7699107
40.26799026
41.39548391
39.71376471
46.50348738
38.05476761
37.7998846
39.3403798
38.96459491
41.55871223
40.85453376
45.82748572
45.17862442
43.53928104
42.67407607
46.37333512
43.33332526
37.12317337
36.91592342
40.5037603
33.4973858
42.97087129
42.97087129
)
;
    }
    procBoundary1to3
    {
        type            processor;
        value           nonuniform List<scalar> 
136
(
46.97310269
63.96830401
41.68866147
45.37375677
41.29781226
41.27111817
41.68866147
41.82717508
81.01552495
73.04793542
82.57145336
41.58647201
63.96830401
42.49390117
79.60347443
66.89329458
49.74015581
49.12877852
51.4524725
50.21530206
51.53078581
51.66536813
50.45761977
51.31259806
49.22298753
50.14520736
48.0546483
48.92342062
46.96269706
47.77476976
45.939226
46.70075703
44.97512077
45.69298173
44.061611
44.74235568
43.18929798
43.83979359
42.35476535
42.97727096
41.55377161
42.15153581
40.78135775
41.35807683
40.03557602
40.59247441
39.31573606
39.85320124
38.62057323
39.13973204
37.94848097
38.45055107
37.29834192
37.78434233
36.66858412
37.14063786
36.05513221
36.5200954
35.41836093
35.92755946
41.82717508
41.82717508
43.11899126
43.58653006
44.58829671
44.77029502
44.11658782
42.03686318
44.99790199
44.58829671
41.58647201
41.18499532
41.58647201
43.19588234
41.4764488
41.23926811
49.44729554
49.34569025
51.13720977
50.69933863
51.65910182
51.70709118
50.76214117
51.05188523
49.52750628
49.83581622
48.33931307
48.62888005
47.22891109
47.49955019
46.18916854
46.44296842
45.21105023
45.45031885
44.28592512
44.51267551
43.40370161
43.62051145
42.56006766
42.76755952
41.75119312
41.9504198
40.97191058
41.16414282
40.21963055
40.40522516
39.49332136
39.67243932
38.79220947
38.9651823
38.11461823
38.28172852
37.45968654
37.62074116
36.82734557
36.98107044
36.21968001
36.36032188
35.64679487
35.75078504
42.43608579
42.80152384
45.50355073
45.66336271
43.90862256
41.64901153
41.24131202
46.03876215
45.81149211
44.1540913
104.4406278
104.8856463
112.4410839
104.4406278
112.4410839
42.65016256
)
;
    }
}


// ************************************************************************* //
