/*--------------------------------*- C++ -*----------------------------------*\
| =========                 |                                                 |
| \\      /  F ield         | OpenFOAM: The Open Source CFD Toolbox           |
|  \\    /   O peration     | Version:  v2012                                 |
|   \\  /    A nd           | Website:  www.openfoam.com                      |
|    \\/     M anipulation  |                                                 |
\*---------------------------------------------------------------------------*/
FoamFile
{
    version     2.0;
    format      ascii;
    class       volScalarField;
    location    "2.86";
    object      nut;
}
// * * * * * * * * * * * * * * * * * * * * * * * * * * * * * * * * * * * * * //

dimensions      [0 2 -1 0 0 0 0];


internalField   nonuniform List<scalar> 
3019
(
1.15587995
1.155848796
1.155819583
1.15579932
1.156029253
1.156031926
1.156058139
1.156112934
1.156214386
1.156374614
1.156570201
1.07826114
1.155111976
1.155025405
1.154946102
1.154899423
1.155129632
1.155184997
1.155338875
1.155663475
1.156148393
1.156921179
1.157990806
1.001801937
1.154317075
1.154170151
1.154049617
1.154000227
1.154270114
1.154441295
1.154818531
1.155504019
1.156690609
1.090665116
0.8882744932
0.7779149893
1.153499314
1.153311097
1.153170714
1.153153087
1.153488125
1.153873234
1.154728107
1.156040145
1.056685536
0.792648928
0.63187446
0.5395244603
1.152666995
1.152433741
1.152293589
1.152350014
1.152837132
1.153571151
1.155182788
1.139191607
0.7977839039
0.5781820079
0.4329916862
0.3398601632
1.151826301
1.151573477
1.151463135
1.151638269
1.152380343
1.153639025
1.156382534
0.9280712789
0.6345166506
0.4393207614
0.2944832274
0.192568484
1.150980439
1.150719734
1.150674629
1.151086735
1.152095893
1.154136867
1.112257025
0.7929678848
0.5380809445
0.3570617847
0.2116746387
0.09760789585
1.150181835
1.149934085
1.149991346
1.150688173
1.151994625
1.155067632
1.008843667
0.7228189665
0.4977085136
0.3314658045
0.1940883153
0.08009706977
1.149456201
1.149234803
1.149436628
1.150486509
1.152233849
1.156401397
0.9508391872
0.6908517661
0.5004362234
0.3588952869
0.2490477245
0.1765696809
1.148873817
1.148697111
1.149066364
1.150514746
1.152797353
1.158042868
0.9252289151
0.6982708301
0.5287422577
0.4099613896
0.3335702201
0.3300581171
1.148440305
1.148327891
1.148914311
1.150846048
1.153665008
1.159826831
0.9203015537
0.7167633119
0.5669922488
0.4638509553
0.4075281418
0.4562869521
1.148218302
1.148174358
1.148966899
1.151366833
1.154776346
1.161746652
0.9289322956
0.74602026
0.6079775854
0.5086339078
0.4445365847
0.4537700314
0.1574640284
0.3136262986
0.443203342
0.4601442786
0.07788272927
0.3122145862
0.305695765
0.1816530546
0.3919339782
0.4243681101
0.3210671521
0.3770675931
0.2030587745
0.2287778547
0.4392868873
0.4632033332
0.4366504708
0.478173829
0.1322978416
0.1715790523
0.4600067366
0.4437123031
0.07830508407
0.1031897424
0.06411705744
0.1478923661
0.03068388447
0.0582079427
0.2322621684
0.2573160131
0.2592671253
0.2007505517
0.1864980896
0.1672089625
0.2036030358
0.1743242825
0.1992319229
0.3934883425
0.1553723939
0.1311817077
0.1847497577
0.1573812337
0.1045917841
0.1306560678
0.4790225746
0.1049395001
0.07976838634
0.1297856033
0.1062827636
0.0765431345
0.4339420635
0.05373565285
0.07871623807
0.05530181223
0.23039776
0.1645397883
0.09322400558
0.09975267284
0.06318131303
0.03601307031
0.2391976837
0.2605500444
0.1622260501
0.1470924642
0.070386156
0.111434437
0.04141651197
0.01276319926
0.02230208452
0.03752195639
0.02992210771
0.09244803236
0.2569959699
0.2446333743
0.04978400438
0.0417746589
0.09361709667
0.0652995983
0.05654412674
0.03999160591
0.06484197557
0.1054287204
0.03719983313
0.02314217878
0.01456176236
0.05197783481
0.02578795337
0.04109485054
0.02484833709
0.05792975874
0.1981268182
0.03127442479
0.1974969608
0.2184584388
0.03491192948
0.03898394669
0.03168286918
0.0344250369
0.2146272973
0.1435601202
0.14199569
0.1722756138
0.1705718338
0.09565476747
0.09385331417
0.1175099792
0.1159232557
0.2404384575
0.07171362084
0.07086772969
0.01560046523
0.01246077159
0.146258433
0.319581244
0.3080313312
0.3347899884
0.323406102
0.1494732531
0.2729524611
0.2608864643
0.09372553381
0.1850053705
0.349610392
0.3385007922
0.06006509815
0.06198348576
0.1358063252
0.1177990701
0.2886760491
0.2768653335
0.3041792666
0.2925872777
0.1195770701
0.1010480446
0.03716662242
0.03789019637
0.02150429712
0.02233157745
0.08410071127
0.12474942
0.05592506615
0.05966311573
0.03819106872
0.03886793892
0.1103103986
0.07568316537
0.02089256202
0.02136350109
0.0205005721
0.06453955554
0.03849611788
0.04010753204
0.01485714137
0.01620987144
0.04492594965
0.04408326586
0.0672939479
0.07708077958
0.0933956706
0.05790492281
0.07235587662
0.06816019598
0.05987207074
0.1370635251
0.1261609161
0.1012108641
0.1334554825
0.05978901273
0.03833547401
0.04249721598
0.05306514183
0.03321332058
0.03715311065
0.02946972587
0.09460023886
0.08302609453
0.1008178376
0.09700087883
0.03058943221
0.07480165018
0.07264307694
0.07972480634
0.07558060923
0.03639540393
0.1166373285
0.1123590203
0.123545463
0.1181520402
0.03697489522
0.03278385733
0.1057773915
0.1021258079
0.1109866579
0.1070437176
0.03312364484
0.04352467816
0.04276376726
0.04568226203
0.04378641286
0.04135734898
0.04031562527
0.04251063112
0.0416280434
0.06935310006
0.06743357208
0.07197171675
0.07001941073
0.06204660587
0.04837860407
0.0666332337
0.06457458467
0.03621136101
0.03681325237
0.09971832226
0.02152497831
0.02131057714
0.02218243343
0.02170917069
0.0206444721
0.08642327808
0.02299632086
0.03404695414
0.04100957494
0.05406579985
0.1229934655
0.03753808285
0.02432794547
0.04017779989
0.03722071368
0.02295743237
0.02241759925
0.02388682782
0.02317908595
0.1116742815
0.03909652341
0.03998145277
0.0203004021
0.02078509679
0.07474878011
0.06671417162
0.01942023419
0.02023934494
0.2143756652
0.3696950062
0.3674320752
0.3483098644
0.3609649518
0.2180131618
0.3639272405
0.3532485283
0.1884281345
0.1500595018
0.06753621853
0.07126631958
0.07428115022
0.08484204657
0.1634093683
0.04032302597
0.04775741499
0.03703292466
0.04252139743
0.06602307568
0.09271229593
0.09140942927
0.0415366937
0.06682617888
0.06326774628
0.09038675675
0.08873268672
0.06353889211
0.03203334031
0.03869528557
0.03474014313
0.02674760047
0.02742094253
0.022606352
0.04657739867
0.04525970206
0.04928986787
0.02373353282
0.03407789914
0.03244829409
0.0522902918
0.05192162625
0.03102043591
0.02879816465
0.02839055707
0.03140656865
0.0307060299
0.03543422512
0.05819490742
0.05760012431
0.06169065093
0.06095200465
0.03823847178
0.03200915223
0.05348646692
0.05298081054
0.05698801435
0.05638329707
0.03397468101
0.06497729605
0.06684765751
0.148390655
0.1372854033
0.06256018721
0.06438260561
0.09154143822
0.09461445344
0.1776206508
0.0268019529
0.02665633603
0.02815351404
0.02793604776
0.02046622785
0.02638926537
0.02628275737
0.165225167
0.08701812709
0.0903948486
0.03732924411
0.05648256374
0.05601903094
0.02174058896
0.03617330999
0.03591898381
0.03749947808
0.03653965617
0.02194921589
0.02084963551
0.02062669718
0.02106687681
0.03542150638
0.03519967549
0.0357587516
0.03557377189
0.02119371401
0.02175921125
0.02115646424
0.03177110066
0.02274420901
0.01633274339
0.04006982849
0.03110538842
0.01027274627
0.01133180994
0.01856608251
0.0207693161
0.01210899624
0.01506573709
0.01468746032
0.04607991808
0.04310768541
0.08188620053
0.07354775202
0.04346955222
0.06327952296
0.08791400556
0.08455156559
0.03479647647
0.03204618253
0.03010869764
0.02275648994
0.02934259338
0.04272693045
0.04284598954
0.03782771882
0.0479378546
0.04812586525
0.03089043453
0.03056843296
0.05096872435
0.05096021111
0.02948281297
0.02909453513
0.03024917858
0.02983086822
0.0592827502
0.05871529505
0.03583014458
0.03759096267
0.06038780062
0.05984080583
0.05465625446
0.05411955497
0.03243998512
0.03350809427
0.05576861503
0.05520739548
0.04325925955
0.02551933812
0.02578681872
0.02509755939
0.02530223858
0.04301698595
0.04457286552
0.02672479434
0.02720909813
0.02605163462
0.02636040071
0.04410103221
0.04098029892
0.02388409644
0.02412167779
0.02351854725
0.02374734981
0.04074879947
0.04223499437
0.0247052661
0.02489466676
0.02428579181
0.02451790136
0.04196373819
0.02723747111
0.02705336236
0.06872220358
0.04627973989
0.04659504282
0.04559394819
0.04586989652
0.06802193887
0.0276795833
0.02747457193
0.02514576019
0.02639881894
0.05999958912
0.04190134139
0.04160176697
0.02810868059
0.02951312885
0.05364778472
0.06615961339
0.04490596629
0.04510268277
0.04420061616
0.04415156289
0.06495265597
0.02595772385
0.02600212623
0.03613296892
0.05395861174
0.05365287663
0.05534085463
0.05498366547
0.03671595567
0.02148002446
0.02124043702
0.02205764835
0.02178486923
0.02173711544
0.01701121484
0.02419573609
0.0444047467
0.0398122167
0.05150171246
0.04970826624
0.03432616737
0.02640942812
0.01836363582
0.0236129049
0.02510653865
0.03950703602
0.02316581214
0.02345349749
0.0224803979
0.02321931443
0.03957383751
0.02279135728
0.02256636414
0.02361824586
0.02337264945
0.02051402548
0.03461346965
0.03425208571
0.03503953564
0.03475945387
0.02059320804
0.01997050041
0.03356340086
0.03169849488
0.03413037536
0.03354113958
0.01995470562
1.155488945
1.156173981
1.156007004
1.156460598
1.157563575
1.156707004
1.157973456
0.9940163716
1.157665984
0.9584116047
0.856839268
1.015063291
0.8391474226
1.15582167
1.157282171
1.156334762
1.132521033
0.9170606992
1.151357825
0.8595538568
0.7246426668
0.9255802464
0.6911682825
0.6143943217
0.7967068522
0.5967253324
1.157074556
0.9288025789
1.135814441
0.8526820456
0.6721411909
0.847065442
0.6243473976
0.508082892
0.664367802
0.4769719344
0.4031707477
0.5570929278
0.3850114197
0.9739294454
0.7338544729
0.8693710196
0.6698770583
0.5119994146
0.6245749035
0.4673904799
0.3551707842
0.4640286583
0.3235238737
0.2449857872
0.358461027
0.2246706273
0.8202625948
0.6130113101
0.6949559916
0.5571378972
0.4131564223
0.4820706604
0.3722174152
0.2610540954
0.3271113547
0.2272391054
0.139233619
0.2136412839
0.1168493976
0.7366835417
0.5539823287
0.5926570829
0.5036164604
0.3716238748
0.3980420381
0.3323936394
0.2240550376
0.24634355
0.1912971519
0.09154413985
0.122084081
0.08579185682
0.05246892231
0.0829449462
0.6961436781
0.5388345692
0.5465915542
0.4954086256
0.3819447051
0.3695446331
0.3476256412
0.2573000455
0.2260860662
0.2013514543
0.1749261037
0.1651217415
0.08388992453
0.07293508868
0.06625460807
0.6960240216
0.5582914189
0.5419376905
0.5202446484
0.4231775851
0.3918092095
0.3957489899
0.3276827274
0.272624832
0.2693352398
0.2513931282
0.2276042915
0.1969836077
0.1962092687
0.1728804339
0.7100427693
0.5901598039
0.5652230308
0.5571271274
0.4739469581
0.4360620224
0.4510839696
0.399728848
0.3467727326
0.3544178816
0.3487758863
0.3253703075
0.3455483324
0.3570469677
0.3433625098
0.7361835762
0.6275549237
0.5991372027
0.5971591884
0.5197832994
0.4860648866
0.4981494428
0.4481318508
0.4145615528
0.4207203132
0.4204907545
0.4072793363
0.4666560859
0.3760776324
0.3871585545
0.6379942609
0.5305966847
0.4562422701
0.4409877634
0.453547022
0.4371013892
0.4433376447
0.3135631814
0.3257709716
0.1514388352
0.1318069733
0.1401382674
0.3329365662
0.3211545622
0.2953322796
0.390751283
0.4012980071
0.427597265
0.329739298
0.3415976811
0.468488665
0.0351790985
0.04715550315
0.08155340552
0.07079323602
0.04433863207
0.3012265389
0.2761963283
0.2906571954
0.2556553971
0.2582306729
0.3011133625
0.2032208137
0.2437999593
0.2371690941
0.3905852234
0.3708066287
0.3740409154
0.3815295716
0.3629791423
0.4012431086
0.3135113929
0.3548205485
0.3662743416
0.3907958555
0.3691190956
0.361004206
0.206969185
0.2628871302
0.2590704826
0.2847539098
0.281207903
0.2252110443
0.4357868383
0.4296891678
0.4311550999
0.4649252258
0.4276633537
0.4448739927
0.4037639892
0.43230862
0.4616682852
0.3609392002
0.372351935
0.4740878285
0.1374788823
0.2034578684
0.200065166
0.2257982759
0.2215327324
0.1669590349
0.4351984056
0.4445834516
0.4394156628
0.2973209587
0.3095692164
0.4400405317
0.08560334449
0.1468514686
0.1490290656
0.1677785015
0.1640626867
0.09909218844
0.07275924013
0.07242395059
0.06212431458
0.1577719907
0.1367136664
0.1321787891
0.03215418707
0.02671025474
0.02536919312
0.05333719237
0.04718797715
0.05188991121
0.2424388277
0.3309287256
0.3435548137
0.2782220231
0.3216787216
0.246029314
0.2747644506
0.3091413822
0.2682156486
0.1958920835
0.1228415605
0.1275258332
0.09996171843
0.1033752072
0.1918130603
0.1896508688
0.1490631226
0.1552300312
0.1290478054
0.1336501298
0.2075437462
0.1781574959
0.2330531909
0.2290992797
0.2552748243
0.2514999693
0.1955530709
0.410547015
0.4048281093
0.4072229783
0.1535300072
0.1254131042
0.1272983039
0.105992844
0.1073280738
0.1327861932
0.1793790449
0.09568189345
0.09886710376
0.1294735972
0.1317839764
0.1594151227
0.1094443611
0.1749108667
0.1712263297
0.1966226265
0.1931516501
0.1258910647
0.4755725268
0.345518095
0.3571158224
0.1036417073
0.07935546866
0.0802615415
0.05624624266
0.05697369637
0.08094550355
0.1282020118
0.1033671341
0.1047767479
0.08124502263
0.08218219899
0.1076099054
0.1484794233
0.2932559607
0.05277442227
0.03348043349
0.03381852684
0.07768119303
0.05508169438
0.05565544875
0.03470085809
0.03689209157
0.05785527519
0.2058920751
0.1874999295
0.2139872148
0.1228137031
0.1601945048
0.1894803948
0.130525873
0.1518271783
0.1119909295
0.08789095912
0.07886383007
0.09021955407
0.04597113724
0.06628252033
0.07865385144
0.05145874269
0.06012244939
0.04192177469
0.2456681106
0.2208333555
0.2178667937
0.2401182094
0.2215479383
0.2632102945
0.1663650034
0.2049181526
0.2185953195
0.1071410458
0.1199933384
0.151423842
0.08603459916
0.1088253671
0.09637266507
0.1248231519
0.1146956007
0.1000389196
0.01293376599
0.0108259386
0.01056457948
0.02062714361
0.01840216136
0.019808907
0.0277063438
0.01784869659
0.03359921555
0.02131519163
0.03112007966
0.01532968501
0.01914286764
0.03229316374
0.1538889807
0.1491549871
0.08774491588
0.2527515996
0.200160747
0.2046749462
0.1920884321
0.1968970863
0.2488175688
0.09323674375
0.07864264699
0.08265791913
0.05563042358
0.06149942839
0.06423601661
0.118307601
0.1234437245
0.1013602684
0.03325303468
0.02963745036
0.03420819093
0.01791141943
0.0241645051
0.02922716533
0.02066741211
0.02221573325
0.01658217124
0.04676695092
0.04713769658
0.05100134431
0.02858494745
0.03111843051
0.02860962013
0.04607156425
0.04146196577
0.03667502255
0.1122212441
0.1207776595
0.1944285897
0.1934633873
0.1045845777
0.1095380153
0.1418631153
0.1471920996
0.2142747655
0.2108921912
0.1352282271
0.1401611884
0.1165441525
0.1179184606
0.1451621708
0.1404110779
0.1138392119
0.115189639
0.1446196566
0.1462493035
0.1740814924
0.1687692494
0.1413791771
0.1429938575
0.07345857043
0.07444567656
0.09707160375
0.09167046257
0.06927389757
0.0715407884
0.09036104789
0.09267821114
0.1191600719
0.1144504544
0.08726271502
0.08860419712
0.1880744268
0.05166046218
0.05237595543
0.07281682613
0.0696005024
0.05023703949
0.05127397799
0.01329686519
0.01318486655
0.2102571537
0.2068369358
0.13936548
0.3157321577
0.2614409809
0.2652649226
0.2539192535
0.257663266
0.3118839685
0.3309846951
0.2767005368
0.2806380693
0.2691403437
0.2730319693
0.3272207828
0.1649656372
0.2184523724
0.2139590273
0.2689172592
0.2159167951
0.2198772496
0.2081285737
0.2122794206
0.2650174008
0.09777930582
0.16077059
0.1567951486
0.240394303
0.2365837661
0.1813758445
0.345923317
0.2918562606
0.2956614244
0.2842910158
0.2881533258
0.3422468042
0.06080276025
0.0831640176
0.08209275636
0.08507922914
0.08405264531
0.06132570671
0.1342388493
0.108567493
0.1098958896
0.182470575
0.1786352259
0.1114887989
0.2847547843
0.231305904
0.2351799164
0.2235999416
0.2274897895
0.2808422439
0.3003205716
0.2464568803
0.2501840965
0.2389692775
0.2427169653
0.2964545112
0.1243314148
0.1896535108
0.1861134701
0.07750495709
0.07835319583
0.1023073559
0.05763450188
0.05710629337
0.03768160856
0.08231968192
0.05794885701
0.05954289268
0.1001508716
0.1019853165
0.126676547
0.05823806112
0.0790021289
0.07700754531
0.08126980882
0.08000467512
0.05855897171
0.03840493621
0.05877800885
0.05822830974
0.05992082391
0.05935791906
0.03866447267
0.1089640093
0.08315903943
0.0841192663
0.05397297592
0.05454855046
0.07670693932
0.06138233968
0.0412376383
0.04622992892
0.01305859005
0.0115080949
0.01352939219
0.008518341038
0.009480596069
0.01792426655
0.01653132757
0.01494807393
0.0813277694
0.08903345887
0.06653198401
0.08166439
0.0833529053
0.0767529857
0.09844826276
0.09046710075
0.0872960764
0.06358465257
0.06031225731
0.05579574257
0.07076610211
0.06534361806
0.06834510229
0.0698140236
0.06777032776
0.07432318854
0.1332517347
0.103264179
0.1082740874
0.09379279252
0.09778979
0.1294969901
0.1102104862
0.1161928922
0.1082684087
0.1113571193
0.11431364
0.1212576429
0.03965406239
0.04314670843
0.04237038998
0.04542099119
0.04368529721
0.04080915278
0.05189125173
0.04868289087
0.05006930126
0.09189294418
0.06790674706
0.07024949497
0.05492307773
0.06077349322
0.08763404224
0.09974925345
0.0750253858
0.07566142342
0.07311675354
0.07359865742
0.09822614425
0.07406429562
0.04899660244
0.04935694586
0.0482615397
0.04865253689
0.07335116983
0.07773404107
0.05064824287
0.05193665049
0.04969418769
0.05008607498
0.07649782884
0.1151747761
0.08567239652
0.08662550226
0.08380888346
0.08474839966
0.1137554788
0.1214906173
0.0898041978
0.09135671346
0.08760549995
0.08863011363
0.1197438334
0.1045547571
0.07838997835
0.07924579614
0.07666233139
0.07747321191
0.1032877985
0.1096426215
0.08193532589
0.08286568285
0.0801246534
0.0810120987
0.1083238537
0.07132108706
0.04762605125
0.04793544722
0.0469603369
0.04728033262
0.07066273374
0.09847915475
0.07567323877
0.07646577807
0.06220258208
0.0659093462
0.08912253642
0.0434730417
0.06730411951
0.06453063806
0.0746936478
0.07116567219
0.04831421415
0.1206115737
0.09538663565
0.09798463318
0.085111479
0.08613391253
0.1130431746
0.03930452704
0.06112650032
0.06051043277
0.06287595024
0.06186653998
0.03957243036
0.07370200962
0.05284374139
0.0534612257
0.04787468576
0.04989141902
0.06857564023
0.2703281957
0.2666296715
0.2107179367
0.3746703075
0.3215114039
0.3250268494
0.3142621442
0.3179202327
0.3710671235
0.3509920978
0.3357157345
0.3393213757
0.3285637406
0.3321561823
0.3565046967
0.2216305761
0.2776270083
0.2739935841
0.3604362278
0.3068542847
0.3105671906
0.299384824
0.3031430876
0.3568682658
0.1920109512
0.2477971709
0.2440382897
0.1222003389
0.1237270327
0.1517342844
0.06835947437
0.09563721209
0.09437509473
0.09908093522
0.09714049402
0.06947158851
0.07848292936
0.1045987948
0.1016364811
0.1097361341
0.1073942022
0.08235452557
0.1614380663
0.1340606251
0.1361471723
0.03356661687
0.03214421715
0.0303024017
0.03702751229
0.03493821732
0.0364538575
0.03149538729
0.03379113163
0.03650466447
0.06558369794
0.09108494463
0.09004918114
0.09322848094
0.09213832324
0.06619939954
0.1467742265
0.1193149272
0.1207304752
0.1111803676
0.1125195433
0.1388803656
0.06318843774
0.08704227691
0.08602671111
0.08903890922
0.08802415427
0.06378003531
0.09251146719
0.1188358168
0.1174796142
0.1216408213
0.1202497895
0.09359672128
0.1758067362
0.1478922448
0.1495489634
0.1380231931
0.1397250643
0.1670585947
0.08811403485
0.1132096656
0.1116992091
0.1160580826
0.114721044
0.08948260506
1.155600201
1.15563441
1.156041373
1.155686272
1.155756285
1.15608701
1.155861406
1.155998978
1.156156206
1.156180859
1.156410831
1.156287963
1.156689298
1.15704798
1.156459113
1.157358165
1.100250221
1.147030291
1.038383384
1.002861951
1.038669896
1.154693861
1.15472865
1.155145778
1.154795926
1.154899126
1.155248937
1.155029038
1.155333602
1.155579025
1.155569732
1.15570469
1.155764508
1.156193839
1.156421897
1.156319404
1.157173556
1.157505331
1.157167549
1.106579544
1.03210196
1.088180812
0.9569873322
0.9210904816
0.968013558
1.153884495
1.153972799
1.154333137
1.154131371
1.154368405
1.154599029
1.154728348
1.155454994
1.155312045
1.155559275
1.155845328
1.155740544
1.156990933
1.157492686
1.157085748
1.009938267
0.950342145
1.025651724
0.8201316162
0.7866126132
0.8513308649
0.716741415
0.7007808211
0.7603112767
1.153180734
1.153362727
1.153638897
1.153681053
1.154164296
1.154218554
1.15486834
1.156359845
1.155594255
1.15633288
1.156929647
1.156539666
0.9820606947
0.9075468306
0.9787675095
0.7313346049
0.6852191404
0.7442425433
0.5763785979
0.5482747306
0.6031956063
0.4849892573
0.4706767763
0.5252928731
1.152616952
1.152964593
1.153127918
1.153547321
1.154423759
1.154226956
1.155723306
1.061405943
1.156755423
1.082407652
0.987776722
1.044661807
0.7496652921
0.6862022911
0.7337369803
0.5365677359
0.4953418292
0.5362910173
0.3927518694
0.3646486505
0.4050992849
0.2981897064
0.2825407737
0.3247174874
1.15220355
1.152839108
1.152871571
1.153819618
1.155260233
1.154769307
1.157293006
0.9017074301
1.025678078
0.8871329902
0.8031149192
0.8395320134
0.6040809936
0.5497991242
0.579290339
0.4133666007
0.3731523684
0.3984021434
0.2682502206
0.2387192552
0.264832678
0.1639123301
0.1457755984
0.1755893565
1.151994275
1.153027543
1.152906891
1.154526414
1.156608239
1.155911754
1.05429954
0.8099528245
0.8788634409
0.771370401
0.6992209551
0.7189151002
0.523459517
0.4740115114
0.4880988963
0.3451949997
0.3065226465
0.3177247201
0.2001232585
0.167067779
0.1792737673
1.152080906
1.153561754
1.153275809
1.155660427
1.158372705
1.157515959
0.9753316756
0.7613694118
0.7954188855
0.7134177516
0.6503823729
0.6582018363
0.4945644945
0.4505162921
0.4522610939
0.3338882589
0.2988634287
0.2950356448
1.152477563
1.15444431
1.154002896
1.157117064
1.106538464
1.133236559
0.9350693009
0.7514950643
0.7536131475
0.6942982291
0.6403443366
0.636420727
0.5060309685
0.4680988773
0.4619149856
0.3695752251
0.3411281076
0.3278205609
1.15317693
1.15564993
1.155071058
1.158847844
1.070932334
1.086056373
0.9206484457
0.7575451408
0.7531679212
0.7008496937
0.6541077176
0.6491900952
0.5378055964
0.5055613833
0.4952783646
0.4239530403
0.4015283381
0.3861903744
1.154173162
1.157098919
1.156439557
1.160713381
1.054607844
1.06040745
0.9236466639
0.777012229
0.7670327009
0.7218188344
0.680684488
0.6732530612
0.5770727488
0.5483160885
0.5375789519
0.4760268345
0.4566500013
0.4441342416
1.158045935
1.053254081
0.7947797703
0.7533586239
0.7170281436
0.7060411513
0.6190188562
0.5912688766
0.5801882188
0.5190151832
0.498356444
0.4886535863
0.06288797829
0.06292917937
0.07741001816
0.05956076368
0.04919841204
0.2897396578
0.284115203
0.2988649287
0.18761316
0.203034738
0.1997221445
0.4109015267
0.4010371134
0.4126373066
0.3147288075
0.3289421334
0.3360694743
0.4652265161
0.4534651029
0.4517440221
0.4247355742
0.4332565206
0.4472980764
0.1339689271
0.1596029713
0.1579126972
0.4514703343
0.4478434886
0.4558381961
0.08054006837
0.1045187799
0.1027883229
0.1281488686
0.1265404887
0.1018101505
0.2356941231
0.2916931506
0.2882421256
0.3008835871
0.3096354786
0.2532824632
0.1580687842
0.1598596532
0.1883157473
0.1829292171
0.154598292
0.1563229748
0.1060632836
0.131417625
0.1297649585
0.1562758148
0.1545485805
0.1290467261
0.1011184424
0.09957615912
0.07519688714
0.4014801542
0.1488571157
0.1588511426
0.1725158635
0.1103014889
0.1127718554
0.09633004441
0.05681103589
0.06325626803
0.06908500608
0.04216410093
0.04325726979
0.03763116369
0.2645472969
0.2649517535
0.2822166038
0.1629285829
0.1773918083
0.1790690695
0.1327165916
0.135234421
0.148222454
0.07588782301
0.08332478634
0.07823477783
0.02457017282
0.02466255579
0.0300467227
0.1155146269
0.1138409389
0.09098946332
0.0210487845
0.02354350178
0.02610938473
0.01576856429
0.01660867892
0.01467102372
0.1765589477
0.1811076564
0.1979403527
0.1964898539
0.1701664772
0.1730141434
0.01039213753
0.01040834848
0.01241345834
0.1677398668
0.1669368087
0.1436476706
0.1535718709
0.1679507198
0.1682711889
0.09512007766
0.1186666528
0.1169845873
0.142669466
0.1407612824
0.1158106132
0.1212068816
0.1461832352
0.144415371
1.155686496
1.155676602
1.155511627
1.156072052
1.155851438
1.155908709
1.155873524
1.155840422
1.156019407
1.156795307
1.156576287
1.156297013
1.157191363
1.156855367
1.157142786
1.15649672
1.156638505
1.156918481
1.100033701
1.157938586
1.157534991
1.059664542
1.13373096
1.051916999
1.157415887
1.157825231
1.123656635
0.915005042
0.9751643733
1.032754587
0.9130734766
0.9554528856
0.8884822134
1.067441036
1.01865998
0.9646732208
0.8181599703
0.8720829436
0.900383998
0.8663128382
0.808995212
0.9601364274
0.91820266
1.156238775
1.156008864
1.155663256
1.156868711
1.156413242
1.156719285
1.156015754
1.156180541
1.156563844
1.055955972
1.134090832
1.157408632
0.9929714082
1.063349881
0.983244374
1.157545051
1.143804332
1.073314861
0.8082327313
0.8771840755
0.9321739275
0.7888539478
0.8306073213
0.7639332249
0.9751006637
0.9014086118
0.8563733377
0.6615107555
0.7228858666
0.7541022352
0.6740255168
0.6968728689
0.636279729
0.8234834732
0.7595821598
0.7352037346
0.5822905187
0.6410640284
0.656037617
0.6309832085
0.5721756135
0.7501898001
0.690625893
1.10205761
1.157370906
1.15668363
0.9931160707
1.079376415
1.012979751
1.157125426
1.146385639
1.063910646
0.7853050076
0.8431198094
0.9137620636
0.7248886271
0.7805442066
0.72553667
0.9090984563
0.8416071107
0.7830934002
0.5814151578
0.6310113183
0.6753347411
0.5561047759
0.5914517161
0.5428118322
0.7018849994
0.6444269593
0.6081797713
0.4491937813
0.4969170024
0.5247465841
0.451230477
0.4724728069
0.4246202046
0.5784679639
0.5237995036
0.5026126935
0.3701485634
0.4188648047
0.4333631972
0.4079938536
0.3588760781
0.5150343556
0.4601057771
0.8825144763
0.9330921439
1.025988557
0.7750221998
0.8501708458
0.8031735499
0.9522275325
0.9003193139
0.8207989192
0.6117592445
0.6486274422
0.7087448303
0.5428567144
0.5932134152
0.5600931874
0.6762268658
0.6318242044
0.582043675
0.426377853
0.4590746451
0.4990949965
0.3882804066
0.4223927892
0.3894408514
0.498376878
0.4579175526
0.4237721668
0.2946129864
0.3279860993
0.3567727007
0.2792938932
0.302140063
0.2684140452
0.3802585278
0.3394318381
0.3172011052
0.2079956303
0.2437539064
0.2596683971
0.231676967
0.1955347017
0.3131686431
0.2706363157
0.7428900826
0.7708685738
0.8494948062
0.6361227209
0.6997933944
0.6739156528
0.7625561652
0.7286158251
0.6631498442
0.5056421722
0.5259720873
0.5785360029
0.4320210343
0.4774830113
0.4577704303
0.5286924905
0.5008904843
0.455493713
0.332754829
0.3512837899
0.390563637
0.2795829944
0.3146107031
0.2956169472
0.3610007298
0.3360858455
0.3014796533
0.1957573646
0.2153992549
0.2459393397
0.1612874817
0.187018383
0.1667845534
0.2378581243
0.2112226136
0.1859737129
0.0974761361
0.1206216766
0.1373750378
0.1078006223
0.08344076689
0.1630510776
0.1325532829
0.6693096513
0.6825643297
0.7515990799
0.5637455481
0.6202820461
0.6088438399
0.6526834054
0.6346814015
0.5764946431
0.4567250347
0.4638018915
0.5119676156
0.3770388794
0.4192551955
0.4129904331
0.4418621338
0.428516885
0.3854429382
0.2948896228
0.2986748122
0.3368980685
0.2270431922
0.262028884
0.2586502374
0.28077764
0.2695739043
0.2346768286
0.1572914178
0.1594439892
0.1929366422
0.09886137987
0.1285265258
0.1262533832
0.1499816376
0.1379050185
0.1073489411
0.05972138575
0.07010797758
0.06459137524
0.638298538
0.6449948812
0.7063798779
0.5397476658
0.5898126244
0.5861615188
0.5997901641
0.5936605894
0.5420334125
0.4552152016
0.4512827936
0.4938136413
0.3740364571
0.4114906969
0.4176219062
0.4097178824
0.4092946318
0.3704835038
0.3153190002
0.3055955088
0.3388999198
0.2437145618
0.2737883635
0.2854104439
0.2598598703
0.2649878512
0.2328105313
0.6455947662
0.6432581124
0.6961646159
0.5522484752
0.5955792894
0.5998669472
0.5870157203
0.591461088
0.546953157
0.4852796572
0.4758658672
0.5125147332
0.4105805148
0.4419169585
0.4530086008
0.4258923345
0.432768485
0.3999861801
0.370642006
0.3554086408
0.3818773539
0.308536681
0.3309337686
0.3479910824
0.2990677943
0.314447395
0.2899110359
0.6663588602
0.659985863
0.7060364079
0.5813867791
0.618749288
0.6264093501
0.6051593318
0.6115788607
0.5729971948
0.5269043423
0.5161426892
0.5473230235
0.4614093905
0.487559653
0.4992257467
0.4644760274
0.4759502982
0.4487635837
0.4307174438
0.4164297835
0.4376888923
0.3831947504
0.3981362057
0.4133636029
0.3651400491
0.3819801365
0.3654250101
0.3553490303
0.3469185866
0.3581308835
0.3327565063
0.3434520071
0.3445050954
0.6970552213
0.6886764382
0.730202962
0.6179343589
0.6516460712
0.6607508207
0.6343916484
0.6428531344
0.608461693
0.5692144969
0.5587928869
0.5870953458
0.5089631872
0.532791075
0.5434678411
0.5106461964
0.5219476368
0.4978439083
0.4786854368
0.4680348778
0.4873288779
0.4386359793
0.4515024362
0.461718877
0.4274212157
0.4401860734
0.427567955
0.3798180125
0.4298824516
0.4261691728
0.4369950833
0.433320649
0.383478229
0.6704679326
0.6811939545
0.6489369196
0.5544394418
0.5654594001
0.5414072509
0.4708692836
0.479833882
0.4635839585
0.3177394526
0.3691589697
0.3646978777
0.3771731879
0.3731373854
0.3217185547
0.3943441013
0.4440685999
0.4404073687
0.4347178778
0.4474934443
0.3978420584
0.3337495176
0.3850854706
0.3809635414
0.3928778648
0.3889186541
0.3376761705
0.03881158547
0.05072971437
0.05072963305
0.05879145846
0.05393979971
0.04200127683
0.07940798572
0.06456486487
0.06863280207
0.06145631676
0.05367893813
0.06290534316
0.03761760242
0.04538614488
0.05232728229
0.04014879186
0.0326269726
0.2522604272
0.2678012673
0.2732261529
0.295762778
0.2840465275
0.2859358053
0.2183316982
0.2195563442
0.2355715911
0.3733363759
0.3866879625
0.3966142542
0.3794318276
0.3781142685
0.3696582857
0.40150712
0.3951475385
0.3850428584
0.3289217916
0.3251307233
0.3137828661
0.3519972001
0.3424076541
0.3385740262
0.3510784494
0.344225832
0.3580360633
0.3863100615
0.3775271618
0.3914892556
0.361287775
0.3733829027
0.3723073368
0.4510329544
0.4518617577
0.4660071196
0.4406267042
0.4407985438
0.443861643
0.4432117815
0.4488985928
0.433166118
0.4191550418
0.4204389389
0.4169841851
0.4335168369
0.4334115924
0.4180774553
0.4556933996
0.4418103899
0.4463828572
0.3647748316
0.4154287734
0.411633108
0.4226968256
0.4189545724
0.368558243
0.1628177986
0.1612062548
0.1356943555
0.4491619309
0.4422294071
0.4499881359
0.4333513511
0.4352918714
0.4402364671
0.4498197723
0.4433521145
0.4398146464
0.3013296742
0.3541214708
0.3507135322
0.361155235
0.356577119
0.3053245395
0.1084792303
0.1061197288
0.08314215882
0.1324453823
0.1364425454
0.1490100533
0.1004622254
0.1249661555
0.1233316582
0.06957075471
0.0694959866
0.07281689903
0.06105439617
0.0643297555
0.06426647118
0.160872789
0.1518958078
0.162432413
0.1313310833
0.1387404188
0.1467575722
0.2986022226
0.2950979015
0.2390634621
0.335055152
0.3408021456
0.3331359778
0.3428902934
0.3461215115
0.340539551
0.2913354603
0.2995107392
0.2902362538
0.322334379
0.3103020958
0.3055114116
0.250365474
0.3059711964
0.3022179679
0.1244799473
0.1519057349
0.1499389015
0.1552638106
0.1535553439
0.1260675967
0.1010792186
0.1303641277
0.1288650223
0.1334231253
0.1318819215
0.10221422
0.1900468107
0.1616881196
0.163588534
0.1510063862
0.1809355848
0.1786970125
0.1771098723
0.1831116533
0.1530350645
0.1305531854
0.1586408473
0.1568455059
0.1620820696
0.1603036433
0.1320933209
0.4083329834
0.4158122572
0.4319908227
0.3961672098
0.4117824786
0.4119753575
0.1512158855
0.1528986854
0.1811747678
0.09672736753
0.1244872845
0.1230653475
0.1273872684
0.125932795
0.09779822903
0.1349360995
0.1331492962
0.1076578799
0.1274569241
0.1529170494
0.1511826175
0.3494031668
0.4005411669
0.3966109049
0.4080520187
0.4042056543
0.353254707
0.1475444707
0.1265482843
0.1292372369
0.3468048325
0.1354713233
0.1463703391
0.134941706
0.1027247942
0.1170467129
0.1254652287
0.05295129717
0.05783774916
0.05108940657
0.06917111169
0.06327347764
0.05897210541
0.07300058041
0.06802810526
0.07417263763
0.05436080771
0.05105044478
0.0550953742
0.03935217806
0.04619581361
0.04920917093
0.2275418075
0.2454376128
0.2617984834
0.234300148
0.2371780399
0.2255648304
0.2690949839
0.2573355118
0.2503272238
0.1773030223
0.1761228694
0.1644507783
0.2060790024
0.1941917722
0.1928041896
0.1980520869
0.19322707
0.2090909305
0.1116349624
0.1226916447
0.1192846439
0.1287026451
0.1241229535
0.1149465878
0.1481464737
0.1378992802
0.1415394314
0.09216378091
0.08659397726
0.080001911
0.1035590413
0.09574364412
0.1014270161
0.08682679619
0.09191837003
0.1011204306
0.02423293117
0.02082230525
0.02355725666
0.02801356608
0.02564787446
0.01592916438
0.02020987046
0.01955532297
0.02329473875
0.02137929759
0.01729758808
0.03117967058
0.02559434681
0.02697684528
0.08955009881
0.1122542282
0.1102797665
0.08919996081
0.09071912894
0.09559962241
0.07926227619
0.083649302
0.08212230006
0.1163522446
0.1165766432
0.1215548459
0.1033468696
0.1081382375
0.1061745774
0.02014607452
0.02151036529
0.01940176518
0.02760916074
0.02575892365
0.02660224144
0.01540467926
0.01793904451
0.01880963183
0.1153363145
0.1443684109
0.1423760874
0.1482707207
0.1458169796
0.1182645701
0.1655841126
0.1677436483
0.195071628
0.1059113455
0.1366287577
0.1349952353
0.1402974586
0.1383754064
0.1074881694
0.1436019177
0.1729681434
0.171068322
0.1767834239
0.1748132664
0.1453712299
0.1368446763
0.1656131289
0.1637704023
0.1692541995
0.1673770867
0.138483088
0.01139030246
0.01092110055
0.008816254375
0.008578683823
0.0100675566
0.009382797977
0.01266417679
0.01083393419
0.01199463736
0.1413896179
0.1657225902
0.1643123859
0.1218069647
0.1201751564
0.0964025449
0.1136693326
0.1388303899
0.1368622756
0.1495550869
0.1478259872
0.1227902966
1.155570128
1.155579725
1.156028099
0.40806344
0.4162410896
0.4424699273
0.08343252147
0.07133310336
0.09124715782
0.1057954262
0.1058113391
0.07541645845
0.08691303321
0.09411277359
0.08780450364
0.07825931067
0.06831850515
0.4690137014
0.4362339082
0.4534727937
0.3318557216
0.3172698393
0.3281651461
0.3010068002
0.3102103418
0.3218753096
0.03541182327
0.0414184195
0.04122448513
0.2727180084
0.2665640492
0.2535535645
0.2154590313
0.2063360243
0.1928937789
0.2363179225
0.2225972447
0.2301512641
0.3066374593
0.2852740975
0.2935456513
0.1674581236
0.15495697
0.1453587413
0.1785906844
0.166475706
0.1792644749
0.1365442152
0.1234674955
0.1219822193
0.136911742
0.1291107638
0.1471273018
0.02913960243
0.03358695837
0.03596467997
0.03333368699
0.03073396596
0.02619271279
1.15538707
1.155280589
1.155223776
1.155511154
1.155400392
1.155470936
1.155366761
1.155106543
1.155106955
1.155161796
1.155099886
1.155317978
1.156050612
1.155486121
1.155733322
1.155182476
1.155320853
1.155797804
1.126984026
1.15681532
1.13876024
1.156022006
1.15637368
1.157160812
0.9395449593
1.042170601
0.9878183336
1.129632589
1.057876046
0.9688482162
0.8303578478
0.9178257154
0.8879334103
0.9740931915
0.9324495501
0.8494030754
0.7733788839
0.8454307861
0.8327583058
0.8751290166
0.8555292164
0.782422645
0.7541284238
0.8138816872
0.815364032
0.8231429048
0.8198938208
0.7539233257
0.7582557301
0.8083602692
0.819074073
0.8083175466
0.8147769274
0.7522374296
0.7791352803
0.8203743899
0.8376638121
0.8126472279
0.8267968762
0.7658006241
0.8315186891
0.8518064335
0.791679128
0.07430656263
0.08996159203
0.0932164484
0.1093374091
0.104581104
0.09299664765
0.04211476257
0.04088945326
0.03626352293
0.02096378608
0.007992119651
0.0004210920706
0.02107418971
0.007966624716
0.0004245660741
0.01010906507
0.004390648772
0.0003721967973
0.01019494088
0.004398959157
0.0003727251812
0.0101073105
0.004385023051
0.0003720141944
0.01007421993
0.004459615792
0.0003712141899
0.0098698912
0.004284837182
0.0003723880409
0.01957692804
0.007284044779
0.0004114296804
0.0196604544
0.007353425733
0.0004141943317
0.02251553754
0.0085987633
0.0004426296726
0.02218570156
0.008460857168
0.0004383148273
0.01094215178
0.004819797191
0.0003744724605
0.01063494887
0.004640504102
0.0003751081618
0.01075277734
0.004732715701
0.0003746955845
0.01090058923
0.004805330123
0.0003744777218
0.01080138024
0.004751866315
0.0003746156593
0.01021089612
0.00440674177
0.0003728891475
0.01029560469
0.00449991765
0.0003725166874
0.01057509453
0.004593190525
0.0003752440313
0.01042895175
0.004385249539
0.0003751742566
0.01034611776
0.004507725673
0.0003726336944
0.01041167446
0.004433552841
0.0003741651907
0.009983525918
0.004449208076
0.0003720492927
0.01004882306
0.004461921376
0.0003713265489
0.009940212324
0.004414165412
0.0003725340568
0.009839739459
0.004216842088
0.0003731730029
0.02030152997
0.007542485236
0.0004187311298
0.02449951354
0.009502476905
0.0004738060865
0.02474893952
0.009764894709
0.0004841472812
0.02404745749
0.009251067603
0.0004638547001
0.02333117396
0.008979848228
0.0004542912765
0.02141798486
0.008113153254
0.0004292424354
0.01015349258
0.004426593656
0.0003722140762
0.01017400058
0.00442069984
0.0003723979249
0.01010127052
0.00442104888
0.0003716356651
0.01008519659
0.004450280042
0.0003713114354
0.009874867821
0.004342779343
0.0003715866269
0.02000162546
0.007434784348
0.000416753403
0.0257852488
0.0104498525
0.0005108269232
0.02524239611
0.01004634909
0.0004950589986
0.02766524218
0.02626711492
0.01071693494
0.02665003498
0.01090849586
0.02294489549
0.008816217278
0.0004488532934
0.02165978121
0.008188201014
0.0004331119382
0.01097609099
0.004825822701
0.0003744898749
0.01066949419
0.004680184776
0.00037490556
0.01072500201
0.004712217709
0.0003748177088
0.01087363705
0.004788797489
0.0003745124503
0.01082913403
0.004770201136
0.0003746002261
0.01029648754
0.00448217947
0.0003725616433
0.01053622258
0.004537693004
0.0003754442454
0.01044094483
0.004419754147
0.0003755996797
0.01035847851
0.004499708224
0.0003727772719
0.01039530508
0.004484695975
0.000373380872
0.01000173548
0.004458329915
0.0003717027678
0.01002917812
0.004456901731
0.0003715499119
0.009911364148
0.004357406514
0.000372987815
0.009834425581
0.004239542512
0.0003734958407
0.0184952133
0.006914112255
0.0004059185783
0.01824895009
0.006849514653
0.0004043663193
0.01668077205
0.006345926872
0.0003944889568
0.01510815772
0.005905643451
0.0003874795471
0.01643570261
0.006266014213
0.0003937910481
0.01305739521
0.005424285009
0.0003792300274
0.0138932164
0.005652040298
0.0003816118205
0.01493905686
0.005878688992
0.0003868455479
0.01400288522
0.005662264643
0.0003820850948
0.01300407791
0.005380817959
0.0003783706828
0.01254896249
0.005473153105
0.0003743820462
0.01247666722
0.005469014476
0.0003741943105
0.009830063398
0.004362115106
0.0003713915922
0.009825746114
0.004363088148
0.0003715865043
0.02502158207
0.01758966313
0.006669242423
0.0003992439855
0.01730644271
0.006532418323
0.0003983854896
0.02785091597
0.01566295739
0.006080019837
0.0003895536707
0.0157960713
0.006078390531
0.0003912737773
0.01345978673
0.005576526861
0.0003797172342
0.01356270593
0.005601022524
0.0003800073451
0.01457884183
0.005816223135
0.0003835480896
0.01440156035
0.005809345671
0.0003826593409
0.0128087763
0.005480701081
0.0003756268222
0.01273780004
0.005482522354
0.0003751616587
0.01223619533
0.005444145225
0.0003739744542
0.01231491692
0.005449951743
0.0003740527661
0.01026564291
0.004444187764
0.0003727326501
0.01884566664
0.007068367272
0.0004070052303
0.01926856213
0.007164237445
0.0004086425593
0.01803621191
0.006792394769
0.0004024944803
0.01695719688
0.006496784696
0.0003955303969
0.01528872567
0.005960479675
0.0003879718222
0.01623170799
0.006203834819
0.0003932918382
0.01323382251
0.00551922995
0.0003793415993
0.01376879395
0.00562812808
0.000380942605
0.01477932093
0.005820791357
0.0003860118423
0.01417139804
0.005673325122
0.000382459296
0.01295031928
0.005478131339
0.0003771907884
0.01260000262
0.005473984359
0.0003745588106
0.01218991875
0.005408053313
0.0003739457292
0.01212522019
0.005413531057
0.0003739668241
0.01242462741
0.005458152987
0.0003741451186
0.01123260873
0.004850289556
0.0003756942247
0.01127918739
0.004863840468
0.0003759453401
0.0116262591
0.005131114462
0.000375051112
0.01159904347
0.005147871913
0.0003748849787
0.01207147802
0.00541745451
0.0003738941354
0.01204587519
0.005426166578
0.000373996254
0.01167986636
0.005122619304
0.0003753148051
0.01172057794
0.005106821713
0.000375554935
0.01120345643
0.004865871371
0.0003752814822
0.01114764951
0.004871029971
0.0003750399396
0.009856875648
0.004365672687
0.000371398492
0.009801325473
0.004358173352
0.01780185677
0.0067237089
0.0004006389892
0.01707625981
0.00647861734
0.0003971707343
0.01549934784
0.006034524697
0.0003884757668
0.01596965553
0.006102186872
0.0003924828039
0.01334114915
0.00555261262
0.0003794205858
0.01367187092
0.005615569892
0.0003804697196
0.01462746456
0.005817009836
0.0003848502767
0.0143440536
0.00575734598
0.0003824212542
0.01286750398
0.00547691235
0.0003762353018
0.01267807696
0.005477950375
0.0003748485306
0.01224254491
0.005425524854
0.0003739909821
0.01234964692
0.005455655572
0.0003740657473
0.01140825515
0.004988657519
0.0003756809011
0.0113423211
0.004922107269
0.0003758989619
0.01146648456
0.005055674501
0.0003753400809
0.01153596574
0.00512393102
0.0003751186119
0.01189820743
0.005294874585
0.0003749711117
0.01197236334
0.005383105257
0.000374385385
0.01184132084
0.005208264539
0.0003754438384
0.01176136841
0.005130419559
0.0003756969824
0.01106075912
0.004844563763
0.0003748000208
0.01111794845
0.004858147452
0.000374884572
0.01106763911
0.004832013377
0.0003746150845
0.01103102952
0.004827839135
0.0003745338852
)
;

boundaryField
{
    topAndBottom
    {
        type            calculated;
        value           nonuniform List<scalar> 
12
(
1.15587995
1.155111976
1.154317075
1.153499314
1.152666995
1.151826301
1.150980439
1.150181835
1.149456201
1.148873817
1.148440305
1.148218302
)
;
    }
    inlet
    {
        type            calculated;
        value           nonuniform List<scalar> 
20
(
1.15625
1.15625
1.15625
1.15625
1.15625
1.15625
1.15625
1.15625
1.15625
1.15625
1.15625
1.080769843
1.15625
1.15625
1.15625
1.15625
1.15625
1.150879525
1.040486339
1.15625
)
;
    }
    outlet
    {
        type            calculated;
        value           nonuniform List<scalar> 0();
    }
    wing
    {
        type            nutkWallFunction;
        blending        stepwise;
        Cmu             0.09;
        kappa           0.41;
        E               9.8;
        value           nonuniform List<scalar> 
133
(
0.0001918659529
0.0001919970894
0.0001828671301
0.0001829309947
0.0001828521923
0.0001829561839
0.00018298605
0.000190611276
0.00019084807
0.0001936407559
0.000193338343
0.0001839504363
0.0001838421352
0.0001839317196
0.0001839590674
0.0001839441032
0.00018297852
0.0001830764483
0.0001837633364
0.0001833401396
0.0001831020912
0.0001832052734
0.0001831854982
0.0001830178753
0.0001832177351
0.0001830019056
0.0001915779899
0.0001960912758
0.0001969935887
0.0001954059532
0.0001946028218
0.0001923932752
0.0001829032493
0.0001829076535
0.0001828694011
0.0001829039992
0.0001830129524
0.0001912001455
0.0001988969576
0.0001977611112
0.0001942431059
0.0001927189185
0.0001839522541
0.0001838813361
0.0001839215449
0.0001839642608
0.0001839653157
0.0001830716372
0.0001836807852
0.0001835074878
0.0001831018411
0.0001831582844
0.0001831235628
0.0001830794302
0.0001831906197
0.0001830858124
0.000189849945
0.0001895506499
0.0001880165003
0.0001861923174
0.0001877973353
0.0001836909404
0.0001846965723
0.0001859808858
0.0001848213
0.0001834811763
0.0001832981747
0.0001833317645
0.0001830957376
0.0001831733623
0.0001888764001
0.0001886592204
0.0001867528766
0.0001869983984
0.0001841630752
0.0001842780066
0.0001853764808
0.0001852953497
0.0001832547733
0.0001832373998
0.0001835715225
0.0001835113723
0.0001830422499
0.0001901180897
0.0001903483222
0.0001893034221
0.0001881796238
0.0001864252026
0.0001875610637
0.000183894542
0.0001845390341
0.000185753485
0.0001850261119
0.0001833596461
0.0001832630102
0.0001837220919
0.0001838288975
0.0001833869373
0.0001840673716
0.0001841288556
0.0001841700731
0.0001841994729
0.0001838993387
0.0001840161339
0.0001841621392
0.0001841492817
0.000184017793
0.0001840006659
0.0001830722309
0.0001890865113
0.0001883950341
0.0001866061154
0.0001872701505
0.0001840226399
0.0001844124226
0.0001855368322
0.0001852037379
0.0001832961625
0.0001832509409
0.000183642205
0.0001834365068
0.0001842281262
0.0001841918048
0.0001842400299
0.0001842543545
0.0001841618046
0.0001841031953
0.0001841823402
0.0001841721321
0.0001839626389
0.0001839754702
0.000183944103
0.0001839511526
)
;
    }
    front
    {
        type            empty;
    }
    back
    {
        type            empty;
    }
    procBoundary0to1
    {
        type            processor;
        value           nonuniform List<scalar> 
49
(
1.148151138
1.148194197
1.149274556
1.152211355
1.155406355
1.155406355
1.162748619
0.9373655673
0.4361177833
0.4350511684
0.2362907352
0.02041069668
0.4488074051
0.4578882227
0.4361177833
0.4445640107
0.2891482
0.05201236696
0.03323680633
0.1843446873
1.158662176
1.055942955
0.7677343334
0.7276613747
0.6298918707
0.6022661112
0.5290315546
0.5076162095
0.09806709387
0.0739815872
0.3958734748
0.6598918678
0.6914544695
0.5519616634
0.576347727
0.4690467121
0.4881539711
0.4357877343
0.4344352209
0.1462490151
0.1241869573
0.3426635197
0.4419974605
0.8168243981
0.8474732793
0.0003717093812
0.00978240196
0.0003717093812
0.004328471914
)
;
    }
    procBoundary0to2
    {
        type            processor;
        value           nonuniform List<scalar> 
58
(
1.025492456
0.05578837835
0.01260217759
0.0108981313
0.007050893495
0.01150202122
0.01150202122
0.008264643623
0.02012953241
0.01534208656
0.7993489966
0.9452520116
0.9452520116
0.5657299581
0.7423508777
0.3513531239
0.5083845656
0.1875967852
0.3052946505
0.06662465213
0.155131443
0.029038435
0.02608193467
0.01534002216
0.009092835448
0.01260217759
0.007032471917
0.008362878598
0.007204558047
0.9917035494
0.04608850983
0.8525507626
0.9004328666
0.6243882488
0.6835857509
0.400640834
0.4531330653
0.2236271517
0.2628340742
0.09981959832
0.09981959832
0.1244863087
0.03664501096
0.02608193467
0.02163177269
0.01819719533
0.01051094848
0.007213079886
0.007821511684
0.07869840682
0.0005264537303
0.0114377714
0.0114377714
0.0005264537303
0.0005443478581
0.01226144912
0.02012953241
0.01182257488
)
;
    }
}


// ************************************************************************* //
