/*--------------------------------*- C++ -*----------------------------------*\
| =========                 |                                                 |
| \\      /  F ield         | OpenFOAM: The Open Source CFD Toolbox           |
|  \\    /   O peration     | Version:  v2012                                 |
|   \\  /    A nd           | Website:  www.openfoam.com                      |
|    \\/     M anipulation  |                                                 |
\*---------------------------------------------------------------------------*/
FoamFile
{
    version     2.0;
    format      ascii;
    class       volScalarField;
    location    "2.45";
    object      p;
}
// * * * * * * * * * * * * * * * * * * * * * * * * * * * * * * * * * * * * * //

dimensions      [0 2 -2 0 0 0 0];


internalField   nonuniform List<scalar> 
3259
(
111.0123972
-89.04108885
-272.2169066
-426.30695
-547.8632539
-638.8309246
-704.0372095
-748.5802685
-784.9575227
-801.0132984
-810.1290998
-814.2734154
139.2623852
-70.91406382
-264.7614741
-426.3254073
-551.2774673
-643.340128
-715.0978064
-756.3325898
-791.6976156
-805.4876642
-813.3708268
-816.9401679
142.1100868
-95.90545326
-306.1733465
-472.649666
-594.3568867
-678.2778491
-745.2262585
-778.1495015
-807.1088691
-816.1150925
-821.2374479
-823.4607643
153.1556157
-148.1854377
-394.2092299
-563.0351538
-672.1712345
-740.7340262
-791.2499021
-810.7497654
-828.7933474
-831.5280544
-832.5382675
-832.7896461
184.2661508
-251.1055036
-556.6922937
-718.4631896
-792.0854757
-826.5273565
-850.1948393
-851.3919757
-853.7371373
-848.7242313
-844.7712367
-842.6991194
247.1259402
-500.7185439
-865.0620144
-957.5686579
-953.1726926
-931.8909616
-917.0851801
-895.0202739
-878.3326066
-864.7293739
-855.3861559
-850.8790318
447.7465628
-1262.928629
-1413.686444
-1284.602822
-1144.852913
-1044.81008
-982.6468226
-935.369707
-898.8767877
-876.2650579
-861.869146
-855.1066044
-3177.824293
-2172.377253
-1640.811398
-1327.545927
-1145.378221
-1034.204952
-965.0711169
-909.595397
-880.0110826
-861.8065203
-853.1534973
-4557.112512
-2675.305582
-1874.578876
-1444.493003
-1206.684436
-1059.960654
-976.2019655
-907.0173225
-873.4415912
-853.0585756
-843.3132287
-4094.045377
-2612.323403
-1873.898595
-1448.088972
-1209.068477
-1051.805251
-964.8359449
-889.1342422
-855.0899396
-834.4377478
-824.5342246
-3016.738808
-2168.372403
-1671.735667
-1350.8134
-1153.15181
-1009.398168
-930.4375094
-855.9073862
-824.8732386
-805.8491495
-796.6697655
-1936.822061
-1597.413862
-1366.806797
-1184.321968
-1052.582225
-938.9356368
-876.3436326
-809.1444287
-784.1510518
-768.2141964
-760.4667915
-4908.817344
-3393.14842
-4469.850312
-4942.719964
-3285.322769
-4341.219703
-2111.423456
-3131.534292
-1973.783469
707.6029094
-3010.394844
-1062.495905
-6742.040474
-4553.649595
-4513.93665
-2889.336947
-2359.017505
-6397.47288
-6894.54429
-4203.373178
-2949.828019
-2973.757279
-4590.073251
-5504.626376
-3156.93817
-2481.506632
-2867.342386
-2970.793477
-3651.468374
-1594.201056
-1572.622857
-2163.091897
-6919.151775
-6787.840993
-4558.031925
-6475.330014
-6741.508668
-5561.051047
-6355.383875
-4724.634186
-6219.988526
-5468.568447
-6720.745119
-6260.742117
-4769.221862
-3753.13378
-4526.601251
-3748.430022
-4418.213927
-3680.785389
-5413.308828
-4534.340261
-3902.029627
-2250.121152
-2877.653068
-1545.499452
-1587.706141
-1492.290355
-1542.197067
-8876.716628
-5942.625958
-3557.439943
-2066.442265
-1826.875194
-2324.887844
-2015.705389
-1972.344199
-2283.032221
-4301.972786
-6350.960697
-4340.5271
-2334.280664
-2670.49707
-2537.645162
-2833.948524
-2225.002043
-3582.954455
-2924.312471
-2683.427108
1057.349188
-4034.09126
-1365.323863
692.9947546
-8955.465066
-6205.363002
-8557.325052
-5625.671504
-8412.376999
-5870.534577
-6627.35636
-6662.924757
-5019.979778
-5082.101063
-3131.326747
-3476.000499
-3255.497409
-3458.797566
-3103.274784
-3909.18072
-3512.712498
-3352.958496
-1595.675271
-1878.135428
-1929.842325
-6973.075451
-6972.153643
-5929.894247
-5980.090911
-5877.842212
-5264.352186
-5462.233814
-4950.031219
-5190.601559
-5828.756702
-6525.709846
-5697.652837
-5757.886467
-5519.2127
-5661.966664
-6491.983566
-4072.113573
-3953.982927
-4127.90742
-3048.680022
-2699.082772
-2603.955161
-2717.793258
-3069.618931
-1935.96848
-1502.857755
-7673.35197
-2177.72199
-2341.532412
4834.55665
-2374.25869
-2556.007578
1579.696281
-5254.772205
-1802.909155
585.695414
-6506.464212
-7450.973175
-7298.105383
-6803.73557
-4771.586783
-4967.313839
-4756.528053
-5778.728054
-5592.287719
-5329.051252
-6953.684037
-7510.492336
-7510.457246
-6772.494132
-5645.154692
-5391.216821
-5759.393585
-5694.037601
-6768.719657
-5725.121964
-6015.162533
-5843.270128
-6207.134659
-4690.728986
-4491.198668
-4351.496555
-4088.783009
-3837.475343
-4118.023462
-5008.663685
-4591.99933
-4863.650126
-4212.951962
-4498.260078
-4949.195776
-2514.708622
-2651.457148
-2329.853938
-1726.329725
-8172.954145
-7392.302775
-7798.000558
-3708.454448
-3777.48121
-1983.609519
-2128.381085
-2133.020169
4548.153308
4599.228409
4395.322579
-2744.629436
-2560.475014
-2522.703636
-2559.95478
-2761.952065
-8809.437387
-7632.306152
-7200.371144
-7896.715672
-7727.751521
-7017.333719
-6287.487629
-7593.133667
-7025.053774
-6902.007586
-6535.109096
-6770.220516
-7240.905659
-7077.51877
-5240.522642
-5037.437714
-4834.052243
-5096.724162
-5307.657328
-4820.815475
-5033.058897
-5378.056973
-5268.138252
-5533.238503
-5313.066821
-3275.761994
-3343.052654
-3312.53836
-3231.241455
-3379.511252
-3751.494496
-3640.19535
-3799.523321
-3429.018067
-3587.754429
-3693.308907
-1799.692247
-1782.938406
-1931.018171
-7636.956122
-7526.859274
-6961.25397
-7719.71628
-7884.594023
-7668.193761
-7916.46511
-7956.600144
-7951.200928
-7895.757807
-6931.422187
-7647.084163
-7679.566136
-6226.650283
-6070.659348
-5777.816141
-6148.498024
-6459.605016
-6271.526297
-4065.838632
-4244.96281
-3855.358225
-4014.630673
-4105.323745
-4542.002921
-4747.51157
-4300.45043
-4480.838215
-2763.037368
-2871.787465
-2936.15713
-2751.456559
-2990.481329
-2918.431634
-1815.778961
-2862.958422
-2118.25322
-1424.083868
-2323.348179
-2379.690701
-1660.781199
-2383.589666
-2140.409358
-1604.503944
-1574.087762
1680.621188
3340.399575
4495.744671
-6336.482841
-2369.507479
517.4623238
-1969.205414
-1656.980041
-3868.2283
-6506.719685
-7367.825754
-7570.755912
-1585.271621
-1732.703786
-1735.669641
-2235.943609
-1956.055767
-1905.271925
-7617.617802
-7652.293769
-6920.233456
-1556.952919
-1661.527153
-1670.920848
-1568.038652
-1535.800385
-8784.665958
-3595.319484
-1998.1747
-2071.154403
-2075.380623
-2324.316238
-2170.233863
-2140.200318
-5263.546865
-4745.197132
-5740.676037
-2475.726312
-2527.713265
-2369.231064
-2610.9865
-2150.883749
-5058.67102
-8724.579163
-8239.296213
-8085.243839
-8505.432971
-8532.722632
-3180.332176
-3214.292074
-3162.296917
-3491.566913
-3492.18322
-3465.454831
-3031.462127
-3178.570823
-3252.510787
-3871.322304
-3814.810349
-3870.645235
-1926.129503
-1904.733638
-1937.321666
-4246.900092
-4319.95473
-3927.81562
-3995.328137
-4018.856916
-4388.654803
-4401.998748
-4292.118206
-4430.750895
-4256.140699
-1937.532496
-2211.704653
-2258.218531
-2366.029351
-2316.833917
-2296.399363
4974.999889
5071.99093
4902.29753
-2434.442376
-2459.705351
-2372.545708
-2573.014698
-2515.614832
-2505.754569
-3476.429714
-2764.60436
-5988.43667
-6769.031586
-6782.381283
-6680.395898
-6728.58847
-7397.187722
-7213.886968
-7259.116027
-7126.78119
-7170.932627
-7348.320422
-5720.729094
-5634.539984
-5694.453146
-5505.627707
-5573.02992
-5660.097594
-7558.638525
-7344.250274
-7338.759273
-7304.033334
-7336.01818
-7554.302245
-5954.699597
-5866.623111
-5922.843779
-5754.303379
-5810.920673
-5901.274466
-6595.545576
-6637.793205
-6477.660683
-6538.329016
-1563.698132
-1731.498698
-1726.478763
-1718.191569
-1567.986704
-8689.374019
-8983.780071
-8506.079114
-8231.639759
-7776.683752
-6890.628019
-8597.539951
-8265.542093
-3644.526304
-3795.783743
-2133.234158
-2123.676351
-2128.964289
4633.166998
-2646.589625
-2571.766893
-2702.797521
-8441.576462
-8353.29473
-8780.702111
-7845.932663
-8198.089311
-8220.943117
-8571.606236
-8554.720221
-6970.645105
-6852.368487
-6893.272979
-6799.40251
-6814.812446
-6921.475363
-7181.765366
-7030.377369
-7079.609578
-6937.649181
-6982.870224
-7128.797901
-5174.137585
-5098.576437
-5164.475938
-5163.110587
-5237.268699
-4868.07953
-4898.259968
-4869.933421
-4970.039998
-5454.888565
-5492.326036
-5446.464847
-5362.257257
-5434.499567
-5233.145303
-5300.325037
-5387.641258
-3315.330433
-3222.941408
-3217.51733
-3237.459395
-3174.22744
-3233.975667
-3413.99551
-3437.952733
-3369.801185
-3709.73341
-3753.780551
-3777.437112
-7591.306503
-7381.773394
-7405.855969
-7345.801748
-7360.42132
-7554.752015
-7772.958515
-7823.213536
-7953.294691
-8269.292163
-8197.424518
-8327.235028
-8336.00923
-7977.715001
-7967.372535
-8152.522178
-8132.969127
-7895.739526
-6179.402964
-6083.384569
-6131.174193
-5977.034305
-6030.807752
-6123.014872
-6402.021415
-6308.406867
-6394.689431
-6178.73233
-6236.111097
-6331.537594
-4156.116382
-4192.361115
-4088.307498
-4055.431968
-4080.741022
-4600.432571
-4631.885196
-4581.387248
-4786.073502
-4698.477249
-4667.70227
-4347.465879
-4380.100809
-4352.304863
-4526.932209
-4473.006843
-4413.825637
-2875.46879
-2859.696108
-2926.287976
-2747.599158
-2799.67219
-2834.626953
-3061.528945
-3108.203262
-2973.868153
-2977.388189
-2988.675487
-1878.231293
198.8850394
190.1586661
140.8158248
-31.25394495
-20.67864452
-87.54974846
-243.877107
-219.4311064
-292.0924
-419.8051556
-389.2409639
-457.5862253
-553.0806237
-522.7762283
-580.3430136
-647.8596223
-622.3468235
220.2258883
202.4428137
149.0709292
-64.07709167
-37.68447002
-131.815581
-314.1304278
-257.2637249
-366.7345054
-499.001669
-435.0821913
-535.3019598
-624.6841027
-567.7752006
-648.9754602
-707.509265
-660.1384584
273.1539229
229.4989548
173.8300142
-125.7852064
-75.87954808
-217.7256553
-446.9466415
-339.9992832
-506.3632883
-639.3166787
-527.4252995
-671.6671407
-741.9313936
-648.9463575
-758.3624351
-794.236524
-726.9353657
394.2647706
294.9068083
228.4790635
-272.5726314
-150.0168043
-412.8206078
-706.867281
-495.8139112
-768.3781311
-874.2076556
-687.8844265
-889.7642788
-908.4552946
-778.9956229
-909.4999836
-905.9201514
-819.9475123
639.4280787
443.4791869
427.2304616
-776.8678277
-344.148714
-980.5190231
-1235.035645
-806.481552
-1250.122077
-1219.065538
-949.2331768
-1195.55576
-1119.632292
-958.2314254
-1095.595955
-1033.985319
-936.9283659
502.042474
-972.8672131
-355.4154085
-1743.022259
-1674.86921
-1364.7578
-1981.86176
-1646.607197
-1322.069659
-1556.681009
-1341.641432
-1176.595033
-1285.811697
-1156.061216
-1066.153034
-3976.457663
-3210.933381
-2688.697759
-2602.089196
-1984.623298
-1748.455754
-1836.572211
-1506.225957
-1390.951335
-1425.010365
-1241.973049
-1182.165106
-4527.586943
-3707.813483
-3660.172379
-2674.68791
-2051.118884
-2029.69067
-1895.537855
-1542.914751
-1529.212836
-1456.775792
-1261.95487
-1253.952567
-3712.477429
-3212.174739
-3456.902157
-2299.660266
-1853.9904
-2022.693619
-1735.806319
-1456.254735
-1533.43489
-1384.128609
-1215.529279
-1256.947869
-2600.483515
-2367.740701
-2691.065371
-1741.740559
-1513.642961
-1777.343867
-1447.079423
-1276.814502
-1417.353141
-1229.59984
-1112.617219
-1193.91339
-1560.337312
-1577.70893
-1786.179639
-1420.359159
-1225.023098
-1081.285122
-4836.50411
-5415.858977
-5501.200249
-3644.994667
-4093.934454
-3751.501746
-4588.250721
-5017.895793
-4797.356021
-5504.116857
-5467.968482
-4944.255114
-3439.314177
-3668.762471
-3408.661986
-4717.041656
-4465.380795
-4200.77704
-2251.122064
-2306.338852
-2158.414526
-3253.405684
-3087.874224
-2980.036127
-2012.283072
-1867.604561
-1837.792929
1916.252295
3397.99982
4208.887676
1042.246105
-2720.391773
-374.6105805
-2634.11234
-2709.685347
-3170.418004
-576.068567
-1263.678128
-1689.209083
-6649.70502
-6909.427723
-6985.930642
-4854.679489
-5455.887647
-5044.703921
-3624.762723
-3332.636088
-4170.324683
-2755.292891
-3084.627726
-3246.551998
-2582.199843
-2859.475685
-2575.446222
-6437.513977
-6587.86482
-6542.475059
-7075.102067
-7039.537719
-6865.852554
-3538.450756
-3673.145247
-4470.098819
-2999.152963
-3347.736605
-3275.631042
-3341.36293
-3372.62956
-3009.072803
-4647.226394
-4706.800701
-4643.302116
-5596.266276
-5537.088684
-5446.986664
-2803.825518
-3107.257777
-3575.991421
-2627.267347
-2861.37687
-2683.783668
-3165.714583
-3024.41134
-2757.642529
-3064.903172
-3114.116188
-3016.843324
-3764.40533
-3606.803829
-3550.739396
-1592.300697
-1645.435886
-1653.21065
-1822.965777
-1863.860966
-1589.314173
-2187.447588
-2098.189912
-2076.686833
-6936.168537
-7127.643577
-7106.635393
-7044.270999
-7092.194877
-6851.018601
-5103.947334
-5364.965041
-4721.004021
-6564.964906
-6166.273352
-6067.332352
-6337.384244
-6345.61149
-6771.236589
-5616.564947
-5710.382128
-5654.124665
-6498.56287
-6453.273526
-6310.99829
-5265.130054
-5085.045876
-4620.961523
-6082.208009
-5757.560022
-5851.273204
-5273.727631
-5371.842588
-5628.584219
-6648.14683
-6287.15811
-6317.80965
-5894.969408
-5964.897213
-6366.065004
-4806.248869
-5436.69576
-5314.808553
-3856.48378
-3976.862982
-3817.972576
-4581.226604
-4518.670246
-4468.955922
-4021.600594
-3755.776035
-3593.810685
-4305.704281
-4208.977121
-4314.50561
-3474.755163
-3745.918657
-3984.075665
-5243.655416
-5069.6158
-5172.813327
-4422.069196
-4531.186047
-4710.581786
-4053.293714
-4377.78195
-4110.877911
-2337.726036
-2367.69311
-2277.27396
-2920.804311
-2826.075396
-2785.492446
-1499.042549
-1539.643942
-6354.486613
-7254.062042
-6638.833607
-2005.826483
-2255.955925
-2464.324692
-1994.397103
-2108.576835
-1914.005943
-2496.450846
-2303.591588
-2161.321405
-2067.414424
-2120.028442
-1973.203073
-2294.801144
-2246.505763
-2237.869962
-5443.401714
-4538.070641
-3749.514906
-5940.211213
-5780.50344
-6186.586012
-4065.570711
-4514.533983
-4981.06623
-2380.391897
-2394.329868
-2343.729762
-2690.836553
-2643.413207
-2622.658775
-2611.058615
-2457.137264
-2393.730491
-2568.91828
-2522.814303
-2712.052264
-2202.29066
-2360.219985
-2482.236874
-3294.9997
-3130.96685
-3387.797637
-2797.211103
-3044.142029
-3201.008137
-2830.954253
-2926.481179
-2767.557153
1390.43768
-3524.704931
-3595.546398
-4213.196879
-716.1182568
-1620.531849
-2214.333861
665.5145968
-1260.250836
-469.0849675
-6839.294119
-7273.502128
-6470.030361
-7161.750982
-6005.453116
-5213.409522
-7902.826223
-7677.145971
-8233.459862
-5488.965961
-5986.440938
-6674.499245
-6762.72793
-6726.75919
-6593.549858
-6698.974415
-6842.657905
-6802.087537
-5092.717099
-5028.409282
-4957.926185
-5144.09868
-5222.497879
-5158.001278
-3311.943416
-3212.551925
-3159.737113
-3423.224759
-3389.907228
-3436.41563
-3076.957466
-3126.987841
-3152.789022
-3485.175592
-3537.844981
-3567.944974
-3451.28875
-3555.631831
-3400.800096
-1689.181866
-1698.419022
-1602.007349
-1922.903745
-1777.147982
-1783.248449
-7187.556896
-7176.014948
-6973.581461
-6972.767062
-7189.551742
-7192.572792
-6028.612029
-5978.999526
-5880.380687
-6033.285459
-6133.396558
-6078.58669
-5644.8686
-5730.542724
-6030.710445
-5334.42572
-5525.614906
-5449.132962
-5672.19135
-5601.78742
-5400.387508
-5033.892524
-5199.065962
-5108.336495
-5369.819181
-5286.339995
-5114.076106
-5680.609284
-5466.763706
-5557.91067
-6201.131718
-6247.583857
-6618.436046
-5726.06842
-5979.071667
-5942.227397
-6028.144714
-6008.109372
-5746.541946
-5571.381722
-5792.019124
-5737.2593
-5898.312837
-5847.693004
-5619.366958
-6398.558486
-6091.980735
-6148.646897
-4200.312902
-4029.755945
-3919.18096
-4180.527531
-4225.099163
-4169.067718
-2896.325205
-2866.852139
-2980.414316
-2676.102925
-2770.716781
-2848.670725
-2693.926097
-2732.898914
-2640.892649
-2766.893556
-2782.557196
-2734.934061
-3092.062172
-3028.83438
-3011.612667
-1506.617393
-2236.202593
-2249.968021
-2186.738468
2260.073883
3023.278222
1547.721191
3202.062259
2646.597027
4387.313995
3484.371815
-4572.075241
-4686.629814
-5486.937742
-1271.328215
-2129.79909
-2562.949123
690.681082
-1728.079006
-475.9777778
-6655.799493
-6628.580899
-6474.049741
-6835.472181
-7003.342543
-6965.731873
-4835.923967
-4771.428222
-4708.565964
-4892.879032
-4831.151972
-4898.504743
-4699.8598
-4764.265621
-4816.415756
-5388.671257
-5476.943648
-5414.527869
-7144.926056
-7136.70677
-6946.02737
-6290.414198
-6239.401271
-6628.118678
-5579.654277
-5893.539763
-5954.240204
-5708.751995
-5812.425532
-5496.081046
-5749.75114
-6035.715813
-6037.482
-5997.0181
-6022.884553
-5728.726216
-6777.9276
-6344.293054
-6329.795958
-5820.769755
-5766.052419
-5671.291209
-6261.955696
-6399.042828
-6334.610603
-4619.639398
-4570.334326
-4635.947412
-4445.359524
-4506.373833
-4552.808679
-4407.351709
-4457.574874
-4397.536033
-4002.969721
-4105.092513
-4195.959669
-3930.11317
-4017.085354
-3919.715245
-4215.768446
-4115.797499
-4023.559124
-4857.716009
-4964.520387
-5185.406781
-4684.483967
-4821.665297
-4722.384304
-5014.864582
-4919.156934
-4774.945252
-4308.31118
-4418.249055
-4316.750959
-4621.657503
-4520.027657
-4403.399059
-4770.333421
-4640.481424
-4749.518771
-2549.329807
-2458.244286
-2425.934431
-2506.595486
-2488.526518
-2582.019069
-2304.100677
-2396.132094
-2424.977631
-7282.835878
-7863.33176
-8310.588808
-2037.221064
-2052.475926
-1991.276255
-2132.781243
-2100.29428
-2084.657064
4682.209881
-2691.800679
-2665.279411
-2713.3317
-2552.728616
-2605.662465
-2619.879398
-2572.832239
-2590.924087
-2539.461676
-7511.974283
-7915.939092
-8034.956513
-7610.118703
-7775.24432
-7367.616876
-8132.077454
-8182.886924
-7796.823419
-6809.528821
-7197.521019
-7422.3979
-6639.300884
-6939.887436
-6580.775954
-7962.691377
-7393.520561
-7062.595465
-6562.187143
-6694.637604
-6675.923646
-6925.974794
-6884.340057
-6735.075191
-4965.831251
-5032.728751
-5106.202188
-4896.170708
-4964.62828
-4900.423481
-5350.449422
-5286.21444
-5206.172989
-3285.318044
-3340.458582
-3374.560693
-3280.258558
-3309.042076
-3256.564061
-3408.603477
-3358.77709
-3331.922004
-3693.042579
-3726.26979
-3674.767859
-3832.725584
-3778.827272
-3745.841387
-3481.304689
-3511.169065
-3458.988666
-3622.104024
-3566.309768
-3534.546353
-3626.40024
-3596.06198
-3657.0898
-1795.097408
-1857.564736
-1874.171676
-1833.929911
-1844.673533
-1790.287065
-1936.992206
-1891.991674
-1882.232189
-6968.509945
-7163.071123
-7152.852988
-7163.886951
-7181.401318
-6967.947834
-7662.552698
-7417.78838
-7404.323918
-7423.774094
-7426.918502
-7689.698691
-5829.80709
-5927.196183
-5874.110917
-6263.064729
-6195.735166
-6089.828431
-4120.41982
-4158.869738
-4103.165973
-4292.090877
-4220.889145
-4181.137558
-3911.783393
-3952.342843
-3890.895067
-4048.025133
-4005.877089
-3964.477059
-2897.431244
-2838.459114
-2819.367946
-2962.646651
-2976.048505
-2943.013055
-2510.744022
-2036.967127
-1988.013922
-1873.322326
-1960.469086
-2270.961547
-1412.101313
-1667.267219
-1637.704675
-1724.433187
-1540.766186
-1498.577784
-1891.033093
-1893.698194
-2047.205197
-1595.72962
-1743.367379
-1761.427463
2516.24197
2931.301087
1874.444559
3709.580032
3448.325931
3038.413882
4509.8041
3957.135613
4117.928184
-4570.486376
-4578.084872
-6153.567579
-1680.963966
-2657.462591
-3277.009881
240.00315
-1407.617973
-674.5873502
-2186.327792
-2259.933799
-1823.140139
-3478.50352
-2770.730736
-2660.563637
-6790.297462
-6851.06156
-6584.393917
-7448.506834
-7132.56104
-7056.064499
-7266.393965
-7202.282302
-7514.671917
-1634.606145
-1638.62194
-1587.686721
-1736.255158
-1686.186504
-1683.523158
-1700.540511
-1692.377578
-1738.389471
-2141.973176
-2120.965653
-2212.486169
-1938.620231
-2029.655987
-2048.703774
-7647.458299
-7359.258312
-7319.511294
-7395.069828
-7382.850717
-7656.259469
-6874.180524
-7121.838737
-7147.933481
-1537.352674
-2277.804685
-2261.024258
-2308.839626
-2159.022121
-2210.542018
-2224.254955
-2186.598472
-2197.450925
-2148.094683
-5111.129162
-5425.191927
-5580.389541
-5987.366557
-5586.072085
-5355.18671
-2491.245324
-2443.854246
-2431.448728
-2482.120334
-2461.991382
-2507.917304
-2357.569323
-2409.706123
-2422.770949
-2532.481693
-3032.844275
-3049.783843
-2834.029736
-2964.953808
-2383.238018
-4403.033266
-3637.885612
-3680.115338
-3078.546836
-3102.236052
-3052.39245
-3204.014811
-3152.150015
-3130.170499
-3200.409636
-3177.300723
-3229.787757
-4339.435142
-4281.558413
-4237.989759
-4370.229443
-4327.408699
-4386.203566
-4212.144759
-4269.208774
-4311.677293
-3276.779785
-3959.131398
-3972.240087
-3576.061646
-3829.728362
-3064.077263
-5740.654751
-4720.873875
-4556.38284
111.2632127
9.023974724
9.955623659
-91.02771402
-186.8260092
-183.7499242
-276.2566304
-357.7864313
-353.240951
-431.0257151
-495.7989734
-491.14293
-552.2807753
-600.9664059
-596.8898619
-642.5864767
-678.0048664
-674.4469162
-707.0897135
-731.0244699
-728.4694452
139.6709747
84.57577039
84.39840334
-74.8004535
-127.085992
-122.703202
-271.1138378
-315.8796584
-308.7743155
-433.8112451
-468.6510354
-460.4936961
-558.2257257
-583.9356653
-576.4931206
-666.7192342
-702.140982
-687.3249811
-728.0342647
-748.8608094
-737.8426791
-765.7141553
-778.7571189
-771.5185269
143.7700921
80.34097135
81.87854091
-105.9603266
-164.3390527
-151.8675388
-323.0984848
-369.5911242
-351.8838671
-490.3285687
-524.4796855
-507.0550376
-610.3912416
-633.7091648
-618.3304391
-722.8657126
-746.987518
-722.0801134
-766.3926222
-781.4517054
-763.5441154
-793.1501193
-801.4557857
-789.6695526
158.4933682
74.78233655
75.99599513
-167.4488998
-240.5591185
-216.6779008
-426.141781
-476.1678863
-443.3441809
-594.6166894
-625.1522154
-594.8284605
-698.2740852
-717.282234
-692.8108067
-802.7618242
-810.5460113
-776.6447812
-819.3793376
-825.9166624
-802.3491193
-830.4093826
-833.2405564
-816.9489737
196.8031984
68.2967496
70.83876162
-292.4773307
-392.5345995
-342.9920604
-616.0226846
-667.1640717
-608.1484371
-770.7160542
-791.2691299
-743.2984923
-828.5448609
-836.1129371
-802.930021
-904.425876
-887.0851551
-847.3637242
-883.1401107
-878.4800249
-851.5377606
-873.3240922
-868.8004413
-850.6406745
267.1052075
13.97109565
41.04798892
-616.0549158
-750.9332066
-628.1046756
-977.7036097
-1008.688195
-906.6221427
-1033.698177
-1027.399683
-961.4269169
-999.0136047
-988.5123766
-947.7579112
-1017.085505
-970.7986558
-928.6715474
-950.7412246
-932.3181283
-905.7555951
-916.1504898
-902.7873565
-886.0679285
474.7322326
130.4483806
170.5962766
-1592.74539
-1540.45733
-1389.93453
-1375.996235
-1324.811253
-1247.024717
-1193.593165
-1157.839155
-1115.853739
-1123.36613
-1049.483007
-1012.151103
-1010.994381
-978.7824422
-957.0385366
-952.3853085
-930.863509
-916.427351
-3474.853163
-3243.994878
-2993.491235
-2345.417363
-2150.850836
-2011.424896
-1717.119996
-1609.666283
-1546.31446
-1365.132074
-1304.143987
-1272.272188
-1196.923053
-1103.055705
-1080.263721
-1050.939558
-1008.232715
-996.2000577
-973.4587503
-945.9473976
-938.5974631
-4569.760853
-4244.367437
-4222.128085
-2710.252666
-2457.247147
-2424.253859
-1897.657663
-1761.83945
-1741.697102
-1457.312506
-1382.404568
-1371.447317
-1213.98036
-1118.837857
-1116.348806
-1060.329996
-1012.548815
-1013.857579
-973.6998983
-942.9936973
-945.0011363
-3973.645044
-3763.470237
-3867.792611
-2525.854874
-2320.214881
-2388.875326
-1839.499947
-1717.395044
-1744.500926
-1435.255818
-1364.040689
-1374.865152
-1172.394045
-1090.548745
-1109.990904
-1034.635875
-988.5981541
-1004.074519
-950.495379
-920.2659451
-932.359467
-2876.948085
-2775.589424
-2904.451248
-2029.491477
-1907.408739
-2024.991832
-1600.901683
-1517.375057
-1576.832334
-1314.016831
-1260.189518
-1291.945685
-1080.756805
-1023.168731
-1061.100648
-977.0612767
-938.3551604
-966.4687514
-905.5464628
-879.1757771
-900.3402581
-1808.363604
-1788.360596
-1903.341732
-1455.915993
-1413.016804
-1536.159165
-1286.115586
-1246.069451
-1316.370526
-1137.318077
-1105.462871
-1146.95338
-978.4531591
-905.2496048
-852.0230546
794.132318
-4174.157121
-4097.032813
-4437.071801
-3962.879252
-4047.102296
-4302.584131
-3032.961897
-3160.971026
-3297.290011
-1656.168364
-1661.966127
-1575.989433
-6578.501047
-6578.783939
-6754.511088
-6176.893145
-6048.73555
-6089.374511
-5381.951027
-5429.187343
-5522.559947
-6699.514292
-6545.355573
-6552.707054
-6127.48596
-6163.038111
-6298.376815
-3611.007141
-3706.949251
-3780.046489
-5357.564462
-5274.351957
-5323.340799
-1493.395239
-2032.399139
-2146.218217
-2197.341673
-4717.071092
-4451.523791
-4094.91974
-2744.601842
-2704.604087
-2791.954632
-2209.09823
-2286.161018
-2310.167069
-3485.978278
-3422.562342
-3516.047261
-2879.607846
-2968.072839
-3015.690745
1378.338574
1512.582481
1126.000592
689.4808761
199.8198558
245.1434556
-6178.082765
-5834.264457
-5366.124745
-5780.00917
-5820.969343
-5927.509704
-5780.848675
-5685.845224
-5726.687351
-6393.385151
-6413.182796
-6556.823005
-6460.80824
-6332.8741
-6354.166842
-4114.69351
-4060.219338
-4020.854479
-2994.629947
-2973.04836
-3025.225903
-2684.753517
-2730.584973
-2748.334301
-6575.355311
-6541.709646
-6776.10566
-6778.320054
-6604.870682
-6582.134938
-4938.755362
-4991.444869
-5067.752228
-4889.532775
-4823.841656
-4877.39734
-2603.683267
-2589.689897
-2634.554956
-2730.533599
-2461.389951
-2547.234051
-2056.387281
-2043.584773
-2121.372013
-1704.49082
-1725.41561
-1585.804805
-1918.321539
-2288.95053
-2283.22878
-3722.996931
-3343.872318
-3438.675007
-1990.861693
-2009.503395
-1921.456812
-5026.058093
-5239.984175
-4938.380555
-4886.574857
-4452.696887
-4484.004924
195.9512714
192.6472545
83.41937734
84.72452308
139.8323073
-26.04212225
28.35841421
25.24550025
33.49561336
31.4735
-22.97516056
-141.3427178
-132.7934875
-80.72399481
-232.9805389
-184.4486046
-194.143843
-170.9978393
-176.3819382
-225.364095
-336.9844496
-324.7672561
-280.5662473
-406.9740982
-367.699279
-380.1164857
-350.2258746
-357.3743018
-397.2161069
-491.8463303
-478.7268573
-444.6559096
-540.4676525
-511.2411804
-524.0671027
-493.24109
-500.6015354
-530.7226091
-604.7523279
-593.0367823
-568.2481956
-637.2147442
-616.4663898
-627.5702053
-601.0149539
-607.3076625
-628.9535192
212.8500952
207.0193546
77.34397863
78.81164903
146.0160539
-53.92703298
11.78251555
5.884663627
21.46609511
16.96719007
-45.19079479
-196.3677075
-179.059333
-117.8524405
-292.0085292
-237.319527
-257.3282914
-206.0225445
-220.3298741
-273.183115
-414.9492332
-390.493892
-343.1709516
-474.3223644
-434.2406987
-459.0163941
-395.0828893
-413.0243463
-453.1108904
-568.0933956
-544.7000848
-511.1348025
-603.3387002
-575.4645627
-597.8188869
-538.9516074
-555.9722031
-584.4682033
-670.6621673
-651.0884596
-628.5497262
-689.7939932
-671.464671
-690.1413466
-640.3785616
-654.9348704
-673.9920495
255.4402005
241.0781462
72.43616811
73.64749765
165.3098508
-106.0647556
-17.51502567
-28.33463752
-0.8180814318
-8.511811132
-89.69506021
-302.4518924
-268.7949069
-190.3014502
-405.5231838
-340.707325
-379.0177911
-280.7966343
-308.3214893
-370.2061985
-557.684965
-514.0318095
-463.233902
-597.0015344
-558.4239864
-601.6778282
-487.679253
-520.6441533
-559.9412351
-699.052468
-659.5502835
-630.4970801
-707.6087355
-685.1143874
-722.1494338
-623.3216355
-652.2669368
-676.5627569
-772.130738
-743.6750807
-727.1246086
-770.1765801
-757.8972095
-783.9999995
-710.9703504
-733.6314751
-747.7962412
354.1855796
321.5586244
55.76495165
63.84373509
211.5370598
-219.9178879
-82.08474168
-114.2586791
-41.76426563
-59.02899077
-180.4912044
-531.5216047
-454.1954619
-344.965614
-623.8539565
-547.0016936
-628.8015176
-424.7009213
-479.8192166
-554.0963743
-815.7120028
-736.1443178
-686.1238803
-805.7631514
-775.6142627
-850.4543991
-651.4104339
-709.1685684
-743.3730933
-899.8050044
-843.1930986
-827.6907775
-862.1561861
-854.2023736
-905.4745628
-762.9178425
-806.7749503
-818.9788187
-909.0569733
-871.5383653
-867.7346807
-875.910077
-874.1199625
-907.7405376
-812.1141156
-842.2109156
-847.254909
583.6460019
505.5267893
-252.8521953
-33.26136461
286.2220617
-580.2738485
-333.0032758
-493.0423836
-160.8211853
-229.7316519
-442.450114
-1111.455222
-909.6071801
-770.5796944
-1069.869945
-1006.661377
-1192.632722
-728.5754628
-852.5270077
-926.7820216
-1251.60252
-1122.673561
-1105.825114
-1122.858078
-1128.007518
-1238.496998
-933.3604791
-1025.062967
-1031.722989
-1170.474462
-1096.830918
-1111.564139
-1063.547506
-1080.50319
-1144.929999
-961.5883369
-1019.111069
-1009.425066
-1073.213088
-1030.565092
-1046.779252
-1001.418167
-1015.379592
-1052.635122
-942.2662459
-978.4040005
-968.9554963
-75.99999655
58.80615459
496.1606671
-699.0637181
-354.2165079
-582.0641414
-106.2493732
-207.4718694
-503.4843959
-1858.433031
-1698.877528
-1784.853513
-1539.251871
-1616.603833
-1746.957742
-1357.774651
-1485.25533
-1429.876282
-1476.339198
-1401.85706
-1467.533283
-1288.784486
-1342.345112
-1404.923738
-1210.803782
-1277.125777
-1233.335232
-1236.740885
-1198.416699
-1240.931703
-1127.712596
-1160.812457
-1193.69511
-1089.641539
-1125.909751
-1097.624902
-3675.739693
-3472.596064
-3742.723706
-3043.658749
-3243.469036
-3423.748439
-2361.413352
-2269.222756
-2491.005954
-1920.933787
-2081.237043
-2157.799103
-1871.220565
-1984.369663
-1841.036062
-1709.572339
-1665.109253
-1783.462339
-1474.75274
-1563.002884
-1600.356909
-1463.486101
-1516.421559
-1435.446981
-1354.890932
-1332.346628
-1398.405572
-1225.742613
-1275.189769
-1294.307798
-1224.150354
-1251.518882
-1205.694806
-4219.3971
-4242.569947
-4556.453119
-3700.964493
-3958.57201
-3947.108565
-3925.932836
-3955.54967
-3703.822797
-2436.255454
-2458.627642
-2708.515363
-2062.306717
-2245.67819
-2230.068006
-2211.137637
-2240.831444
-2056.031523
-1759.859914
-1768.332316
-1904.228583
-1549.795071
-1651.094896
-1642.762722
-1627.537223
-1644.967927
-1544.172505
-1382.382559
-1386.995534
-1462.372966
-1265.148797
-1321.743359
-1317.834538
-1308.41554
-1317.72044
-1261.824268
-3533.881715
-3651.596758
-3845.53546
-3295.832738
-3469.156728
-3365.606191
-3656.506471
-3567.917073
-3391.854305
-2134.786083
-2234.191574
-2420.090524
-1921.605364
-2068.89138
-1986.762539
-2193.526538
-2138.990892
-1979.368275
-1630.843655
-1678.068535
-1791.760737
-1490.256011
-1578.092486
-1538.076089
-1631.873381
-1610.495316
-1516.949204
-1320.607936
-1345.423493
-1413.15916
-1233.962187
-1286.02857
-1264.712293
-1311.548022
-1302.034791
-1248.022336
-2519.38343
-2647.304297
-2738.175203
-1661.086114
-1785.266116
-1886.441315
-1604.477613
-1691.319294
-1585.040749
-1894.971802
-1795.465526
-1693.231497
-1385.270271
-1452.307489
-1524.923843
-1327.081894
-1386.437068
-1328.680965
-1492.351878
-1442.083514
-1374.557354
-1186.727438
-1225.071282
-1273.453077
-1142.478148
-1181.553847
-1147.82755
-1239.925293
-1212.256547
-1169.559993
-1476.901674
-1370.039163
-1327.596108
-1269.129431
-1207.839224
-1171.473191
-1112.6632
-1075.824367
-1048.385274
-5458.709859
-5213.499121
-5154.941642
-5265.25234
-5230.061653
-5482.927183
-4949.8551
-4799.566829
-4849.484323
-4656.393364
-4720.300954
-4874.520349
-5502.269379
-5277.867518
-5261.819945
-5258.587213
-5258.556937
-5487.274563
-3581.903271
-3511.407101
-3590.074189
-4635.563892
-4505.875826
-4574.249973
-4346.548203
-4419.972154
-4551.172307
902.7564804
-749.4113977
-959.5691479
-791.0222566
-1462.363079
-1176.605447
-974.0628313
-1436.028863
-1327.884954
-1599.034247
-3539.590042
-3801.268269
-3878.891573
-3573.263341
-3703.675029
-3461.016572
-4323.084392
-3988.960665
-3848.313304
-3587.940893
-3809.92904
-3739.284298
-3914.93139
-3870.945581
-3648.893274
-4394.476477
-4118.718728
-4176.882584
-2903.906827
-3030.706447
-2914.21949
-3256.799068
-3145.116056
-3013.946806
-3437.178276
-3287.439676
-3412.243649
-3710.960082
-3677.975478
-3728.833099
-3575.413831
-3625.206461
-3659.069438
-1834.111901
-1747.054859
-1741.223176
-1771.929813
-1759.006266
-1848.138635
-1582.491815
-1670.501414
-1680.404012
-5211.497376
-4959.32985
-4843.447383
-5113.654733
-5028.473059
-5293.106314
-6766.095827
-6598.206045
-6591.907777
-5209.576084
-5027.387525
-5077.192386
-4911.264282
-4971.691683
-5149.260638
-5959.776771
-6005.661492
-6131.143266
-5779.293016
-5889.331576
-5844.976318
-5966.885186
-5929.85167
-5822.456529
-5576.325593
-5486.654927
-5532.012145
-6502.053203
-6514.481146
-6673.381597
-5921.105146
-6038.447836
-6003.758447
-6101.071348
-6075.099873
-5953.875599
-6332.713918
-6197.239445
-6232.588566
-5399.516294
-5188.73973
-5226.71941
-5119.04884
-5153.868243
-5359.169243
-3924.369342
-3887.831003
-3937.824887
-3782.677829
-3833.925052
-3872.170955
-3932.388834
-3845.136945
-3924.425181
-3677.256782
-3756.55271
-3843.964144
-3564.977536
-3635.463288
-3543.045952
-3823.729236
-3729.000592
-3655.052128
-3881.333085
-3804.05369
-3902.67669
-5164.406706
-5214.780267
-5300.840736
-4649.89362
-4598.188863
-4648.288106
-4289.395537
-4181.628818
-4258.143196
-4013.829277
-4092.236267
-4200.284714
-1495.41038
-2330.050439
-2266.179795
-2392.556589
-2072.135748
-2065.471248
-2110.730939
-1967.001057
-2014.510061
-2024.020019
-5088.594364
-4785.295847
-5101.656996
-4277.013592
-4513.490434
-4790.006999
-3909.706149
-4223.154557
-4026.889203
-4682.405566
-4445.705068
-4269.354056
-4739.237667
-4586.255467
-4830.523553
-2542.117142
-2621.264853
-2656.281723
-2751.83198
-2666.010479
-2636.328814
-2395.671947
-2373.877972
-2452.884812
-3238.239616
-3330.108663
-3390.006057
-3214.856201
-3272.696677
-3183.372117
-3451.634379
-3361.464762
-3304.597277
-2876.780694
-2922.689257
-2836.599849
-3096.158906
-3008.620331
-2962.788265
-3107.938515
-3057.296078
-3147.372229
1784.152427
1597.946818
2276.169179
2001.644677
1238.577451
1683.56784
1926.787891
-934.0534197
-1188.939059
-992.5117689
-1894.166979
-1488.82975
-1220.651938
-1908.570924
-1702.172064
-2091.436146
-118.5396661
96.09757198
687.289578
-876.505327
-437.4370502
-776.6515179
-111.9047395
-226.1337441
-631.3341031
-7010.423007
-6704.914356
-6525.939259
-6966.487323
-6827.016433
-7150.855109
-6685.196212
-6266.592243
-6692.842939
-5673.118008
-5954.31846
-6322.799036
-6361.382426
-6160.741464
-6491.471306
-3503.687259
-3474.200371
-3523.406259
-3375.441032
-3422.552396
-3452.361149
-1873.509525
-1868.55542
-1916.286134
-1770.982548
-1819.290773
-1825.580042
-5979.663267
-5875.561805
-5913.266336
-5588.096547
-5631.417896
-5730.973816
-6589.501903
-6450.626919
-6467.387037
-6272.035338
-6293.640436
-6428.340115
-4141.848656
-4100.578175
-4156.485076
-3990.085763
-4044.892793
-4084.286429
-3966.771675
-4006.620882
-3952.754877
-2878.595976
-2924.203373
-2944.319416
-3002.454613
-2951.906706
-2934.361963
-2798.550506
-2781.629846
-2828.114369
2714.799436
2447.722861
2743.351411
1474.539954
2071.965485
2254.880676
2931.240491
4095.046561
3790.631554
-2455.838239
-2028.273376
-1636.730684
-265.5365349
-34.13471986
782.9499409
-1289.756682
-649.7176398
-1050.256183
-6606.739395
-6595.744648
-6779.040473
-5126.732137
-5052.332034
-5104.033903
-4708.74794
-4762.520793
-4829.971695
-2494.824621
-2539.603263
-2555.353991
-2257.240568
-2213.739697
-1984.228586
-1883.242458
-1959.489477
-1973.65809
-3039.594346
-3003.497441
-2706.851499
-750.469579
-765.7983044
-765.666946
-648.4152982
-665.4570138
-661.2911338
-691.2507452
-706.2703677
-695.0114872
-759.972511
-769.7720037
-753.0046067
-851.5748662
-854.2285517
-831.4839176
-960.3209477
-953.0475721
-927.7492003
-1072.619257
-1051.30472
-1026.103478
-1166.036127
-1132.270738
-1112.508386
-1213.705229
-1172.91377
-1164.6092
-1200.815298
-1160.148851
-1166.304122
-1131.558578
-1098.516175
-1116.137864
-1022.893344
-1000.053299
-1025.733337
-923.6864254
-1105.955364
-1219.065175
-4896.342734
-4854.114554
-4695.466594
-4784.893058
-4961.226438
-4933.039162
595.770353
187.5357168
188.3575163
412.3920477
-1768.825798
-1578.561374
-1515.329653
-2833.14702
-3049.521355
-2883.934483
-2473.640035
-2560.211661
-2441.401649
-2796.825665
-2678.201387
-2586.932575
-1550.189836
-1664.089676
-1683.268694
-3353.535792
-3426.402053
-3496.191206
-4644.580679
-4803.651625
-4745.262165
-5033.522533
-4999.02242
-4809.980837
-2323.949341
-2203.859777
-2154.458239
-2322.015698
-2394.325237
-2618.435886
-3214.669178
-3270.142982
-3595.773421
-682.7510425
-674.5078247
-656.7804006
-735.6831359
-721.3368147
-706.2558755
-808.2447991
-789.4028705
-780.564395
-902.80885
-877.9445186
-877.2594142
-1002.855247
-978.1142732
-988.5320283
-1095.493884
-1071.89616
-1098.317349
-1158.782884
-1144.31603
-1182.680788
-1173.398254
-1172.235355
-1215.981679
-1135.258878
-1147.167153
-1188.266437
-1052.683315
-1075.029195
-1107.365899
-213.2179508
-1.994287138
-36.78945943
-9546.372316
-9806.35659
-10112.68476
-3577.051059
-3587.317456
-3595.211443
-1964.228314
-1977.41783
-1984.274753
-9402.128182
-9789.568312
-10070.26409
-9917.951214
-10480.25426
-13368.04223
-7656.733395
-7777.865782
-7838.576419
-7588.186189
-7695.012796
-7748.678416
-7435.347768
-7543.151222
-7609.903811
-5923.26932
-5964.571422
-6000.004783
-6099.767117
-6144.072638
-6181.044205
-5852.393128
-5886.607924
-5910.494004
-5658.68692
-5683.419125
-5705.218059
-3773.477708
-3772.712055
-3779.451659
-3720.700673
-3730.269642
-3738.577207
-2753.501517
-2751.765611
-2756.312324
-1823.114017
-1832.139634
-1838.230554
-7748.130159
-7847.219923
-7886.780559
-8031.844693
-8184.923137
-8241.948933
-7853.151041
-7979.711509
-8034.990302
-8097.819839
-8260.234733
-8320.155645
-7194.1259
-7274.013776
-7322.755955
-7366.775482
-7455.383183
-7506.446015
-7139.910479
-7221.188639
-7275.057834
-6321.372712
-6385.345885
-6436.560014
-6161.367095
-6221.323584
-6273.539875
-6359.504643
-6409.394834
-6440.196989
-5606.11278
-5635.970524
-5661.653129
-5438.682869
-5481.128283
-5510.524185
-5091.055403
-5123.457901
-5152.381093
-5385.696722
-5448.632265
-5501.835813
-5151.524084
-5182.362213
-5208.485416
-2792.179309
-2803.284499
-2810.535448
-1665.360419
-1667.890788
-1672.552781
-9722.757269
-10024.54367
-10434.36536
-3621.964565
-3638.257248
-3650.852797
-1931.722725
-1935.139418
-1944.833145
-4436.774352
-4453.370199
-4462.9902
-3522.479379
-3535.104481
-3541.292164
-3497.028118
-3505.735635
-3513.904741
5142.485717
5241.630317
5314.388489
-1758.336448
-1772.278273
-1780.789272
-1715.025512
-1714.681575
-1720.945439
-7706.144182
-7844.184232
-7918.245008
-7711.623298
-7835.544266
-7895.329862
-7534.347517
-7642.143247
-7700.585801
-7483.695943
-7586.298083
-7642.766874
-5988.513341
-6046.811272
-6098.710327
-6033.846618
-6071.792869
-6097.337573
-5801.844525
-5855.536976
-5902.795241
-5733.624687
-5772.974146
-5808.182649
-10377.87886
-10618.11629
-12525.68558
-9840.415253
-10222.72372
-11055.85517
-9985.532016
-10282.46736
-10927.38482
-3670.800787
-3691.024267
-3705.85906
-2709.978642
-2718.690547
-2726.555022
-2601.848438
-2615.106364
-2623.117704
-2664.17795
-2681.105261
-2694.44561
3463.896822
3434.918161
3193.089122
3277.212973
-1881.24898
-1885.942464
-1892.528797
-7976.17644
-8125.198777
-8185.374565
-7939.085156
-8108.408146
-8194.951868
-8168.35201
-8363.559613
-8442.162771
-7248.838571
-7334.983666
-7389.392159
-7299.327556
-7378.679151
-7424.296955
-7075.969326
-7143.529167
-7185.285401
-7025.717376
-7094.187348
-7138.882016
-6270.244027
-6323.034032
-6365.698356
-6207.293803
-6250.138432
-6278.738858
-6414.108179
-6464.750595
-6502.949116
-6466.402628
-6509.047039
-6544.621649
-5493.224172
-5518.120875
-5540.460442
-5025.344651
-5047.779306
-5068.077836
-5300.8846
-5336.340262
-5366.241184
-5214.576706
-5235.497399
-5252.803523
-3339.114505
-3352.852028
-3364.751864
-3402.331944
-3428.968162
-3451.429623
-3461.534738
-3487.672126
-3510.209298
-2414.384441
-2428.302728
-2437.011264
-2373.010642
-2371.265556
-2375.675917
4172.073194
4162.221592
4116.153769
1524.554862
975.1130812
-173.4117004
-1525.458455
-2587.504801
-5516.404128
-2025.453544
-2035.491277
-2042.496358
-3985.888701
-4006.759755
-4017.814447
-3952.003473
-3984.480052
-4008.305825
-8688.48182
-8948.550893
-9048.477823
-4343.388656
-4363.042699
-4379.908278
-4399.11481
-4415.268814
-4433.752501
4648.155692
4688.272016
4701.123953
4954.096759
5023.651647
5071.614087
-2223.366917
-2234.614463
-2243.253229
-1594.115723
-1602.6519
-1607.345174
-1553.345201
-1550.731237
-1554.242171
-6784.361518
-6842.152812
-6879.390182
-6970.661807
-7034.258594
-7072.813716
-6929.110686
-7014.74711
-7080.53591
-6750.794607
-6822.53351
-6872.133203
-6525.867244
-6576.518668
-6614.243795
-6595.263534
-6656.095202
-6707.198463
-2984.191085
-2982.757219
-2987.064012
4447.516177
4459.613693
4452.456708
3769.59067
3728.499297
-2159.349375
-2168.202904
-2173.092635
-4145.396305
-4174.904389
-4195.983812
3633.6007
3609.848798
-9105.908415
-9427.609572
-9599.523694
-8990.856719
-9303.755971
-9454.108493
-5548.239949
-5586.665357
-5615.778255
-4187.26948
-4204.640159
-4214.148615
-3184.817494
-3196.475352
-3206.313846
-2944.511932
-2953.410067
-2960.005827
-3132.040658
-3151.906689
-3167.612347
5221.385458
5316.008209
5429.630963
-2478.513787
-2497.362964
-2512.47185
-2327.936437
-2335.104175
-2342.688718
-2078.528542
-2083.897556
-2090.869358
-9851.101109
-10338.33487
-10887.34397
-4035.123829
-4044.528235
-4051.855705
-3909.857849
-3939.333201
-3965.054219
-3830.783113
-3845.450955
-3856.618143
-9340.405584
-9693.207778
-9932.265832
-8784.026485
-9052.871746
-9157.613145
-8626.041522
-8892.98391
-8996.888671
-8572.43499
-8819.621839
-8916.396115
-4893.708357
-4921.58486
-4952.450678
-4942.339902
-4964.132204
-4978.30806
-4275.076947
-4291.03423
-4302.021675
-4820.122129
-4845.18219
-4867.188055
-4734.899589
-4753.668996
-4767.732052
-7996.470821
-9088.835812
-13386.99848
-2565.670347
-2564.377696
-2568.968773
-2523.196167
-2532.066255
-2539.476719
-2274.325828
-2290.363733
-2303.331152
-6829.51015
-6882.547173
-6918.68287
-6882.846192
-6944.922112
-6988.808299
-6715.092618
-6795.615396
-6859.526375
-6649.089553
-6706.938179
-6747.751123
3922.359844
3929.193966
3896.077453
4171.208698
4168.010785
4140.246989
-2124.561361
-2124.467614
-2130.810001
-10294.96689
-10271.86993
-11432.40362
-4093.83032
-4100.042655
-4110.971532
-9229.0607
-9535.509592
-9719.491105
-8886.318954
-9168.342801
-9289.473511
-8383.98893
-8588.858363
-8659.418467
-8482.554709
-8710.571701
-8796.326783
-8319.023407
-8512.094955
-8581.698048
-8265.428163
-8461.91775
-8545.925862
-4222.908499
-4236.831242
-4245.603952
-4621.349727
-4647.108029
-4667.872059
-4669.218756
-4687.8964
-4700.283733
-4564.443566
-4585.074112
-4602.467301
-4506.261032
-4520.560952
-4532.491268
-3228.981091
-3228.987441
-3235.156845
-3266.306183
-3274.32154
-3280.317681
-2856.061811
-2874.833507
-2889.974866
-2899.63227
-2920.316451
-2935.02685
-3079.869075
-3092.654681
-3102.634259
-3016.004463
-3024.315404
-3029.444223
-4757.681603
-5775.130656
-9901.239039
)
;

boundaryField
{
    topAndBottom
    {
        type            slip;
    }
    inlet
    {
        type            zeroGradient;
    }
    outlet
    {
        type            fixedValue;
        value           nonuniform List<scalar> 0();
    }
    wing
    {
        type            zeroGradient;
    }
    front
    {
        type            empty;
    }
    back
    {
        type            empty;
    }
    procBoundary2to0
    {
        type            processor;
        value           nonuniform List<scalar> 
58
(
211.6375695
933.0497302
2811.232376
4368.003444
4379.890094
4230.696262
4195.502791
4443.000627
3910.138462
4195.502791
255.1579319
213.0878871
243.7937341
289.5988677
261.3834141
367.8405651
303.6550511
544.4944151
399.4063774
839.9772816
618.1998197
1452.678545
1788.038314
2469.857012
3283.48454
3037.068855
4234.598639
3527.025265
4446.069255
213.0878871
1061.729221
250.0479364
246.7155554
278.1740527
268.911818
342.0208183
320.9027861
485.6035589
438.0650543
835.0223859
767.983881
712.3837591
1229.640379
1452.678545
1976.204897
2194.736289
3037.068855
4022.700566
3772.083888
767.983881
3057.789675
3465.908729
3313.627836
3211.43434
3313.627836
3769.261578
3769.261578
3630.67274
)
;
    }
    procBoundary2to3
    {
        type            processor;
        value           nonuniform List<scalar> 
51
(
-896.3781192
-843.4983973
-753.3505931
-824.4470899
-735.350989
-723.2445744
-717.3772376
-1499.976346
-1452.041144
-1409.757985
-1494.050542
-1410.218848
-1452.041144
-1447.340269
-1509.230283
-1485.660584
-1508.117016
-1443.029722
-1377.386836
-1409.539481
-1489.860901
-1410.993429
-1485.660584
-1342.187543
-1363.066664
-1451.180556
-1486.980614
-1319.181653
-1293.408759
-1206.157729
-1175.795122
-1089.291832
-1062.815471
-928.6825632
-868.1552952
-824.4470899
-1409.080773
-1449.845722
-1236.307978
-1265.53065
-1117.113081
-1146.092591
-1014.243307
-1037.774089
-1409.142153
-992.2232701
-970.8991024
-1437.734095
-1509.646357
-1513.015917
-1517.331764
)
;
    }
}


// ************************************************************************* //
