/*--------------------------------*- C++ -*----------------------------------*\
| =========                 |                                                 |
| \\      /  F ield         | OpenFOAM: The Open Source CFD Toolbox           |
|  \\    /   O peration     | Version:  v2012                                 |
|   \\  /    A nd           | Website:  www.openfoam.com                      |
|    \\/     M anipulation  |                                                 |
\*---------------------------------------------------------------------------*/
FoamFile
{
    version     2.0;
    format      ascii;
    class       volScalarField;
    location    "1.47";
    object      k;
}
// * * * * * * * * * * * * * * * * * * * * * * * * * * * * * * * * * * * * * //

dimensions      [0 2 -2 0 0 0 0];


internalField   nonuniform List<scalar> 
3259
(
34.97253991
35.00102841
35.07575055
35.23923012
35.47826166
35.95787288
36.62839083
37.36610977
38.36335653
39.79356655
42.4780771
45.58884597
34.865972
34.89958779
34.9873136
35.17258478
35.4502598
35.98699056
36.72402418
37.50260434
38.56208763
40.10533615
43.0554106
44.11640134
34.76734814
34.80577811
34.90519733
35.11042499
35.41286114
35.99210366
36.78624637
37.64353157
38.80366875
40.45244343
43.42654408
40.39055217
34.67216817
34.71500521
34.82453405
35.0478247
35.37302636
35.98624247
36.83312289
37.79897852
39.13362355
40.97904066
43.84930831
34.78772577
34.57870117
34.62537753
34.74303976
34.98139298
35.32616975
35.96335187
36.8481168
37.91397032
39.50748569
41.65956556
43.4702449
27.28239725
34.48239649
34.53234578
34.65655891
34.90757601
35.26887881
35.92215632
36.83475871
37.93398655
39.726423
42.07929004
40.69273749
31.45250524
34.38388371
34.43648776
34.5655414
34.82597554
35.19955479
35.8622626
36.78973532
37.90791753
39.70087129
41.85049355
35.47282423
40.57754738
34.2789995
34.3337278
34.46659959
34.73465725
35.11802685
35.78513238
36.719611
37.84587736
39.60956385
41.35763145
33.12965546
40.91019403
34.1713487
34.22767201
34.36312737
34.63587739
35.0250136
35.69307993
36.62925551
37.75660828
39.47051891
40.81673742
31.28166714
39.98902415
34.05600308
34.11355402
34.25120092
34.52800023
34.92193311
35.58864692
36.52312956
37.64646528
39.2935791
40.24425478
29.70685373
38.95739008
33.93987255
33.99828631
34.13724217
34.41551434
34.81034452
35.47428047
36.40494265
37.52026013
39.08656639
39.66060086
28.38695517
37.89186671
33.81535886
33.87446048
34.01483543
34.29526822
34.69204173
35.35219394
36.2777044
37.38166294
38.85530039
39.08323134
27.30014195
36.82979167
33.69365162
33.75320524
33.89424179
34.17418122
34.56844621
35.2243592
36.14390529
37.23324789
38.6036643
38.52100462
26.42084746
35.78976249
33.56200903
33.62198095
33.76414122
34.04561857
34.44109044
35.09241919
36.00543334
37.07658956
38.33670147
37.97871252
25.71782311
34.7799696
33.43825049
33.49847364
33.64095118
33.92061481
34.31084287
34.95767038
35.86361278
36.91266007
38.05922243
37.45876263
25.16255741
33.79429611
33.30090561
33.36143281
33.50493412
33.78628239
34.17892488
34.82108261
35.71928438
36.74224995
37.77485762
36.9619841
24.73071758
32.83905403
33.17868766
33.23937979
33.38299389
33.66143065
34.04559302
34.68338759
35.57300282
36.56623991
37.48731258
36.48874405
24.40180079
31.91761015
33.0357513
33.09670906
33.24128224
33.52197317
33.91201999
34.5451543
35.42514939
36.38561831
37.19968506
36.03874069
24.15365919
31.03161258
32.91894283
32.98003277
33.12462588
33.40147708
33.77784171
34.40681105
35.2760341
36.20141013
36.91405556
35.61092216
23.96880838
30.18145074
32.7688109
32.8301669
32.9755989
33.25524467
33.64456335
34.26874288
35.12599636
36.01456825
36.63184166
35.2037621
23.83284856
29.36859323
32.66221155
32.72368542
32.8691923
33.14476555
33.5110602
34.1312931
34.9754506
35.82593323
36.35330701
34.81584187
23.73331924
28.59418004
32.50109629
32.56286105
32.70900542
32.98666085
33.37997459
33.99508907
34.82496161
35.63630858
36.0790008
34.44605646
23.65983723
27.85883664
32.41093179
32.47283011
32.61921213
32.89525416
33.24967909
33.86130883
34.67603416
35.44634728
35.80934804
34.09345101
23.60313168
27.16361191
32.2049768
32.26726705
32.41438335
32.69164706
33.12691527
33.73301915
34.53362389
35.25715155
35.54606515
33.7599583
23.55667515
26.51055898
45.62558289
44.63224976
42.36309258
45.6586502
42.9525124
45.17675534
45.62528844
45.27883417
33.01853926
36.11540488
43.09016519
36.27871772
33.78594504
40.36094489
32.95673446
45.23094459
32.14514774
82.79661613
33.68739515
32.16831985
55.60980257
35.09213267
43.12929555
42.61493573
43.78710402
43.31559
35.23013385
38.1954438
44.38392651
43.94248938
44.52231849
38.35752482
36.36045318
36.20404842
42.41729573
41.92790747
32.42276518
32.91741463
41.67650432
44.38066503
33.21736255
80.55554514
45.46296921
71.11188573
33.14211581
51.43948676
41.66780311
43.33979418
44.62477791
45.06644172
43.5674084
35.9353302
42.06174256
33.52008292
39.39575228
38.94952826
75.41728108
55.70733461
36.85119625
34.89604052
38.32213367
40.51495316
39.65040235
38.80460103
38.38180562
32.800595
41.36340309
32.06624137
96.22978458
43.86981675
41.61411805
45.38396239
33.50277271
32.30273386
40.02513406
39.52828846
34.02712834
35.61254537
40.57794181
40.16501102
36.71954051
35.56590008
32.73462324
38.18196893
37.45922356
81.16914212
87.1084283
32.01081403
91.14440152
73.33700003
42.40602338
33.43377302
79.9856087
51.38369698
89.85411455
54.75922071
32.43859809
41.10380466
40.70779527
35.73475044
37.1827363
41.65080226
41.23415424
32.61113764
32.65792572
33.95395935
32.11583125
33.62188119
32.54506393
32.58016075
32.19863297
42.17121654
41.78423479
37.54107312
38.78823507
42.63623965
42.28689534
34.13129578
34.19713118
36.47225305
36.07776534
33.944257
34.03465602
32.42508314
33.85852983
32.97145657
109.7682992
32.33178305
42.13332037
68.14284746
60.75590459
32.24185109
32.278853
33.29105372
78.50999712
84.88772263
82.02255302
64.53480018
33.02641129
32.16614834
32.20103399
44.84987624
33.04047551
32.98439637
32.60488355
34.28653607
32.71962281
32.86336476
35.40583301
34.30735648
39.05285288
32.86166321
34.84031961
34.7078739
32.08028568
95.20258463
96.19548639
63.94762284
88.43758178
79.04873503
32.44308046
32.50306355
33.56867622
32.24579384
32.81748532
32.76228921
32.92321421
32.88110727
33.45904915
33.77798859
35.81645681
32.55290628
32.52681492
32.69343332
32.63550029
34.57919497
34.33534344
32.5741348
79.36682164
102.0799842
105.6796518
102.2089601
102.3145867
83.70289129
32.13413283
83.20228568
63.67976632
67.70792762
33.35764406
32.31807737
32.38208328
79.63877246
87.24072349
85.61538202
72.35671447
78.35105398
91.68146728
88.06098812
59.45232853
83.81214066
74.52393658
32.31445832
32.13520546
32.76500117
37.34102962
38.05224104
38.3182095
39.30175363
39.7225919
41.49267755
37.4709569
38.22589253
38.08878237
38.51289496
39.57482601
39.36913962
40.03292724
42.00371544
41.59370447
42.61398317
43.96448664
43.76333839
45.46254417
44.26129322
44.61134801
37.60667753
38.42601314
38.27066764
38.73509871
39.86820233
39.64008243
40.3528403
42.39724548
42.1078202
43.15810091
44.21538531
44.36195339
43.98965089
40.63667705
41.45937347
37.76154959
38.69399526
38.48664823
39.0435098
40.30096284
39.9603115
40.82609202
42.9018314
42.50396575
43.72859818
43.14478268
44.31104187
37.15182793
37.89523749
39.00068468
38.76971388
39.41900774
40.90499225
40.43818675
41.49614722
43.41542205
43.0679937
43.69446733
35.83739464
41.95789375
28.06529016
37.93458377
39.19957257
39.06877566
39.69641013
41.40015538
41.05587982
42.00802918
42.78293135
43.37705528
41.7788164
27.42653672
32.13661268
29.11394735
37.91837281
39.19933997
39.21117006
39.71489768
41.45898251
41.47447575
41.96016232
40.45007217
42.32574835
36.74166082
28.36927946
27.14667371
39.24476514
37.86426809
39.13661851
39.18814409
39.63726982
41.18693184
41.40147007
41.48607882
38.65447422
39.8216738
33.63555552
29.1350114
28.96552861
41.10777353
37.78110385
39.03212624
39.11402754
39.50918933
40.82119143
41.10274589
40.95574026
37.24556269
38.29141121
31.71774469
28.76153137
29.02455487
40.23395716
37.67566652
38.89435472
39.00051069
39.34088986
40.39680745
40.719339
40.3892878
35.96118225
36.91250452
30.07614849
28.45474491
28.68392925
39.22048526
37.55308433
38.72987943
38.85550819
39.14077125
39.94680023
40.28585465
39.80641378
34.80653255
35.66042671
28.69436725
28.11557449
28.37422707
38.15885656
37.41730094
38.54373159
38.68520307
38.91516197
39.4837938
39.83191654
39.22640383
33.7792698
34.53799207
27.55159669
27.7218509
28.0223088
37.09386325
37.27115815
38.33928104
38.49422793
38.66824771
39.01694854
39.36714197
38.65983875
32.87426966
33.54189215
26.623124
27.26737957
27.61362998
36.04690196
37.11645405
38.11903443
38.28557451
38.40460848
38.55416477
38.90057595
38.11224423
32.08207467
32.66621761
25.87894814
26.76352733
27.14520589
35.03034305
36.95426828
37.88612465
38.06185741
38.12931414
38.10094659
38.43983365
37.5865999
31.38944136
31.9001665
25.28913983
26.23331939
26.63275525
34.03790968
36.78540526
37.64379926
37.82630383
37.84639381
37.659896
37.98947102
37.08398745
30.78378159
31.2303875
24.82848272
25.68386378
26.09726667
33.07466324
36.61070277
37.39531492
37.58210812
37.55930108
37.23263524
37.55172202
36.60485124
30.25491255
30.64478217
24.47594887
25.12224931
25.54422423
32.14434962
36.43113688
37.14332909
37.33255542
37.27148146
36.82026143
37.12812289
36.1491082
29.7921611
30.13353383
24.20941284
24.55740183
24.98111762
31.24924081
36.2477327
36.88976678
37.08001974
36.98514325
36.42306659
36.71954821
35.71587536
29.3849958
29.68559521
24.0100495
23.99603144
24.41723104
30.38950653
36.06146829
36.63589768
36.82626016
36.7020679
36.04070333
36.32611199
35.30369683
29.02460408
29.29093923
23.86341136
23.4422888
23.85810086
29.56619069
35.873203
36.38304715
36.5725346
36.42256216
35.67258988
35.94736484
34.91105598
28.70309458
28.94097955
23.75575594
22.90239421
23.3086716
28.78008231
35.68376155
36.13226665
36.32012148
36.14715186
35.3182599
35.58275117
34.53674865
28.41423123
28.62843197
23.67682381
22.38143727
22.77559235
28.03085593
35.49382344
35.88423908
36.06997227
35.87624079
34.97694827
35.2318363
34.17922869
28.1516067
28.34752634
23.61623205
21.88349011
22.26429698
27.31733746
35.3037838
35.63923567
35.82281831
35.60952552
34.64639029
34.89420791
33.83527679
27.90872719
28.09293059
23.56598221
21.41156354
21.77985568
26.63746083
35.10234341
35.38158224
35.58029559
35.32990175
34.30435748
34.57212093
33.48158929
27.66727719
27.86133901
23.51959271
20.94018705
21.3265384
25.94944657
44.72440837
45.04602036
45.73805895
41.66167685
42.28793454
44.82247811
42.29711697
43.69160592
43.44756553
42.23198711
45.73593721
44.09574715
44.28920728
44.31995781
44.01956784
42.70387429
45.45451986
44.5702786
44.83323327
44.34977516
44.52624192
45.50773496
43.75548557
44.13447234
45.42081844
33.09569716
35.33964602
35.18658556
38.20492279
38.05255172
35.97869496
30.37982027
35.08978674
43.31127059
52.04779379
43.61233913
42.62219332
42.86136067
36.49496862
38.56230035
38.37088504
42.74366071
38.93360048
45.77065222
45.1472649
40.58888684
33.95768829
33.16800977
35.06146271
34.94121112
32.90588568
45.06952063
43.19487078
43.610172
85.45361748
84.34046723
70.97484146
36.99680673
36.79228131
34.89363173
42.98362795
41.48135787
41.60577352
40.33002624
40.89977278
42.78221229
43.63426205
42.31430134
42.51714794
41.89357481
42.08418012
43.46797849
35.36317096
37.31820345
37.16270739
39.83873853
39.67639456
38.03067724
44.24046786
43.14166166
43.33722415
42.7293308
42.9360618
44.0927003
44.78903466
43.88116574
43.5243653
43.70541255
44.65724167
38.50088353
40.14199103
39.99396925
42.28418248
39.76541128
40.17826683
38.97845478
39.58432236
41.9943822
41.79915057
43.98420869
43.82654212
52.25700004
49.82985001
43.47159846
46.98154665
58.91518519
55.12511472
48.54002825
43.68399222
44.35065675
44.29129086
43.25295192
44.61401173
45.04800433
45.00526192
44.85901513
44.90143153
44.72636762
40.86390133
41.30659902
43.77378602
37.86057538
36.69872808
36.62160577
39.3226908
38.85040652
45.76723944
35.84126178
35.54888471
33.24250242
39.24523564
37.57344395
37.78850155
37.23430425
37.39151289
39.09480832
63.63447484
42.97088915
43.86926437
47.71911204
47.09643778
63.34297379
34.39816192
34.47222582
36.98371502
34.11472031
34.33043803
38.41465931
40.18331735
37.1550497
37.55885274
36.40668409
36.91371791
39.90990823
38.66419216
36.94985889
37.09239033
36.66056514
36.82228163
38.51397314
40.97998483
44.05812987
57.10184508
54.37573379
62.15966598
68.94987722
44.2025314
86.76585177
101.48343
39.85922375
38.46693083
38.64867225
38.02517014
38.25984756
39.71153757
34.60843606
36.53282845
36.19100194
37.61627838
37.46766073
35.48432717
40.43603387
39.11138284
39.25979214
38.80814423
38.96182889
40.30678804
36.60384604
34.2699576
34.32750473
38.07557909
36.24321519
36.53026717
34.88577999
36.00551214
37.52166519
57.27932607
59.74981762
76.28429828
42.90369338
48.01866499
46.66909868
68.32681564
63.26622015
48.94782344
40.96908972
39.69342554
39.83963123
39.40570395
39.55007912
40.84272271
35.85797982
37.90784828
37.76297228
39.03785892
38.78807455
36.79858039
41.5077128
40.32553752
40.50526637
39.9915795
40.15233064
41.37179722
42.04405088
40.99928449
41.1439952
40.68023354
40.84627902
41.92096164
37.80745701
39.49112421
39.27778144
40.43300857
40.28882009
38.64782543
42.51967181
41.55599043
41.69170961
41.28339904
41.42068214
42.40827358
45.49440446
44.62191389
41.84912876
66.5322336
52.66650999
53.93901871
49.56411732
50.29169467
63.73290934
46.53224472
34.65883761
33.94280374
34.26565453
33.35762863
33.7541847
34.45956626
38.36592343
33.93248517
33.51915343
93.04694613
89.36990814
56.75166833
91.4688415
104.9011103
104.7461277
103.0837014
104.1880805
89.35479507
35.50564438
35.70231137
35.96056853
36.27095573
36.61446568
37.1252745
35.46773475
35.6936399
35.68725796
35.98272495
36.31816157
36.2746693
36.69050247
37.24112135
37.14800213
37.3923834
37.62314162
37.59429171
38.40082123
38.70430602
38.66314232
39.858414
40.3676287
40.28750081
45.546496
45.37981222
45.43799979
35.43070096
35.67984932
35.68461335
35.99195362
36.35600087
36.33744613
36.75604424
37.35560314
37.26860973
37.53612773
37.7835765
37.74582678
38.61453644
38.93894023
38.88128125
40.1808356
40.73450054
40.65179862
35.3932262
35.66134464
35.66880218
35.99068964
36.37926704
36.36906402
36.81491834
37.47769484
37.38567646
37.68308057
37.95871372
37.91136273
38.87805201
39.23246453
39.14879491
40.56338026
41.14397954
41.02541256
43.51764304
44.39734526
44.37621432
39.68441835
29.36029762
31.17728875
35.3506066
35.6333529
35.64520569
35.97749426
36.3802233
36.38207428
36.84642921
37.56857361
37.50515705
37.835382
38.15494877
38.10660926
39.22711691
39.63758908
39.52710141
41.1475844
41.78056764
41.59540965
43.84283098
44.08226722
44.25501466
32.05509644
26.01896081
25.93716516
35.29882252
35.590947
35.61029474
35.94563351
36.36146473
36.37418927
36.84450889
37.59027771
37.57780693
37.92539627
38.29861045
38.27578531
39.58509023
40.07991368
39.981319
41.79719101
42.42451583
42.29763673
43.16431062
41.9057764
42.82806591
27.41073702
35.39027103
31.52340477
35.23548964
35.53358282
35.56105174
35.89488755
36.31833147
36.3427057
36.81567029
37.5702263
37.58869828
37.931591
38.31554819
38.31707906
39.72888021
40.29432685
40.2780635
42.08088083
42.44460104
42.54430959
39.41051872
33.49903323
36.09557158
34.46394877
46.47026876
45.1165098
35.15990367
35.46129935
35.49669769
35.82604473
36.25402147
36.28864149
36.75750348
37.51447732
37.55871231
37.89543606
38.28146608
38.29395184
39.6831054
40.22917536
40.25436731
41.73403904
41.80429958
41.97356245
34.70216179
27.60660398
28.34833397
41.32892743
47.3638084
47.49418651
35.07231873
35.37520232
35.41782657
35.74106586
36.17138689
36.21480187
36.67666609
37.43155796
37.49567418
37.82584903
38.21036954
38.23105293
39.57886447
40.08771563
40.1288303
41.22641141
41.07909105
41.26615231
32.64190382
25.5800949
26.04594107
40.69679139
45.92544492
46.28312127
34.97401124
35.2770059
35.32587752
35.64244849
36.07336882
36.12411696
36.57790723
37.3280992
37.40719346
37.73080589
38.11141062
38.13840612
39.42947943
39.89148184
39.9448744
40.67572563
40.31863585
40.50916774
30.8631845
23.9521512
24.32574749
39.73735231
44.55583462
44.88972728
34.86631884
35.16866165
35.22272658
35.53271218
35.96277292
36.01946714
36.46534059
37.20919344
37.29954149
37.61623983
37.99076198
38.02269989
39.24437686
39.65348229
39.71644526
40.09851367
39.56543404
39.75187051
29.35403935
22.64798473
22.94740622
38.69212825
43.27002625
43.58453686
34.75119557
35.05212949
35.1103367
35.41418636
35.84233311
35.90361642
36.34228409
37.07861574
37.17746585
37.48663637
37.85299185
37.88884028
39.03085147
39.38327782
39.45340384
39.51522333
38.83673181
39.01608725
28.09467666
21.59803518
21.83939609
37.62506103
42.05337637
42.35168819
34.62991603
34.92925692
34.99065859
35.28896985
35.71457788
35.7792239
36.21148969
36.93912664
37.04447052
37.34538398
37.70153109
37.74054264
38.79416428
39.08776876
39.16371446
38.94102721
38.14078247
38.3113804
27.06232737
20.75127621
20.94570963
36.56714368
40.89572649
41.18003743
34.50442849
34.80167668
34.86541724
35.15887663
35.58163446
35.6486416
36.07515602
36.79261216
36.90310495
37.1947938
37.53864017
37.58035792
38.53815789
38.77229546
38.85258769
38.38343268
37.48239207
37.64331705
26.23011319
20.06834243
20.22512098
35.53526448
39.78721716
40.0603058
34.3752954
34.67072757
34.73615789
35.02537763
35.44513589
35.51374472
35.93487854
36.64024192
36.75505661
37.03623938
37.36565991
37.40979303
38.26812918
38.44550061
38.52780642
37.84658822
36.86325461
37.01437648
25.566439
19.51848948
19.64413059
34.5308502
38.72278751
38.98486679
34.24441315
34.53748121
34.6040268
34.88958699
35.30625362
35.37593636
35.79171919
36.48273725
36.60135739
36.87061539
37.18374314
37.22999563
37.98863527
38.11451936
38.19730037
37.33237986
36.28253925
36.42420363
25.04412397
19.08156807
19.18063843
33.55231096
37.70034558
37.95218419
34.11133913
34.40274913
34.47006301
34.75235339
35.16580438
35.23618835
35.64635478
36.32067179
36.44266542
36.69871759
36.9941939
37.04221907
37.70311966
37.78462071
37.86689979
36.84146911
35.73870267
35.8712731
24.64006878
18.74247038
18.81792223
32.6051383
36.71760222
36.9597234
33.97837224
34.26719898
34.33487173
34.61430044
35.02436447
35.09519304
35.49924078
36.15465768
36.27956359
36.52145795
36.79851552
36.84792765
37.41531974
37.45732427
37.53882469
36.37409671
35.23023729
35.35415195
24.3333576
18.48794401
18.54341484
31.69235014
35.77298183
36.00576178
33.84371092
34.13129045
34.19922568
34.47591047
34.88233035
34.95344038
35.35068697
35.98536483
36.11266949
36.33984254
36.59822882
36.64865916
37.1279928
37.13409257
37.21445057
35.92975662
34.75478234
34.87071328
24.10228106
18.30666005
18.34484488
30.81485788
34.86475035
35.08874558
33.71085661
33.99544519
34.06333295
34.33750738
34.73998396
34.8113006
35.20098746
35.81347498
35.94266774
36.15489663
36.39472348
36.44583904
36.84317643
36.8160512
36.89503194
35.50726117
34.30943191
34.41812684
23.93111248
18.19261129
18.21475786
29.97319389
33.99171651
34.20722499
33.57578483
33.85981495
33.92795273
34.19929736
34.59746194
34.66908007
35.05038799
35.63960984
35.77023296
35.96753068
36.18915198
36.24068088
36.56183998
36.50400695
36.58141984
35.10502069
33.89110893
33.99332395
23.8054696
18.13734001
18.14480447
29.16845035
33.15348012
33.36097257
33.44439063
33.72450324
33.79298758
34.06120726
34.45471353
34.5271244
34.89895478
35.46442684
35.5959777
35.77857757
35.98251879
36.03422785
36.28431127
36.19850223
36.27424396
34.72169641
33.49732695
33.59367674
23.71345103
18.13212409
18.12917388
28.40089017
32.34953988
32.55008914
33.3083682
33.58895994
33.65973519
33.92280644
34.31122344
34.38603993
34.74622165
35.28848002
35.42056189
35.5888146
35.77566603
35.8273636
36.01112349
35.89984529
35.97387532
34.35602493
33.12579695
33.21715759
23.64485831
18.17088644
18.15442014
27.66970775
31.57877487
31.77492865
33.17696906
33.45172239
33.52851357
33.78240969
34.16522848
34.24716515
34.5900497
35.11209249
35.2445197
35.39883592
35.56920342
35.62079285
35.74247673
35.60794696
35.68054615
34.00596408
32.77332947
32.86200649
23.59021763
18.24378801
18.21690359
26.97335628
30.83887448
31.03666681
33.02353426
33.30174986
33.40344878
33.6291357
34.00550356
34.11372371
34.41888398
34.92487809
35.06873408
35.20767248
35.36194869
35.41578079
35.47547751
35.31883665
35.3961799
33.6648209
32.43295218
32.52928018
23.54328845
18.34209046
18.30769138
26.30904385
30.12498601
30.33867203
45.49623051
45.55176998
45.665089
43.87478276
44.06439301
44.62574203
45.68848255
45.36253471
45.38164567
45.25126583
45.37325439
45.35005771
45.3953253
45.40444356
45.58976986
44.99396758
45.06126878
45.32930853
45.83682334
45.81077637
45.1762579
44.85121935
44.92108971
42.11731029
45.31664329
45.27952684
44.96541194
33.2164657
33.35027454
42.94540507
69.66874725
78.20872781
81.63000275
41.15463202
42.6980908
45.90898343
41.89876591
37.56679333
37.5252626
37.30579336
38.00328855
37.75600406
37.80414592
38.61098767
38.55988316
38.26995064
39.24155298
38.88078324
38.93569423
40.21258688
40.13062847
39.65296215
41.37960362
40.69602609
40.7912014
37.70951297
37.65209202
37.4179622
38.15753495
37.89727834
37.95974733
37.83397523
37.86560303
38.12327117
38.82733788
38.74404335
38.43771367
39.46906687
39.08447183
39.17771383
38.99529012
39.04138825
39.42187235
40.57071815
40.42772852
39.91107769
41.79622953
41.04273206
41.21450444
40.87627836
40.97273422
41.71100088
45.25741744
45.31844647
45.50732773
44.37848312
44.96390644
44.87779889
45.13224591
45.04973781
44.49770364
37.8663892
37.82358717
37.569775
38.3698919
38.08878852
38.13817712
38.00031001
38.04281078
38.31809638
39.07225758
39.00254215
38.67220801
39.78493945
39.36968869
39.44620768
39.23692308
39.3000665
39.70912785
40.91905191
40.82309874
40.26300023
42.299348
41.49112731
41.59128348
41.30643333
41.39694157
42.20428184
42.86000614
42.70785136
41.24726452
38.0570736
38.0073316
37.72160829
38.62108591
38.30587845
38.3668214
38.19101143
38.24705287
38.5517741
39.4217725
39.32356726
38.95816608
40.17587073
39.72576979
39.83727438
39.53058835
39.6235314
40.06244153
41.42764665
41.27824448
40.68778296
42.75659631
41.96460086
42.11930171
41.70180864
41.82430731
42.62050437
44.33714508
44.37753636
43.62786551
43.53690012
44.61654611
44.4363936
44.90471082
44.81879062
44.1045617
26.51679143
27.62704288
38.69730451
41.92843426
41.3758721
45.3298002
43.5947423
38.24256319
38.20108726
37.86824385
38.92430499
38.55189441
38.61000516
38.42903329
38.49141588
38.84718069
39.87111944
39.75378606
39.32275006
40.74843921
40.22586584
40.36423209
39.9584581
40.0869594
40.58607463
42.13309194
41.96520054
41.32821215
43.34666484
42.64874539
42.79889818
42.29703098
42.47777176
43.20930009
43.43842525
43.88653663
43.8022392
38.81723079
42.98293976
41.58559509
44.0975971
43.57610232
41.08425982
28.71530681
26.79993881
29.12254834
44.430802
46.1302816
41.48281469
42.73208973
38.31660863
38.31096161
37.9316969
39.17111308
38.72540186
38.73840057
38.65962689
38.69900282
39.12628485
40.23053152
40.16528433
39.64970428
41.31156142
40.71980334
40.80127802
40.49612149
40.61434466
41.18867032
42.57832927
42.5438188
41.93147551
43.07588994
42.97037918
42.86861694
42.94217386
43.00727204
43.28032635
38.65611786
40.33567782
42.5412552
28.24369025
34.35504724
31.02452628
40.29469322
37.50340987
29.42476342
42.77986405
38.86672296
27.94144567
49.31409071
49.71854938
47.59181027
48.6279521
38.3040199
38.31148984
37.92628341
39.20682313
38.7368767
38.72977888
38.74140971
38.74031371
39.21030965
40.27507668
40.28973011
39.72444574
41.4986768
40.89194975
40.86662924
40.86286521
40.89541848
41.50399473
42.14303467
42.30357629
42.04659881
41.08401932
42.16058127
41.84110734
42.68784232
42.4612533
41.76069371
29.48985466
31.12273625
38.0438487
27.77149903
27.13748165
26.62644989
28.90468885
27.79486529
27.34435323
47.48634935
47.1583775
37.09128818
49.76007741
49.57555392
49.8841247
49.87967964
38.24986945
38.26672778
37.88076248
39.15660609
38.69130504
38.67350019
38.71961258
38.70672688
39.17383972
40.1662052
40.19972263
39.66184326
41.26485081
40.74930446
40.69959203
40.83315163
40.79389966
41.33625078
41.4501344
41.62977104
41.61188301
39.02425074
40.99355685
40.73026356
41.52258649
41.25675816
39.40060319
26.53861939
27.05810402
34.159164
29.26358733
25.29847904
24.84628093
26.17642162
25.78111702
29.32072597
46.64743732
47.01796418
41.27675929
48.71467782
48.37335715
49.32946548
49.05261517
38.16393957
38.18797628
37.80420369
39.06165929
38.60731545
38.58139192
38.65348515
38.63138025
39.08900184
39.99550866
40.04319021
39.5453541
40.91950261
40.52295238
40.4566841
40.64503757
40.58575368
41.01365083
40.69981784
40.8900239
41.09239322
37.58673343
39.94857931
39.69273297
40.46784774
40.20707391
37.93528156
24.72123947
25.13864878
32.17093682
28.84198816
23.66865983
23.32751189
24.42536288
24.03412033
28.92878982
45.22905488
45.5741911
40.47072899
47.38457169
47.06564915
48.03808764
47.70862095
38.05348514
38.08309457
37.70381296
38.93152878
38.49357771
38.46123728
38.55373977
38.5244348
38.966947
39.77713893
39.83549834
39.38622605
40.50681751
40.23899425
40.1608275
40.38713413
40.31450056
40.61438732
39.93968929
40.12869016
40.53311204
36.27019539
38.94435337
38.70206449
39.43991019
39.190354
36.58717182
23.26425034
23.59832791
30.46117295
28.53205255
22.42784592
22.16488566
23.00767449
22.7086782
28.60838825
43.90351056
44.22720497
39.48092936
46.13733919
45.83680484
46.75160607
46.4422119
37.9237738
37.95777855
37.5851097
38.77319968
38.35617595
38.31868724
38.4275148
38.39247071
38.81510274
39.52184372
39.58853977
39.19340269
40.06082344
39.90938189
39.82088956
40.07953665
39.99565936
40.17386307
39.19740044
39.38056179
39.95246617
35.08311543
37.99860431
37.77223965
38.4635976
38.22906964
35.36771094
22.09480882
22.36365508
29.01626888
28.20485623
21.46175777
21.25275227
21.91665805
21.68322252
28.29148409
42.65377071
42.95985172
38.42587301
44.95978309
44.67520725
45.54045175
45.24817357
37.77880123
37.81630453
37.45231877
38.59208424
38.19971803
38.15804179
38.28008572
38.24041497
38.63926123
39.23831224
39.31154043
38.97369512
39.60024548
39.54539786
39.45105426
39.73054873
39.63864237
39.71635001
38.48428651
38.65943089
39.37043497
34.02439546
37.11810158
36.90854004
37.55000133
37.33196528
34.27728357
21.15187006
21.36854493
27.8159234
27.82573583
20.68629208
20.5161481
21.05387422
20.86587325
27.92617737
41.46764846
41.75873835
37.35900972
43.84289743
43.57226189
44.39425978
44.11689281
37.62141633
37.66182183
37.30855976
38.39198017
38.02753075
37.98227578
38.11543581
38.07192336
38.44363897
38.93201344
39.01044376
38.7318002
39.13360196
39.16382235
39.06754767
39.35578003
39.25989037
39.25039569
37.80670823
37.97254524
38.79987043
33.08949212
36.3054833
36.11301794
36.70326047
36.50221862
33.31194427
20.39150558
20.56609447
26.83640405
27.38643668
20.0487606
19.90669292
20.35295431
20.19803419
27.50198601
40.33628864
40.61474121
36.30575379
42.77918733
42.52058495
43.30489149
43.0405804
37.45333771
37.49630172
37.15587819
38.1754135
37.84164857
37.79321609
37.93619858
37.88931526
38.23094121
38.60977281
38.69131241
38.47178887
38.66911576
38.77775636
38.68097908
38.97108906
38.87447593
38.78460482
37.1679176
37.32393169
38.24717222
32.27031937
35.56081472
35.38490592
35.92479478
35.74074099
32.46491147
19.77816151
19.91882526
26.04925604
26.89228099
19.51110265
19.38973826
19.76929725
19.63833541
27.01996968
39.24955119
39.51701604
35.28231258
41.75983003
41.51078467
42.26471131
42.01112647
37.27574034
37.32097348
36.99548035
37.94535807
37.64374204
37.5926098
37.74407417
37.69424014
38.00395296
38.28019733
38.36293449
38.1989794
38.21318937
38.39105102
38.29471059
38.58423698
38.4875765
38.32616284
36.5681942
36.71453929
37.71587887
31.55402033
34.88055053
34.71991772
35.212968
35.04486128
31.72414188
19.28703391
19.39888955
25.42335004
26.36770657
19.04901621
18.94418356
19.27155191
19.15899123
26.50116423
38.20648385
38.46337089
34.28363199
40.77750788
40.53749198
41.26408649
41.01962769
37.08983417
37.13701858
36.82821121
37.70510645
37.435826
37.38253101
37.54089455
37.48862363
37.76595504
37.94932401
38.03186139
37.91765966
37.768923
38.00722551
37.91203416
38.198625
38.10277565
37.87878869
36.0060986
36.14317899
37.20744974
30.92766329
34.25925978
34.11256721
34.56287968
34.40933567
31.07643985
18.90052105
18.98744425
24.93250214
25.82252616
18.64736233
18.55601224
18.84142346
18.74355596
25.96053739
37.20415878
37.45106318
33.31265991
39.83181623
39.6011292
40.29990922
40.06470875
36.89702267
36.94578955
36.65488172
37.45784554
37.2201064
37.16522765
37.32878573
37.27463608
37.52012121
37.62055755
37.70249741
37.63125085
37.33808269
37.62905929
37.53570621
37.81724422
37.72291357
37.44444954
35.4801752
35.60834943
36.7224237
30.38048789
33.69212592
33.55831138
33.96917889
33.82904986
30.5103588
18.60550006
18.67053273
24.55479009
25.26344497
18.29563237
18.2154524
18.46582982
18.38044873
25.40410934
36.24062309
36.47799964
32.37391828
38.9219263
38.69963284
39.37260823
39.14621898
36.69885761
36.74881995
36.47643612
37.20653735
36.99886879
36.94292484
37.11004542
37.05458437
37.26962334
37.29511588
37.37607968
37.3433672
36.92193168
37.25889367
37.16775599
37.44288284
37.35060688
37.02455144
34.98856026
35.10839112
36.26088831
29.90229824
33.17457432
33.05228349
33.42750785
33.29961143
30.01599955
18.38857556
18.43514615
24.2688781
24.69883596
17.98536797
17.9150752
18.13561587
18.06041605
24.83962421
35.31444635
35.5427468
31.47017729
38.0447692
37.83028101
38.47939195
38.26107318
36.49680289
36.54760724
36.29389394
36.95324216
36.77403475
36.71744861
36.88679266
36.83048448
37.01664944
36.97437861
37.05407355
37.0564491
36.5209516
36.89791137
36.80917462
37.07720974
36.98725234
36.61977126
34.52854307
34.6407534
35.82214548
29.48211403
32.70103397
32.58888749
32.93266106
32.81557284
29.58219304
18.24163414
18.27173755
24.05423331
24.13690161
17.713586
17.65259291
17.84475659
17.77921439
24.27606809
34.42387597
34.64355919
30.60195217
37.19836054
36.99125003
37.61781532
37.40705739
36.29212618
36.3434805
36.10826019
36.69931849
36.547127
36.49024002
36.66075703
36.60397238
36.76277931
36.659236
36.73744894
36.77251429
36.13493914
36.54662928
36.46033885
36.72104805
36.63353272
36.23007059
34.09706238
34.20244094
35.40486125
29.11084464
32.26611945
32.16278642
32.47909182
32.37148743
29.19949673
18.15826014
18.17279006
23.8955838
23.58178674
17.47776584
17.42565253
17.59134679
17.53492378
23.71783766
33.5682745
33.77967798
29.77026305
36.38146805
36.18136433
36.7862731
36.58273064
36.08590788
36.13755342
35.92041803
36.44609581
36.31948867
36.26257707
36.43333354
36.37641599
36.50926822
36.35040843
36.42699514
36.49207296
35.76331018
36.2051692
36.12135189
36.37466777
36.2896127
35.85490034
33.69127664
33.79048458
35.00746408
28.78036367
31.8648771
31.76922612
32.06156456
31.96217439
28.85940791
18.12845805
18.13013435
23.77919918
23.0397591
17.27591669
17.23230004
17.37268827
17.32472915
23.17022675
32.74727317
32.95107442
28.97651945
35.59341146
35.39982123
35.98384882
35.78710661
35.87907497
35.93079878
35.73120193
36.19472732
36.09207547
36.03534652
36.20569885
36.14886263
36.25734832
36.04831029
36.12319392
36.21559323
35.40561273
35.87363801
35.7922851
36.03816128
35.95558367
35.49373938
33.30894773
33.40265654
34.62875707
28.48434218
31.49356305
31.4044471
31.67569935
31.58346465
28.55497816
18.14661971
18.13659821
23.69391792
22.51698891
17.10779401
17.07249632
17.18754674
17.14818889
22.63928189
31.96012434
32.157995
28.2215808
34.83415057
34.64588624
35.21016043
35.01948129
35.67236029
35.72400524
35.54134416
35.94595421
35.8656606
35.80923949
35.97869841
35.92213353
36.00786026
35.75308574
35.82631058
35.9435699
35.06135998
35.551997
35.47291811
35.71158515
35.63142335
35.14605217
32.94743949
33.03697924
34.26763215
28.21718138
31.14887573
31.06429097
31.31809615
31.23157588
28.28005735
18.20362416
18.18161264
23.62992221
22.01845089
16.97348101
16.94660111
17.03623457
17.00557735
22.12939641
31.20518287
31.4010466
27.50610929
34.10429379
33.91802705
34.46544289
34.27886551
35.4661197
35.51787556
35.3515207
35.70071805
35.64083945
35.58440335
35.75297205
35.69671306
35.76145831
35.46394809
35.5368242
35.67655648
34.73070077
35.24060683
35.16180803
35.3949058
35.31660072
34.81067118
32.60248
32.69248922
33.92384517
27.97432663
30.82853799
30.74339425
30.98569488
30.90186498
28.02813901
18.29022191
18.25927321
23.57889256
21.54911025
16.87493036
16.85375425
16.91994102
16.89596353
21.64413237
30.47915603
30.68227722
26.83162486
33.40637705
33.21248053
33.75101831
33.56289276
35.24798623
35.31785793
35.16656522
35.46562971
35.42370867
35.34708747
35.52984483
35.47097973
35.51592961
35.16192242
35.26349682
35.42235856
34.42308168
34.94920304
34.83819586
35.09031319
35.00594284
34.48148669
32.25049664
32.37478147
33.60537754
27.75396214
30.53478745
30.41937106
30.67785984
30.58738782
27.79244043
18.408174
18.36106556
23.53610774
21.11280579
16.81105995
16.79341999
16.8385877
16.81957907
21.18599634
29.73689041
30.00701585
26.20096076
32.74835802
32.484917
33.07147746
32.86530437
44.83411285
45.29298201
45.21394615
45.44543805
45.3705058
44.94131431
45.70115074
45.60712738
45.65954141
41.8533795
43.16537305
43.01340318
43.49032461
43.30014405
42.04601885
44.71017148
44.15404829
44.30052125
41.86580779
42.09763748
45.31504584
45.34054139
45.71512548
44.16086831
44.790976
44.74286758
44.88228836
44.83687665
44.22410414
45.39638353
45.39059203
45.41321876
44.62221342
45.11124401
45.06388904
45.21476324
45.20737943
44.78683372
44.41159255
44.96650259
44.92433141
45.04297375
45.00323429
44.46666048
45.5495456
45.40709862
45.40578654
43.88184917
44.6038757
44.51056869
44.78768206
44.69830122
44.01430387
45.37331275
45.12906576
45.19287948
36.31625437
35.86125328
33.32167196
43.11845339
40.06098829
40.50963876
47.7569385
48.48964435
47.95713413
42.79040441
41.82815066
41.96811659
42.85432178
39.07891924
40.72200745
40.57775844
45.71165532
45.76138453
45.80599748
45.24583461
45.5889029
45.51849884
45.65763363
45.34206167
33.1849219
30.6437079
48.34638297
34.00794367
32.18058951
33.12013481
44.69506082
44.76902502
45.12779731
43.31224022
44.19459243
44.09729566
44.40791364
44.31577114
43.49624801
103.2906335
104.8581953
74.83246182
86.89476853
96.21117795
93.32708681
40.49257643
41.3772825
41.28540947
41.47654576
41.44539024
40.67808244
39.88987685
40.96631571
40.86046819
41.18538973
41.07312672
40.03659868
39.00124304
40.26083022
40.21875224
40.71312656
40.61591505
39.48611956
42.78393692
44.89849493
45.21136239
45.21454528
44.85467274
45.22783741
45.18160373
39.10552718
35.54591057
36.07564608
33.80587195
35.26779254
38.65458558
43.19145108
33.28805647
31.84855523
72.29439584
75.80975618
66.76410334
43.94842962
51.07670166
50.55292903
53.05776866
51.80283084
43.88459896
39.02739478
38.66208383
36.25474603
41.06342416
65.56325102
50.67682666
48.20550345
51.20987246
53.86628012
69.90471885
38.5754778
39.75198829
42.72352982
43.8974159
43.35495719
43.41922102
43.23085013
43.29040739
43.83247558
43.84011433
43.81283579
44.48292252
41.07602107
42.52830662
42.65552184
43.61572182
43.10921033
43.16717527
43.00170117
43.04943624
43.53507695
44.25769492
43.71071547
43.77382141
43.47247483
43.53278351
44.07790663
32.50842488
34.65347053
35.4495109
49.10821024
48.53734427
46.42055535
43.15085723
45.08371326
45.09108393
44.34225448
45.20912491
45.19802786
44.92011422
37.09571851
36.8948073
36.91899957
37.1934949
36.97961538
37.021917
36.93979437
36.95729009
37.17094219
37.3251273
37.09116532
37.11424103
37.0458696
37.06758306
37.29698391
37.44741907
37.18503623
37.20565932
37.13862079
37.16153789
37.41719218
37.55149637
37.25537365
37.26445986
37.22571092
37.24144067
37.5316598
37.58913018
37.27825532
37.27710583
37.27249506
37.27597676
37.58589126
37.57838269
37.26261449
37.25160596
37.27474567
37.268929
37.58534992
37.53082988
37.21204925
37.19361129
37.24116339
37.22623191
37.54621248
37.45419013
37.13426588
37.11016606
37.17611973
37.15464726
37.47596347
37.35544162
37.03590228
37.00762632
37.0872845
37.06093997
37.38203718
37.24006668
36.92222083
36.8908637
36.98070478
36.95077329
37.27031016
37.11215772
36.79707927
36.76344432
36.86088584
36.8283124
37.14517082
36.97471576
36.66332991
36.62800552
36.73112758
36.69659418
37.00984561
36.82984795
36.5231126
36.48649552
36.59392016
36.55792045
36.86666048
36.67887398
36.37787945
36.34022362
36.45105027
36.41390108
36.71710583
36.52260788
36.22854177
36.18999157
36.30368
36.26557046
36.56209227
36.36163599
36.07566828
36.03633185
36.15251163
36.11356437
36.40223372
36.19655489
35.91972167
35.87970245
35.99804909
35.95836758
36.23811585
36.02801934
35.76113981
35.72054592
35.84073023
35.80041776
36.07037372
35.85672262
35.60039977
35.55934197
35.68100788
35.64018825
35.89970329
35.68330281
35.43796581
35.39654538
35.51936752
35.47816035
35.72675575
35.50840292
35.27429463
35.23257634
35.35626627
35.31481496
35.55215786
35.33265228
35.10980141
35.06772148
35.19215818
35.15065585
35.37657059
35.15665395
34.94490884
34.90188657
35.02749553
34.98633589
35.2005327
34.98468145
34.78247972
34.72567138
34.8631144
34.82228143
35.02336747
33.93172775
45.38804943
41.63664727
34.00352046
45.49570069
41.64006702
103.49509
109.7952057
35.24746829
39.29365652
48.12078407
39.46799242
33.89086601
45.21912055
41.48609098
48.53199459
34.16798074
34.12078827
45.8413457
41.71485519
110.2997425
101.0797141
23.97211007
103.067865
110.8755847
38.84116841
34.01652759
46.12040277
41.6770297
33.80120713
44.33977815
41.03429252
33.77428038
44.29552451
40.98812817
33.88486403
44.44516857
41.02047026
33.90429691
44.57486148
41.0237776
33.96088936
45.28740567
41.58939203
34.0064295
45.63869035
41.65197304
103.3699648
111.6575448
40.30114398
33.92052663
44.86098203
41.2770171
33.89834398
44.73188161
41.28262377
103.8565275
109.3391659
35.81266021
33.92706517
44.97470882
41.29567332
33.92694714
45.02722799
41.33579822
104.5346847
107.945178
33.10562163
35.18812673
47.27426575
41.07586224
33.76208458
44.2423016
40.95811607
33.74827751
44.2055021
40.89231805
33.86795908
44.60830092
41.12528817
33.89209162
44.60517343
41.06294081
33.95120218
45.22120076
41.58191781
33.95512382
45.74117564
41.71435171
108.9147718
105.2829987
26.05340345
110.2701402
102.8627124
24.84952202
103.4269082
110.8650559
39.34556409
33.85230622
44.61905407
41.19305289
33.85501749
44.65295714
41.2640848
103.8374923
109.2662276
36.80375678
33.984293
45.16179106
41.32266432
104.4612502
108.0414147
32.25308471
35.00549311
46.42679723
41.55473146
38.63213401
112.2080875
41.67064016
111.7581904
40.95158707
109.1048006
74.93363533
20.12030422
33.72259346
43.671834
40.5628953
107.6763097
106.2495452
27.2698376
82.12484891
17.1475675
107.7082994
105.9001736
26.5976838
33.74846808
44.04042209
40.65907431
33.74267286
44.13631625
40.83571519
33.75586695
43.99602528
40.61143883
33.7506191
43.8134139
40.54258488
103.4415079
109.7128571
37.87616623
105.8825894
107.3736144
30.15329533
105.0846664
107.6797429
31.18658141
42.39575737
104.0115516
108.3630163
34.31548154
113.2077596
95.72886179
23.21295487
40.56343084
33.67256253
43.58237776
40.5804836
33.94316886
45.23160051
41.38613997
106.5521884
106.4164246
28.20448556
33.74302948
44.06200102
40.7233791
33.73844613
44.11072384
40.77320983
33.7609209
43.9696113
40.56708655
33.76446678
43.90518284
40.54654512
105.8913554
106.8475801
29.32543263
111.5639985
100.5860561
23.64910753
113.0846785
95.89438774
22.68643111
24.27040036
)
;

boundaryField
{
    topAndBottom
    {
        type            slip;
    }
    inlet
    {
        type            fixedValue;
        value           nonuniform List<scalar> 0();
    }
    outlet
    {
        type            inletOutlet;
        inletValue      uniform 37;
        value           nonuniform List<scalar> 
30
(
32.2049768
32.26726705
32.41438335
32.69164706
35.10234341
35.38158224
35.32990175
34.30435748
33.48158929
27.66727719
23.51959271
20.94018705
25.94944657
33.02353426
33.30174986
33.6291357
34.00550356
34.41888398
34.92487809
35.24798623
35.34708747
35.16192242
34.83819586
32.25049664
30.41937106
18.408174
16.79341999
29.73689041
32.484917
34.72567138
)
;
    }
    wing
    {
        type            kqRWallFunction;
        value           nonuniform List<scalar> 
70
(
56.75166833
41.63664727
41.64006702
35.24746829
39.46799242
41.48609098
34.16798074
41.71485519
23.97211007
38.84116841
41.6770297
41.03429252
40.98812817
41.02047026
41.0237776
41.58939203
41.65197304
40.30114398
41.2770171
41.28262377
35.81266021
41.29567332
41.33579822
33.10562163
41.07586224
40.95811607
40.89231805
41.12528817
41.06294081
41.58191781
41.71435171
26.05340345
24.84952202
39.34556409
41.19305289
41.2640848
36.80375678
41.32266432
32.25308471
41.55473146
38.63213401
41.67064016
40.95158707
20.12030422
40.5628953
27.2698376
17.1475675
26.5976838
40.65907431
40.83571519
40.61143883
40.54258488
37.87616623
30.15329533
31.18658141
42.39575737
34.31548154
23.21295487
40.56343084
40.5804836
41.38613997
28.20448556
40.7233791
40.77320983
40.56708655
40.54654512
29.32543263
23.64910753
22.68643111
24.27040036
)
;
    }
    front
    {
        type            empty;
    }
    back
    {
        type            empty;
    }
    procBoundary1to0
    {
        type            processor;
        value           nonuniform List<scalar> 
49
(
35.08889498
35.11166499
35.17140382
35.30777901
35.30777901
35.52773804
35.95525224
36.57128532
45.87191903
45.87191903
44.91908837
33.12065406
42.10354874
43.34917155
45.74925822
44.03576948
45.43646706
37.13342315
34.56046458
44.05379691
35.70929369
36.24584299
37.28526646
37.50016082
38.22909836
38.51285125
39.58430916
40.05336429
40.86749368
39.2316501
45.85916249
37.96913347
37.72695939
39.18035578
38.8270348
41.27415317
40.60701627
45.2865977
44.69388194
42.95455866
42.11335849
45.72422929
42.96055883
37.07628005
36.87465292
40.54023513
33.6544731
43.52329135
43.52329135
)
;
    }
    procBoundary1to3
    {
        type            processor;
        value           nonuniform List<scalar> 
136
(
44.46527026
59.51677941
41.0772766
43.24546333
40.51249139
40.53714678
41.0772766
41.38211739
76.96119672
68.82666196
78.28353831
40.95612573
59.51677941
41.12391364
75.43004899
62.52517823
50.02190291
49.39625528
51.42191987
50.41453032
51.28225454
51.55819494
50.1415175
51.03860523
48.88963487
49.8220453
47.7043073
48.5863384
46.59089323
47.4194424
45.54209057
46.32296447
44.54922116
45.28894005
43.60205941
44.30874853
42.69477555
43.37156447
41.82390667
42.47379011
40.98349754
41.61122289
40.16972353
40.77756448
39.38210083
39.97028427
38.61982292
39.18925861
37.88102074
38.43302453
37.16475534
37.70004954
36.47036162
36.98977219
35.79646358
36.30222805
35.13917429
35.6385694
34.45656895
35.00400794
41.38211739
41.38211739
43.28658944
43.8387498
44.67932438
45.44544565
42.28276162
40.8449404
45.08581367
44.67932438
40.95612573
40.65781022
40.95612573
41.6271404
40.55511404
40.59165411
49.70363265
49.65792467
51.17381324
50.8187047
51.45965541
51.53578565
50.45571291
50.75941019
49.19741159
49.50853293
47.99368949
48.2876899
46.86284845
47.13898288
45.79870085
46.05895747
44.79259814
45.03919819
43.83508804
44.0706714
42.91800721
43.14358838
42.03839175
42.25507769
41.19105152
41.40029307
40.370704
40.57332815
39.57653497
39.77257612
38.80816546
38.99792436
38.06369095
38.24756547
37.34208616
37.52011422
36.6431447
36.81488355
35.96726259
36.13099698
35.31701418
35.46621716
34.70239779
34.81332091
42.36930531
42.83168069
45.5904522
45.75654188
44.28280333
40.59858102
40.63815645
46.13457967
45.70961478
44.57223743
102.94823
103.3510444
112.365855
102.94823
112.365855
43.26850098
)
;
    }
}


// ************************************************************************* //
