/*--------------------------------*- C++ -*----------------------------------*\
| =========                 |                                                 |
| \\      /  F ield         | OpenFOAM: The Open Source CFD Toolbox           |
|  \\    /   O peration     | Version:  v2012                                 |
|   \\  /    A nd           | Website:  www.openfoam.com                      |
|    \\/     M anipulation  |                                                 |
\*---------------------------------------------------------------------------*/
FoamFile
{
    version     2.0;
    format      ascii;
    class       volScalarField;
    location    "1.06";
    object      nut;
}
// * * * * * * * * * * * * * * * * * * * * * * * * * * * * * * * * * * * * * //

dimensions      [0 2 -1 0 0 0 0];


internalField   nonuniform List<scalar> 
3019
(
1.155883471
1.155852331
1.155822982
1.155802038
1.156028965
1.156029634
1.156051812
1.156101455
1.156194309
1.156345652
1.156518976
1.10163491
1.155120446
1.155033671
1.154951159
1.154897431
1.15512507
1.155169487
1.155302733
1.15560863
1.156051882
1.156773609
1.157803691
1.02444719
1.154328333
1.154180277
1.154054368
1.153997029
1.154254414
1.154400397
1.154727963
1.155365073
1.156454609
1.131443833
0.9143273863
0.7936017688
1.153511774
1.153319822
1.153169066
1.153131661
1.153449531
1.153785578
1.154551689
1.155748895
1.105172655
0.8238922159
0.6489200405
0.5492020835
1.152679454
1.152439556
1.152283408
1.15231641
1.152759975
1.153406475
1.154852737
1.157034503
0.8377168176
0.599309483
0.4431749549
0.3451556893
1.151838301
1.151574913
1.151440927
1.151567332
1.152238818
1.153355657
1.155844505
0.983019073
0.6643823941
0.4534643684
0.2998619546
0.1948259804
1.150991615
1.150715882
1.150636384
1.150967108
1.151903659
1.153691856
1.157470636
0.8394586453
0.5618104709
0.3662690528
0.2144943635
0.09861037923
1.150195675
1.149925949
1.149933808
1.150526012
1.151715584
1.154441542
1.062551546
0.7625003962
0.5174959899
0.3389055989
0.1965185178
0.08108067272
1.149463556
1.149215295
1.149352307
1.150262557
1.151827904
1.155587119
0.9989582579
0.7248622204
0.517511867
0.3658234479
0.2521515044
0.1794298916
1.148874234
1.148662605
1.148949234
1.150218481
1.152264538
1.157056438
0.9680921665
0.7284992398
0.5437999475
0.4160773771
0.3372281871
0.3347800956
1.148425392
1.148269398
1.148751903
1.150461291
1.152996982
1.158797204
0.9585883923
0.7435308948
0.5801051836
0.4689935352
0.4104678341
0.4607323837
1.148177379
1.148083084
1.148754032
1.150891886
1.153972461
1.160625589
0.9639025443
0.769977175
0.6194197925
0.5124754758
0.446290426
0.4661043679
0.1599928516
0.3184363927
0.4475475222
0.4714977243
0.07882582974
0.3158962079
0.3103011838
0.1845051132
0.3951175424
0.4287172769
0.3257150224
0.3817395275
0.2085958502
0.2352351242
0.4411338773
0.4646847922
0.4406717623
0.4813728719
0.1350586201
0.1759008764
0.4612232849
0.447180328
0.0792265265
0.1049016426
0.06482044001
0.1499920106
0.03100200043
0.05886878618
0.2388377862
0.2645786583
0.2637806733
0.2060507223
0.1913433533
0.1698505778
0.2089984357
0.1787502914
0.2046232769
0.3982552937
0.1590795791
0.1339709807
0.1895324729
0.1611628858
0.1063530788
0.1333574303
0.4816444234
0.1067663603
0.08078013736
0.1325243111
0.1081567024
0.07741414824
0.4350323588
0.05408154331
0.07969592498
0.05568147721
0.2333108786
0.1670461635
0.09435633476
0.1010901911
0.06388182613
0.03638793759
0.2433728553
0.2679331352
0.1647290524
0.1492841075
0.07119609518
0.1129890509
0.0417880678
0.01281766371
0.02237401775
0.03786319433
0.03024167716
0.09379815173
0.2647165838
0.25181715
0.05038683666
0.04215103066
0.09473635994
0.06624809405
0.05681310983
0.04030730534
0.0657724381
0.1067259752
0.03758645112
0.02323655876
0.01465183138
0.05221705299
0.02590129642
0.0415226152
0.02491919034
0.05807333311
0.2034648865
0.03140525162
0.2028072312
0.2243553017
0.03511264688
0.03927412863
0.03182208708
0.03461634506
0.2203753688
0.1468127065
0.1451902208
0.1766054538
0.1748414842
0.09716785686
0.09530795909
0.1198066613
0.1181583347
0.2474314481
0.07249156093
0.07162234175
0.01570190611
0.01254481748
0.1495060727
0.32975158
0.3178035503
0.3454261312
0.3337016108
0.1528367493
0.2813535176
0.268776782
0.09511713699
0.189844323
0.3606374756
0.34923888
0.06067142839
0.06264075309
0.1387671997
0.1200316634
0.2977193301
0.2854312701
0.3138134402
0.3017844248
0.1218737101
0.1027406261
0.03729521666
0.03803221277
0.02148361887
0.0223175704
0.08524651782
0.1273024831
0.05642942897
0.06026018493
0.03833851453
0.03902772533
0.1123301417
0.07657340187
0.02086447933
0.02134112931
0.0204674873
0.0651307167
0.03879325176
0.04044828075
0.01490940713
0.01624938156
0.04540036554
0.04453439614
0.06832082597
0.07775551755
0.09437115991
0.05838610729
0.07296757461
0.06922165536
0.0606411844
0.1400614484
0.1287681445
0.1023093968
0.1354498466
0.06055885426
0.03852868856
0.04287875243
0.05345162708
0.03328362485
0.03724112041
0.0295711813
0.09625748737
0.08432071489
0.1026618461
0.0987335613
0.03070899384
0.07585430507
0.07363774143
0.08091801273
0.07665554361
0.03662817785
0.118934992
0.1145322153
0.1260634667
0.1204956898
0.03721944166
0.03294306948
0.1077639017
0.1040079965
0.1131216056
0.1090664035
0.0332897857
0.04379825653
0.04302093045
0.04599688757
0.04406525884
0.0415841922
0.04052084278
0.0427623691
0.04186077274
0.0702583734
0.06828597607
0.07294850749
0.0709427013
0.06275364965
0.04874808759
0.06746344943
0.06534925361
0.03632210437
0.03693536981
0.1013662526
0.02150113058
0.02128609077
0.02216426544
0.02168771131
0.02061609158
0.08764220948
0.02298161312
0.0341270699
0.04120509485
0.05452539786
0.1254843576
0.03769357525
0.0243300211
0.04038015343
0.03737158184
0.02294699998
0.02240206706
0.02388513617
0.02317115913
0.1137448225
0.03926045212
0.0401598686
0.02026697771
0.02075641897
0.07561176618
0.06736097141
0.01937986892
0.02020515365
0.2203318469
0.3734167871
0.3788624543
0.3531613846
0.365263102
0.2240995653
0.3752548653
0.3643557831
0.1934038839
0.1535606812
0.06834499274
0.07218165614
0.07528585906
0.08617143949
0.1674176664
0.04066291392
0.04830981018
0.03732654973
0.04292872679
0.06700026685
0.09439299463
0.09303803499
0.04187699201
0.06772193047
0.0640769242
0.09197051549
0.09026651836
0.06441948521
0.03233113946
0.03898412786
0.03489229862
0.02680606622
0.02745234014
0.02263841305
0.04711211581
0.04576332855
0.04938865005
0.02376440149
0.03423608017
0.03258563831
0.05282136683
0.05244424818
0.03114847822
0.02887649482
0.0284606644
0.03153066048
0.03081846541
0.03564629531
0.05887579274
0.0582659942
0.0624590441
0.06170309669
0.03851213713
0.03215390693
0.05404811785
0.05352962121
0.0576381863
0.05701819651
0.03415747934
0.06571583786
0.06763761122
0.1518303446
0.14030122
0.06323322291
0.06510490731
0.09307838485
0.09624698439
0.182137342
0.02684666223
0.02669980174
0.02822059848
0.02799902155
0.02045402012
0.02642781919
0.02632111007
0.1692992892
0.08841628254
0.09189691187
0.03746088995
0.05696143034
0.05648620616
0.02172275206
0.03626106914
0.03600383437
0.03760470316
0.03663161392
0.02193295333
0.02081510955
0.02059173741
0.02104115396
0.03550028871
0.03527525032
0.0358416618
0.03565442362
0.02116896234
0.0217289753
0.02112542253
0.03181232051
0.02271266406
0.01628152344
0.0404056109
0.03125708892
0.01027505699
0.01135872309
0.01858421892
0.02081422608
0.01210947267
0.01503338028
0.01473130924
0.04658731371
0.0435262669
0.08321419142
0.07462693723
0.04384168538
0.06415293522
0.08942148732
0.08595826043
0.03489370163
0.03213106442
0.03017255811
0.02280272814
0.02950230859
0.0428155688
0.04327720752
0.03797146782
0.04836395253
0.04855609589
0.03102403847
0.03068568605
0.05146511659
0.05145768555
0.02957371632
0.0291775184
0.03035403571
0.02992797028
0.05999126418
0.05940960445
0.03605033359
0.0378484007
0.06112448412
0.06056361652
0.05524743239
0.05469702064
0.0325934637
0.0336808087
0.05638790179
0.05581251352
0.04352718245
0.02554083341
0.02581251941
0.02511350583
0.02532127177
0.04327981067
0.04486674687
0.0267633898
0.02725331121
0.02608084012
0.02639401852
0.04438586417
0.04119933145
0.02388529588
0.02412605977
0.02351555294
0.02374749587
0.0409628544
0.04248057047
0.02471635609
0.024908481
0.02429172101
0.02452712813
0.04220361403
0.02728848133
0.02710231383
0.06961003486
0.04664116158
0.04696391415
0.04593943801
0.04622190275
0.06889084663
0.02773761303
0.02753008417
0.02517041655
0.0264424574
0.06065179248
0.0421668268
0.04186178879
0.02816153867
0.02957981199
0.0541379542
0.06697852408
0.04523574328
0.04543666967
0.04451388028
0.04446280685
0.06573652488
0.0259899955
0.02603616011
0.03624294553
0.05437760129
0.05406333231
0.05579181853
0.05542639111
0.03683620737
0.02145638713
0.02121429883
0.02203869174
0.02176334824
0.02172293239
0.01698739187
0.02417915668
0.04463426198
0.03995296149
0.05186907488
0.0500314519
0.0344053776
0.02642640219
0.01833374886
0.02361410253
0.02511373877
0.03969555347
0.02315927914
0.02345060178
0.02246964332
0.02321429618
0.03976408329
0.02277943529
0.02255190475
0.02361435858
0.02336625182
0.02048291881
0.03468097943
0.03431449561
0.03511306529
0.03482893651
0.02056229659
0.01993369672
0.03361819904
0.0317304849
0.03419177321
0.03359404312
0.01991785444
1.155376507
1.156003035
1.155921599
1.156268022
1.157282511
1.156572966
1.157709493
1.026492034
1.157504219
0.9868577736
0.8767454272
1.039818385
0.856603464
1.155576432
1.156902995
1.156125494
1.157489957
0.9561814209
1.157711156
0.8938668211
0.7469007081
0.9556492076
0.7102573645
0.6270455382
0.8147355659
0.6077625287
1.156611214
0.9778258818
1.157340481
0.895943319
0.6996666707
0.8830775199
0.6477133303
0.5220432251
0.6843045317
0.4886965775
0.4103904666
0.5682015588
0.391292191
1.03046676
0.7709930265
0.9161852586
0.7025238369
0.5305232682
0.6497053895
0.4827719008
0.3631645116
0.4762644508
0.3299766225
0.2483542879
0.3645602075
0.2274871134
0.8690627413
0.6429729848
0.730787687
0.5818365262
0.4261216649
0.4987038004
0.3822558703
0.2650951284
0.3337945832
0.2304101259
0.1407452611
0.2163332756
0.1180268611
0.7777329897
0.5788504788
0.6213985972
0.5241225551
0.3819008275
0.4099111696
0.3401464876
0.2271342333
0.2498729541
0.1937073102
0.09266380005
0.1234201336
0.08669147773
0.05300077913
0.08379813503
0.7315678065
0.5602333374
0.5706252117
0.5130424322
0.390954381
0.3793668808
0.3546137906
0.2607087589
0.229120247
0.2038702814
0.1771287903
0.1671790613
0.08494655537
0.07379359333
0.06700073653
0.7271976973
0.5772285184
0.5626586949
0.5358509537
0.4311521412
0.4006530489
0.4020335121
0.3314260046
0.2760938738
0.2726280499
0.2545900516
0.2305404773
0.2001861653
0.1996654875
0.175767099
0.737614224
0.6066971662
0.5835125939
0.5706938435
0.4808015148
0.4437866686
0.4564938236
0.4030291451
0.3505139229
0.3578657082
0.3524961848
0.3291633539
0.3502093891
0.3613335955
0.3479817245
0.7608589838
0.6421711052
0.615150273
0.6090435964
0.5253804956
0.4926192168
0.5023465734
0.4500791014
0.4176150302
0.4232967213
0.4232163586
0.4102634305
0.4709453309
0.3883847207
0.3997338297
0.6521469953
0.5358296292
0.4577136366
0.4424204627
0.4527163141
0.4378783062
0.4583550653
0.3236261736
0.3363160152
0.1536034795
0.1336991105
0.142255879
0.3378858552
0.3262247415
0.3001483491
0.4033893249
0.4141257635
0.4318674947
0.3404376034
0.3527447937
0.4760114387
0.03556215409
0.04764519609
0.08241869084
0.07145278801
0.04474890844
0.3045916168
0.2795474008
0.2941210986
0.2596345559
0.2616178941
0.3049087707
0.205960257
0.2470343608
0.2409507419
0.3938352131
0.3742210601
0.3773606766
0.3862577835
0.3664612931
0.4044436422
0.3167041308
0.3588617347
0.371034173
0.3948057516
0.3732476528
0.3656615141
0.2126528341
0.2706510812
0.266708513
0.2931734778
0.289543273
0.2315500525
0.4375636456
0.4321124733
0.4333366248
0.4674070946
0.4297173461
0.4456102577
0.40674424
0.4345881572
0.4645806524
0.3727756812
0.3845524898
0.4779117392
0.1404251206
0.2090452297
0.2055149102
0.2322248419
0.2277942222
0.1710850666
0.435702321
0.4441175283
0.440002683
0.3067246223
0.3194701566
0.4519143801
0.08674003553
0.1501074354
0.1523818847
0.1718719741
0.168003758
0.100662769
0.07359142069
0.07312941344
0.06271789777
0.1614510365
0.138559903
0.1339644944
0.03249596579
0.02696086583
0.02561125821
0.05383958275
0.04759951249
0.05248837632
0.2493283286
0.336195749
0.3485485378
0.2829548277
0.3268165395
0.2530089975
0.2795142377
0.3139638436
0.2727757285
0.2010295878
0.1253975654
0.1302247283
0.1017620233
0.1052860147
0.1968633099
0.1930602244
0.1524245741
0.1588002721
0.1317925876
0.136532306
0.2130507832
0.1827295369
0.239752848
0.2356531839
0.2627827092
0.2588768296
0.200804805
0.4150574881
0.4177756467
0.4106817733
0.1571650397
0.128037991
0.1299937174
0.1079200806
0.109301119
0.1356347679
0.1839614546
0.09734715081
0.100633259
0.1322490262
0.1346444358
0.1632756741
0.1113785621
0.1793042252
0.1754675802
0.2019292116
0.1983128938
0.1284174678
0.479596793
0.356809497
0.3688246443
0.1054233507
0.08040708196
0.08134140757
0.05668000649
0.0574249969
0.08199319329
0.130883784
0.1052049449
0.1066626547
0.08235502209
0.08332194628
0.1095313049
0.1518052644
0.3024760277
0.05310186482
0.03352467044
0.03386502707
0.07863010815
0.05548849124
0.05607539026
0.0347573378
0.03696810715
0.05828992345
0.2085517275
0.1898998832
0.2166841136
0.1244911085
0.1622547145
0.1920250872
0.1320270046
0.1537509945
0.1134665258
0.08899601357
0.07982626281
0.09138752347
0.04643873595
0.0669745895
0.07954403395
0.05197433481
0.06073782199
0.04234389811
0.2498755054
0.2246268826
0.2215604727
0.2449309718
0.2250958816
0.2676000344
0.1686511189
0.2085950019
0.2227778293
0.1085525501
0.1215663709
0.1538530568
0.08703059167
0.1102188035
0.09756859512
0.1266348484
0.1162718852
0.1013457671
0.01301678171
0.01085886231
0.01060058892
0.02066822241
0.01844380538
0.01987585844
0.02796532299
0.0179790419
0.03391666978
0.02147715047
0.03140499663
0.01543886544
0.01928483937
0.03260082228
0.1574101163
0.1524674336
0.08894681849
0.2602893075
0.2055086862
0.2102169768
0.1970942814
0.2020982507
0.2561812148
0.09423888631
0.07943630328
0.08363923118
0.05606417555
0.06195755375
0.06454731198
0.1198281891
0.1250047976
0.1024728905
0.0335591081
0.02991513855
0.03455900859
0.01798466025
0.02434208451
0.029479482
0.02083900553
0.02237285791
0.01666604192
0.04701801762
0.04743270686
0.05136957448
0.02870381613
0.03125969195
0.02872261836
0.04657826516
0.04188624285
0.03704090773
0.1144298413
0.1232676326
0.1995705493
0.1985806253
0.1065350521
0.1116556013
0.1449925546
0.1504931971
0.2185769463
0.2165044335
0.1381572995
0.1432399886
0.1188425424
0.1202667428
0.148477189
0.1435447482
0.1160407938
0.1174394032
0.1479340217
0.1496200735
0.1784773559
0.172973401
0.1445810792
0.1462521472
0.07433625753
0.07535180751
0.09863097177
0.09305528562
0.07003705805
0.07236607753
0.09176597353
0.09415972711
0.1215189835
0.1166279368
0.08856611502
0.08995137808
0.1929165652
0.05199100076
0.05272215746
0.07362517529
0.07032122722
0.05053810578
0.05159711712
0.01337597883
0.01326424205
0.2161039217
0.2125570172
0.1423770873
0.3257740351
0.2693202786
0.273283767
0.2615188094
0.26540344
0.3217925209
0.3415125879
0.2851339542
0.2892102509
0.2773009388
0.2813364275
0.3376358016
0.1690603712
0.2245953497
0.2199349301
0.2771513719
0.2219516434
0.2260793333
0.2138245764
0.2181523599
0.2730834457
0.09930531335
0.1645716303
0.1604315793
0.247367285
0.2434193438
0.1860780439
0.3568595969
0.3008019985
0.3047245319
0.2929874382
0.2969780805
0.3530848947
0.06142866269
0.08438497197
0.08328092258
0.08635977141
0.08530157191
0.06196575845
0.1371414252
0.1105836164
0.1119580945
0.1871814719
0.1831868249
0.1134959231
0.2936434234
0.2379975583
0.2420316854
0.2299651414
0.2340181456
0.2895704244
0.3098124883
0.2537672943
0.2576403792
0.2459783664
0.2498776631
0.3058003837
0.1268010898
0.1946672539
0.1909787254
0.07850061234
0.07937481178
0.1040431909
0.05814153643
0.05760003272
0.03781983569
0.08340989944
0.05842293034
0.06005567434
0.101880222
0.1037772358
0.1293006939
0.058798215
0.08009706745
0.0780424878
0.08243282424
0.0811288153
0.05912650374
0.03855629597
0.05931331768
0.05874976594
0.06048465196
0.05990755395
0.03882053418
0.1109342424
0.08432948073
0.08532066811
0.05435456699
0.05494301594
0.0776267593
0.06190134144
0.04138911629
0.04645398365
0.01307406033
0.01154944347
0.01360200432
0.008546657226
0.009490006753
0.017974583
0.01654912595
0.01495706957
0.08224483111
0.09016389713
0.06752633971
0.08244939584
0.08407024008
0.07738992714
0.09947477311
0.09134045251
0.08817868749
0.06412454515
0.06083616645
0.05624084611
0.07138559997
0.06591608058
0.06892111801
0.07093490329
0.06830390401
0.07502824672
0.1361026653
0.1051775656
0.1103513019
0.09540715915
0.09952457885
0.1322199724
0.1115521055
0.1185395416
0.1094879702
0.113521912
0.1165880465
0.1228882446
0.03990783002
0.04340350073
0.04260658181
0.0457519261
0.04400719279
0.04110508043
0.05227114354
0.04902854877
0.05041500837
0.09347131894
0.06880437197
0.07121341294
0.05547579984
0.06147325879
0.08907559294
0.1015631772
0.076124238
0.07677565672
0.07416146076
0.07465585106
0.09999389409
0.0750973577
0.04942142142
0.04978975091
0.04866974034
0.04906991371
0.07436498139
0.07886924819
0.05110708251
0.05242196234
0.05013381267
0.05053342147
0.0775972052
0.1174300339
0.08705606123
0.08803437698
0.08514341682
0.08610772156
0.1159689088
0.1239408588
0.09130180285
0.09289809023
0.089040648
0.09009322925
0.1221371827
0.1065076597
0.07957957676
0.08045872857
0.07780446723
0.07863819077
0.1052039645
0.111739654
0.0832204088
0.08417534863
0.08136121411
0.08227258623
0.1103828898
0.07228021413
0.0480195554
0.04833643335
0.04733787563
0.04766548825
0.07160378401
0.1000854039
0.07661462904
0.07743086123
0.06278153434
0.0665854871
0.09042713999
0.04371051483
0.06806146318
0.06521312834
0.07566325764
0.072033168
0.04864694474
0.1230187348
0.09695841135
0.09964279444
0.08634474313
0.08740054275
0.1151659919
0.03947211001
0.06172055576
0.06108898076
0.06351479861
0.06248004029
0.03974450822
0.07453552184
0.05320026157
0.05383119914
0.04813179171
0.05018561393
0.06926901153
0.2783405105
0.2745185456
0.2165411796
0.3812206815
0.3312410256
0.3348618303
0.3238587965
0.3275960436
0.3826078921
0.3557580199
0.3458723527
0.3495765126
0.3385139947
0.3422106458
0.3611005901
0.2278474922
0.2858645029
0.2821223413
0.3716382014
0.3162508523
0.3200721478
0.3085625809
0.312431077
0.3680357865
0.1971231831
0.2550404633
0.2511476045
0.1247060222
0.1262897454
0.155302152
0.06919219906
0.09726413411
0.09595903776
0.1008268021
0.09881899646
0.07033490929
0.0796180206
0.1065367473
0.1034713022
0.1118469605
0.1094269169
0.08361054954
0.1653725779
0.137002735
0.1391643796
0.03385319359
0.03236321648
0.03049810541
0.03722582846
0.03513738126
0.03671459917
0.03162765415
0.03393740919
0.03671431238
0.06633883987
0.09255851551
0.09148901968
0.09477361677
0.0936468491
0.06697144369
0.1501495016
0.1217141733
0.1231822409
0.1132878181
0.1146741193
0.1419564168
0.06387816212
0.08838481837
0.08733749764
0.09044571689
0.08939834375
0.0644859676
0.0940788951
0.1212511412
0.1198499498
0.1241496931
0.1227119962
0.09519722386
0.1802601173
0.1513197014
0.1530348484
0.1411070326
0.1428689507
0.1712004145
0.08954478172
0.1154370502
0.1138770718
0.118381009
0.1169992548
0.09095638654
1.155592181
1.155622022
1.156037509
1.155668862
1.15573033
1.156078065
1.155824531
1.155949777
1.156140811
1.15611717
1.156331527
1.156262867
1.156593215
1.156920093
1.156431414
1.15729732
1.129579676
1.156661415
1.060203983
1.017447467
1.05428781
1.154682221
1.154711558
1.155136609
1.154769404
1.154860265
1.15522486
1.154978946
1.155235817
1.155532619
1.15549914
1.155621469
1.155700094
1.156070156
1.156281537
1.156210287
1.156992452
1.157299173
1.157011925
1.141231058
1.061245251
1.119395676
0.9785544089
0.9379230092
0.9855462243
1.153855095
1.15393138
1.154306702
1.154069914
1.154278782
1.154539347
1.154594484
1.155245176
1.155190171
1.155389723
1.155650535
1.155580616
1.15671126
1.157154898
1.156827275
1.050380852
0.9861890519
1.06429591
0.8438130911
0.8071654483
0.874065032
0.7308084696
0.7129782251
0.7738540582
1.15312007
1.153279325
1.153579907
1.153559049
1.153987159
1.154091863
1.154618711
1.155955275
1.155345837
1.155985961
1.156529054
1.156204994
1.030770381
0.9510985857
1.024926795
0.759733785
0.7095928615
0.7712310501
0.591527182
0.5611799823
0.6177921947
0.4934416076
0.4779896549
0.5336313387
1.152513687
1.152816483
1.153015574
1.15333042
1.154106409
1.153989508
1.155269918
1.117089237
1.156282201
1.137911002
1.041998743
1.099275359
0.7872367696
0.7188007454
0.7683881906
0.5558240362
0.5112483315
0.5539629559
0.4015479375
0.371871053
0.4135849408
0.3025520776
0.286340143
0.3293580133
1.152050216
1.152595327
1.152677301
1.153465021
1.154756371
1.154364542
1.156586625
0.9568773306
1.082600442
0.9398900463
0.8497558113
0.8889478777
0.6324716237
0.5735499535
0.6044264642
0.4262633502
0.3827512416
0.409469554
0.2728749248
0.2420591982
0.2690746186
0.1657513217
0.1473321099
0.1775361058
1.151757225
1.15266178
1.152604
1.154004668
1.155937985
1.155288526
1.110043435
0.8572209804
0.9318139017
0.8158119421
0.7374461567
0.7590068513
0.545992436
0.4923219855
0.5073570668
0.3537370041
0.313040819
0.325066564
0.2027079787
0.1689900815
0.1814355452
1.151733584
1.153051589
1.152838324
1.15494491
1.157516748
1.156658148
1.026084286
0.8021906798
0.8410480001
0.7518090873
0.6832300635
0.6922113211
0.5137302603
0.4660210022
0.4682516874
0.3411011015
0.3043688874
0.3006445482
1.152010365
1.153778394
1.153409858
1.156249526
1.154253847
1.158392686
0.9805042551
0.7877806074
0.7930211698
0.7272933167
0.6686424741
0.6656029561
0.5227342575
0.481692804
0.4757586728
0.3762187661
0.3463946936
0.333129845
1.152580463
1.154821559
1.154321189
1.157821177
1.114320678
1.131816462
0.9610923055
0.7895347255
0.7883956484
0.7301503982
0.6791062394
0.6750042806
0.5523511634
0.517344095
0.5074834804
0.4298621213
0.4063067126
0.3911315409
1.153444403
1.156130999
1.155540217
1.159567144
1.093790463
1.101673014
0.9600436592
0.8054633689
0.7980807257
0.7478511619
0.7028330996
0.6960492336
0.5897215801
0.5584512712
0.5481278587
0.4808499221
0.4604483454
0.4482458486
1.156999641
1.090398911
0.8223031788
0.7768541666
0.7369221534
0.7265392149
0.6300727493
0.5999502937
0.5892334974
0.5224784382
0.5007473064
0.4914461474
0.06357664966
0.0635727091
0.07831930825
0.06012343354
0.04968080625
0.2942013763
0.2881039145
0.3029286813
0.1904229319
0.2060952269
0.2028879402
0.4155320549
0.4048293395
0.41624173
0.318774521
0.3329274709
0.3407150482
0.4669565763
0.4552884968
0.4532388945
0.4281577889
0.4364422087
0.4509671911
0.1367903765
0.1634194416
0.1616559453
0.4525220563
0.4485132637
0.4569476817
0.08152655627
0.1062263882
0.1044355694
0.1307124917
0.1290418878
0.1034742083
0.2423826266
0.300231788
0.2967323339
0.3067362936
0.318693832
0.2604454393
0.1618483234
0.1636993699
0.1932305112
0.1876444889
0.1582598817
0.1600439742
0.1078766739
0.1341076721
0.1323901473
0.1599498589
0.1581504251
0.1316891108
0.1027072209
0.1011093299
0.07602984103
0.4146532995
0.1510404887
0.1611243736
0.1750486754
0.1116098637
0.1141580121
0.09751650861
0.05741544319
0.06391912961
0.06982809388
0.04257710811
0.04368765795
0.03802666631
0.2720580251
0.2701538738
0.2878295597
0.1652003075
0.1800379837
0.1819700486
0.1346309173
0.1371861489
0.1504008211
0.07673229797
0.08430579984
0.0791499504
0.02480178371
0.0248957963
0.03035987352
0.1176038754
0.1158709852
0.09229288167
0.02113204798
0.02365121014
0.02621022909
0.01586146004
0.01669810425
0.01473607499
0.180915461
0.1856204612
0.2032873142
0.2017447475
0.174329933
0.1772626807
0.01044659835
0.0104805101
0.01249024828
0.1719649117
0.1711128087
0.1468062758
0.1570966409
0.1722118533
0.1725226057
0.09655734832
0.1208713118
0.1191276665
0.1457970763
0.1438139781
0.1179721126
0.1235623479
0.1494481893
0.1476109624
1.155556148
1.155571651
1.155421855
1.15593353
1.155731218
1.155759247
1.155799378
1.155745249
1.155909239
1.156579018
1.156400701
1.156141294
1.156981266
1.156661271
1.156909345
1.156375752
1.15648422
1.156746547
1.139071316
1.157687085
1.15728575
1.094711146
1.158035747
1.088998922
1.157249664
1.157596556
1.157935727
0.9398493466
1.002076701
1.06429779
0.9347839387
0.9807079244
0.9110268768
1.098482705
1.046896403
0.9880370326
0.8330349151
0.8880733052
0.9199471328
0.880340695
0.8215114186
0.9760248671
0.9334445224
1.155957023
1.155773728
1.155458849
1.15656825
1.156144599
1.156401013
1.155832351
1.155957484
1.156310826
1.102501685
1.157596701
1.157047352
1.034819667
1.107587333
1.027106672
1.157231293
1.157671475
1.115458875
0.8380452867
0.9099829692
0.9696982397
0.8136298749
0.859148036
0.7897298965
1.009520272
0.9328261707
0.8838171393
0.6779340364
0.7412972565
0.775411311
0.6883561324
0.7130674253
0.6506434002
0.8437592381
0.7777608498
0.7513440992
0.5918114512
0.6519210645
0.6685561133
0.640285595
0.5801631142
0.7616719327
0.7011884964
1.15473753
1.156913678
1.156282007
1.044354091
1.130573778
1.065569109
1.156729536
1.157155926
1.114083494
0.8228161313
0.883615127
0.9599942113
0.7550558131
0.815647128
0.757766102
0.9502747357
0.8797130525
0.8160901132
0.6011550976
0.6529718238
0.7011121364
0.5719087311
0.6101043127
0.5594330499
0.7251139234
0.6652795805
0.625972797
0.4590497571
0.5082444513
0.5381235337
0.4596426015
0.4821821538
0.4330021069
0.5911521588
0.5349400442
0.5123193549
0.3756422878
0.4252674872
0.4407022997
0.4136408329
0.36379086
0.5220874001
0.4664593778
0.9342692832
0.9858003356
1.083224977
0.8151606934
0.8969978739
0.8468052143
1.004048107
0.9500151276
0.8638666505
0.6391856925
0.6778442486
0.7438289493
0.5641717546
0.6182085604
0.5831141671
0.7059318346
0.6588292431
0.6048145269
0.4391414921
0.4732764396
0.5163033897
0.3974308853
0.4337728696
0.3991529942
0.513098475
0.4709607652
0.4344812806
0.2996691085
0.3340873256
0.3642239239
0.2834469956
0.307142581
0.2724866844
0.3874046954
0.3454421884
0.3222805104
0.210403781
0.2468079672
0.2632092759
0.234354139
0.1976519916
0.3173250148
0.2740548294
0.7850845741
0.8148560382
0.9003384237
0.6680654821
0.7373014623
0.7097482215
0.8047025828
0.768739843
0.6971786366
0.5261034198
0.5480202791
0.6051392182
0.4462228345
0.495397651
0.4745031385
0.5497950421
0.5198176978
0.4705893239
0.3409154587
0.3599676282
0.4017231644
0.2844715506
0.3211231359
0.3014046704
0.3693465118
0.343364736
0.3073047544
0.1982560573
0.2182459831
0.2498311681
0.1631113549
0.1892147151
0.1687156383
0.2412089049
0.2138655828
0.188180964
0.09840795212
0.1218029107
0.1388135039
0.1088613732
0.08423858837
0.1647401859
0.1338979078
0.7044465918
0.7191194834
0.7942095089
0.5896958498
0.6512499598
0.6385788368
0.6867581895
0.6671549201
0.6037461375
0.47331891
0.4811548759
0.5333997062
0.3877725774
0.4330658938
0.4261881411
0.4572786105
0.4432337543
0.3968349167
0.3007091062
0.3047744321
0.3450043056
0.2302119155
0.266421486
0.2628994235
0.2858280538
0.2742138648
0.2380097278
0.159177609
0.1612689861
0.1953759325
0.09998239586
0.1299960334
0.1276965073
0.1517030565
0.1394647139
0.1085613828
0.0603473339
0.07084098745
0.06525119449
0.6686444809
0.6765421492
0.7433692866
0.5619820566
0.6164358209
0.6117243099
0.6285652431
0.6214877901
0.5652971795
0.4695038849
0.4661333555
0.5121360956
0.3831746548
0.4232983203
0.4290160437
0.4223795939
0.4215711035
0.3799965059
0.3205672525
0.3109167047
0.3458694656
0.2469438694
0.2778741424
0.2895327081
0.2640016708
0.2690911689
0.235880476
0.6722590249
0.6707533702
0.7282786568
0.5718548021
0.6189903207
0.6225076413
0.6117314607
0.6155844959
0.5671738943
0.4979419962
0.4890275214
0.5287011795
0.4187980781
0.4524182728
0.463124612
0.4369363949
0.4436159496
0.408496228
0.3757066576
0.3605757994
0.388310023
0.3122095398
0.3351787848
0.3522111914
0.3032470307
0.3186782013
0.2934777977
0.6898473458
0.6842067022
0.7344507378
0.5984853507
0.6392338837
0.6462471623
0.6270421308
0.6327426714
0.5906767448
0.5378515349
0.5275107558
0.561375644
0.468572298
0.4966252696
0.5079310278
0.4742334513
0.4853639933
0.4562165565
0.4350839584
0.4210115289
0.4433598985
0.3867078851
0.4020199741
0.4170760187
0.3692966409
0.3860001388
0.3690646858
0.3596438635
0.3511936741
0.362345318
0.3372243634
0.3477671868
0.3489645132
0.7180375424
0.7101949412
0.7554814273
0.6329555315
0.6697509654
0.6783843198
0.6536240046
0.6615029541
0.6239556539
0.5786716293
0.5685772376
0.5993352987
0.5148778293
0.5404622443
0.5508238246
0.5190064901
0.5299350915
0.504058645
0.4818404623
0.4715336695
0.4918548178
0.4409978726
0.4543086124
0.464152255
0.4308731074
0.4433205412
0.430307289
0.3922251832
0.4440924889
0.4402775648
0.4513953252
0.4476275534
0.3959756514
0.6876429506
0.6977931595
0.6626506833
0.5614101693
0.5720726367
0.5462763523
0.4728995057
0.4814208129
0.4647031678
0.327969693
0.3813971871
0.3767801984
0.38968377
0.385513444
0.3321077601
0.4070246052
0.4557628322
0.4548991533
0.4379182439
0.4543109733
0.4105787717
0.344600128
0.3978413112
0.3935904925
0.405879032
0.4017854956
0.3486763145
0.03921990598
0.05126287747
0.05122996824
0.05941158269
0.05452531964
0.04244603322
0.08028965579
0.06520877726
0.06934046068
0.06204820953
0.05417831068
0.06353647231
0.03795610466
0.04580244407
0.05283505688
0.04050446342
0.0329375804
0.2560871199
0.2717921528
0.2774931923
0.2999642626
0.287899659
0.2896891455
0.2218230108
0.222841324
0.2391232776
0.3775030899
0.3905977159
0.4012606815
0.382894665
0.3817740052
0.3735492596
0.4048782618
0.3985972267
0.3883432336
0.3323840261
0.3283289378
0.3177084597
0.3563200588
0.3461681377
0.3428021242
0.3558184503
0.3485461749
0.3624076516
0.3902970568
0.3814943302
0.395217184
0.3655986653
0.3775225356
0.3763708786
0.453440764
0.4540566957
0.4680805903
0.4422614672
0.4424265466
0.4457068867
0.4441680259
0.4500464815
0.4345225834
0.4219521478
0.4234122123
0.420094405
0.4359265436
0.4360656719
0.4206961381
0.4590300732
0.4447691376
0.449070017
0.3767378245
0.4291976453
0.425277899
0.4366983335
0.4328409187
0.380642387
0.1667798124
0.1650933196
0.1385774283
0.4491469443
0.442795013
0.4506140703
0.4333974092
0.4357696301
0.4400077866
0.4508926594
0.4435238609
0.4397003415
0.3108932582
0.3658368305
0.3622874534
0.3731112851
0.3683764438
0.3150516675
0.1103183309
0.107877997
0.08420566174
0.1350409072
0.1391967028
0.152383173
0.1020795082
0.1274077598
0.1257111263
0.0702174594
0.07020014123
0.07354700675
0.06176744223
0.064987449
0.06487395099
0.164683547
0.1541160558
0.1648951157
0.1329274314
0.1404778725
0.1489890622
0.307351473
0.3037606832
0.2458610424
0.3403677843
0.3458961998
0.3387666641
0.3532444189
0.3506093111
0.3456824784
0.296150044
0.3051316776
0.2955874215
0.3281187048
0.3161079202
0.310486484
0.2574581051
0.3149275254
0.3110681607
0.1270859602
0.1554465902
0.1534190372
0.1589118922
0.1571517301
0.1287233283
0.1029155527
0.1331675268
0.131617406
0.1363327289
0.1347377562
0.1040871378
0.1950270115
0.1655884711
0.1675508523
0.1544340024
0.1854301765
0.1830995838
0.1801206161
0.1876983259
0.1565309046
0.1333427473
0.1623927992
0.1605429588
0.1659418373
0.1641075357
0.1349291049
0.4213974281
0.4195303691
0.4353074003
0.40000053
0.4152534348
0.4166328569
0.154760445
0.1565023243
0.1858274674
0.09842559039
0.127091195
0.1256217637
0.130089304
0.1285850419
0.09953010274
0.1377631253
0.1359053996
0.1095281204
0.1300408386
0.1564519529
0.1546470628
0.3608380202
0.4137978139
0.4097246427
0.421570575
0.4175843232
0.3648270419
0.1508136036
0.1289319034
0.1317166348
0.3581873664
0.1373011682
0.148404458
0.1368512876
0.1040303329
0.1185395808
0.1271116869
0.05348310471
0.05842949786
0.05162127386
0.06991858458
0.06392274889
0.05956153171
0.07379048697
0.06875245889
0.07498825732
0.05488369816
0.05154183408
0.0556382936
0.03974797317
0.04663740717
0.04969065816
0.2316989148
0.2500657404
0.2671742504
0.2380521602
0.2412599845
0.2293405149
0.2740544056
0.2618333962
0.2543888388
0.1798905468
0.178636692
0.1670492713
0.2096393044
0.1972319188
0.1963759504
0.2015638556
0.196514847
0.2128218502
0.1131141974
0.1244107732
0.1209563063
0.1304039998
0.1257982816
0.1164684031
0.1505516679
0.1398383248
0.1436639247
0.09326382119
0.0875820379
0.0808978773
0.1048688061
0.09689859405
0.1026791495
0.08785717424
0.09304268561
0.1023996092
0.02445729676
0.02099268664
0.02376366788
0.02825364657
0.02587198715
0.01604663453
0.02036758103
0.01971110735
0.0235050059
0.02155062004
0.01743800179
0.03151151497
0.02580853046
0.02720027104
0.09080825256
0.1142259862
0.1121807973
0.09013838128
0.09177747574
0.09661942799
0.08014956244
0.08458726849
0.08298543497
0.1176984566
0.1179296355
0.1229253176
0.104506261
0.1092995796
0.1073773123
0.02023276938
0.02162015104
0.01947765436
0.02778521503
0.02595682548
0.02681210283
0.01547180746
0.0180388597
0.01890021147
0.1176502877
0.1476778298
0.1456145946
0.1516965873
0.1491682873
0.1206737124
0.1696091392
0.1718351981
0.2002611589
0.1079057011
0.1396528693
0.13796072
0.1434581622
0.1414637442
0.1095358521
0.1467854861
0.1771699378
0.1752127507
0.1811161271
0.1790698197
0.1486111516
0.1398220056
0.1695833662
0.1676828494
0.1733411092
0.1714032622
0.1415102656
0.01144665672
0.01095761077
0.008842229048
0.008610198955
0.01009819584
0.009423128665
0.01274140886
0.01090489684
0.01204189667
0.1444709528
0.1698292108
0.1683451238
0.124128977
0.1224363537
0.09788258375
0.1157544749
0.1418089567
0.1397628359
0.1529540952
0.1511557907
0.1252035036
1.155567542
1.155575073
1.156026878
0.4215128506
0.430012302
0.4444764281
0.0842794435
0.07202380234
0.09235835482
0.1070383288
0.1070518164
0.07626668554
0.08784416396
0.09516432656
0.08872464486
0.07910494094
0.06903957419
0.4676405432
0.4366579344
0.4537408018
0.3370718387
0.3220287218
0.3327773462
0.3058155248
0.3150018151
0.3271047465
0.03580043244
0.04183948577
0.04164276926
0.2762408027
0.2702740077
0.2571100321
0.2183676142
0.2092903309
0.1956338166
0.2396725948
0.2257519635
0.2332354909
0.3110432043
0.2901020507
0.2984038433
0.1696552057
0.1570531306
0.147280175
0.181105137
0.1687744867
0.1816401807
0.1381781253
0.1249628496
0.1233889347
0.1386812465
0.1307352519
0.1489404488
0.02942419889
0.03390919636
0.0363291524
0.03362240998
0.03100452598
0.02642927222
1.155308988
1.155213223
1.155137338
1.155471071
1.15534559
1.155409739
1.15519188
1.15496679
1.15492927
1.15505175
1.154984901
1.155171238
1.155700682
1.155182808
1.155378595
1.154976533
1.155060862
1.155501077
1.157111735
1.156266818
1.156638557
1.15561011
1.155917324
1.156651662
0.9959475984
1.100277641
1.044077099
1.157112739
1.113321894
1.025577362
0.8793669722
0.9711184685
0.9398673475
1.029752674
0.9862993924
0.9003382938
0.8160427338
0.8930964459
0.8790707596
0.9261695195
0.9049087743
0.8266449629
0.7915399805
0.8558371063
0.8563313664
0.8678068998
0.8635009517
0.7923537939
0.7913187682
0.845356861
0.85504717
0.8478065919
0.8532286567
0.7863359426
0.808363616
0.8530777249
0.8694933136
0.8473302121
0.8605493622
0.7959125056
0.8624508508
0.8818529462
0.8185786869
0.07504175401
0.09094056963
0.09409999039
0.1105774497
0.1057837257
0.0941242259
0.04255668723
0.04131753772
0.03668309148
0.0209890835
0.007982596553
0.0004208774325
0.02109605954
0.007936863194
0.0004242393127
0.01007481377
0.004383718838
0.0003724036735
0.0101601839
0.004390397397
0.0003729408181
0.01007301756
0.004377781798
0.0003722277457
0.0100403665
0.00445247515
0.000371419392
0.009837767412
0.004278849877
0.0003725935
0.01957877847
0.007246812501
0.0004114406401
0.01966248542
0.007312441654
0.0004142271335
0.02255198029
0.008566936099
0.0004417103946
0.02222639665
0.008431408006
0.000437588908
0.01090412887
0.004800644948
0.0003747777543
0.01059745089
0.00462431223
0.000375371074
0.01071503599
0.004715011265
0.0003749696045
0.0108626553
0.004786346236
0.000374771818
0.01076359711
0.004733953656
0.0003749006549
0.0101756927
0.004398200371
0.0003731010347
0.01025922832
0.004489018679
0.0003727343972
0.01053792274
0.004577553028
0.0003754979634
0.01039239303
0.004374591803
0.000375430418
0.01030984298
0.004496508904
0.00037285517
0.01037536318
0.004419563554
0.000374403755
0.00995004756
0.004443075927
0.0003722555382
0.01001499561
0.004455211101
0.0003715294842
0.009906760538
0.004408347744
0.0003727375364
0.009807314202
0.00421578408
0.0003734069394
0.02032168616
0.007495342873
0.0004186872941
0.02455692221
0.009465599826
0.0004718161209
0.02480925193
0.009726714289
0.0004817959278
0.02410130001
0.009214681101
0.0004621844408
0.02337752421
0.008945537202
0.0004529808582
0.02144217014
0.008081522938
0.0004289169332
0.01011914451
0.004417618775
0.0003724191718
0.01013923287
0.00441129164
0.0003726059194
0.0100671385
0.004412415268
0.0003718421054
0.0100512758
0.004442207721
0.0003715152467
0.009842344347
0.004337887416
0.0003717859092
0.02000682249
0.00739047785
0.000416728887
0.02585284283
0.01040917487
0.0005073072285
0.02530609668
0.01000863354
0.0004922048498
0.02777315565
0.02634081484
0.01067313905
0.0267264139
0.01086867074
0.02298461375
0.00878266839
0.0004477496261
0.0216854296
0.008158460051
0.0004326265895
0.0109378279
0.004806230195
0.0003747971414
0.01063201207
0.004663280553
0.0003751698629
0.01068730409
0.004695001846
0.0003750907344
0.01083576535
0.004770204167
0.0003748020937
0.01079128551
0.00475183374
0.0003748884125
0.01026005606
0.004471591723
0.0003727792986
0.01049896822
0.004523132173
0.0003756955533
0.01040453299
0.004409177505
0.0003758466131
0.01032221662
0.004487633406
0.0003729979166
0.0103590259
0.004470876702
0.0003736072107
0.009968177435
0.004451948256
0.0003719057795
0.009995495439
0.004450379905
0.0003717563503
0.009878141686
0.004352145306
0.0003731894367
0.009801781505
0.00424000849
0.0003737100003
0.01849192109
0.006879743482
0.0004061966393
0.01823633389
0.006815802424
0.0004046207633
0.01665823018
0.006319681797
0.0003948944756
0.0150724799
0.005884391703
0.0003879420892
0.0164092298
0.006240509944
0.00039420478
0.01301017914
0.005393600854
0.0003797365215
0.01385131236
0.005634998665
0.000382099955
0.01490367195
0.0058580382
0.0003873221235
0.01396113736
0.005644835348
0.0003825755659
0.01295805224
0.005344077113
0.000378907992
0.01250370995
0.005462438983
0.0003748514661
0.01243135826
0.005458506838
0.0003746611169
0.009797683238
0.00436022245
0.0003716038133
0.009793418057
0.004361162865
0.0003717979123
0.02505113765
0.01757280893
0.006641046897
0.0003995845523
0.01728988062
0.006503616729
0.0003987362221
0.02797959655
0.0156325286
0.00605705322
0.0003900041036
0.01576373886
0.006054570716
0.0003917241061
0.01341463375
0.005560935361
0.0003802015043
0.01351760086
0.005584797725
0.0003804922805
0.01454019038
0.005796910039
0.0003840146983
0.01436238125
0.005792694266
0.0003831190255
0.01276356048
0.005468603223
0.0003760980996
0.0126918823
0.005470692113
0.000375623188
0.01219198655
0.005420776503
0.0003744430298
0.01227036953
0.005428098524
0.0003745278279
0.01023057938
0.004434208634
0.000372948667
0.01883586961
0.00702989587
0.0004072639913
0.01926378869
0.007128974987
0.0004087535142
0.01802593705
0.006761491581
0.0004027606871
0.01693516402
0.006471053657
0.0003959221747
0.01525594074
0.005939631223
0.0003884284839
0.01620489704
0.006178965722
0.0003937235116
0.01318761667
0.005504778466
0.0003798240431
0.01372541051
0.005611317252
0.000381429443
0.01474228188
0.005800699735
0.0003864886576
0.01413185732
0.005657168254
0.0003829405507
0.01290514641
0.005439495957
0.000377678021
0.01255441329
0.00546283455
0.0003750295207
0.01214650799
0.005379851804
0.0003744131722
0.01208230493
0.005385069748
0.0003744438531
0.01237955231
0.005448075662
0.0003746159306
0.01119353613
0.004828600028
0.0003760640942
0.01123998313
0.004842078706
0.0003763262532
0.0115855534
0.00510558041
0.0003754753445
0.01155867315
0.005122416166
0.0003753016197
0.01202891764
0.005395837802
0.0003743569824
0.01200361739
0.005416999959
0.0003744584081
0.01163897209
0.005097062607
0.0003757502117
0.01167931982
0.005082481506
0.0003759927904
0.01116449531
0.004843425844
0.0003756407712
0.01110889647
0.004849088288
0.0003753845661
0.009824006419
0.00436315203
0.0003716032458
0.009769407274
0.004356152477
0.01778410467
0.006693901448
0.0004009364773
0.01705299876
0.006450815381
0.0003975443873
0.01546655076
0.006012930789
0.0003889186236
0.01594139625
0.006077439659
0.0003929256117
0.01329489726
0.005537233629
0.0003799053457
0.01362817514
0.005599221901
0.0003809540411
0.01458827008
0.005797402765
0.0003853411101
0.01430447233
0.005739013268
0.0003828883779
0.01282225576
0.005464319808
0.0003766926765
0.01263259528
0.005466661904
0.0003753160193
0.01219844092
0.005397595555
0.0003744642359
0.01230486081
0.005434163812
0.0003745361673
0.01136849645
0.004965236115
0.000376080339
0.01130304009
0.004899380846
0.0003762878657
0.01142676568
0.005031600813
0.0003757392126
0.01149584585
0.005098858706
0.0003755241418
0.01185617595
0.005269588816
0.0003754333859
0.01193014376
0.005365721866
0.0003748332959
0.01179968803
0.005183374328
0.0003758904108
0.01171988194
0.005106415525
0.0003761475647
0.01102219439
0.004824024946
0.0003751268182
0.0110792837
0.004836854601
0.0003752245103
0.01102897206
0.004811622864
0.0003749392352
0.0109927398
0.004807846448
0.0003748419369
)
;

boundaryField
{
    topAndBottom
    {
        type            calculated;
        value           nonuniform List<scalar> 
12
(
1.155883471
1.155120446
1.154328333
1.153511774
1.152679454
1.151838301
1.150991615
1.150195675
1.149463556
1.148874234
1.148425392
1.148177379
)
;
    }
    inlet
    {
        type            calculated;
        value           nonuniform List<scalar> 
20
(
1.15625
1.15625
1.15625
1.15625
1.15625
1.15625
1.15625
1.15625
1.15625
1.15625
1.15625
1.104335333
1.15625
1.15625
1.15625
1.15625
1.15625
1.15625
1.05597168
1.15625
)
;
    }
    outlet
    {
        type            calculated;
        value           nonuniform List<scalar> 0();
    }
    wing
    {
        type            nutkWallFunction;
        blending        stepwise;
        Cmu             0.09;
        kappa           0.41;
        E               9.8;
        value           nonuniform List<scalar> 
133
(
0.000192255707
0.0001923792235
0.0001829211911
0.0001829887225
0.0001829064791
0.0001830097715
0.0001830373996
0.0001909927724
0.0001912365383
0.0001939936745
0.0001937036886
0.0001840522625
0.0001839229745
0.0001840195423
0.0001840572335
0.000184035898
0.0001830363246
0.0001831391439
0.000183840566
0.0001834116039
0.0001831667501
0.0001832745489
0.0001832368415
0.0001830702753
0.0001832675135
0.0001830522156
0.0001919746593
0.0001963794168
0.0001972557949
0.0001957146109
0.0001949320621
0.0001927798461
0.0001829586862
0.0001829638923
0.0001829234436
0.0001829577168
0.0001830643509
0.0001915923571
0.0001990853654
0.0001980045652
0.000194583196
0.0001930971185
0.0001840557747
0.0001839639822
0.0001840076906
0.0001840601226
0.0001840593708
0.0001831334022
0.0001837561776
0.0001835792664
0.0001831673219
0.0001832256535
0.0001831747338
0.0001831319596
0.0001832398844
0.0001831339818
0.0001902232555
0.0001899191086
0.0001883550012
0.0001864882525
0.0001881309285
0.0001839159214
0.0001849509667
0.0001862730739
0.0001850802799
0.0001837072938
0.0001835010638
0.0001835320826
0.0001831470671
0.0001832242677
0.0001892329974
0.0001890111773
0.0001870651289
0.0001873158468
0.0001844000093
0.0001845192372
0.0001856524451
0.0001855676753
0.0001834684684
0.0001834458844
0.0001837639945
0.0001837071482
0.0001831025304
0.0001904953674
0.0001907301278
0.000189667555
0.0001885228374
0.0001867273773
0.0001878896733
0.0001841234547
0.0001847892206
0.0001860383684
0.0001852898297
0.0001835813248
0.0001834683627
0.0001839093746
0.0001840151532
0.0001835859575
0.0001841953371
0.0001842612199
0.0001843258422
0.0001843522283
0.0001840809882
0.0001841971319
0.0001843219551
0.0001843110889
0.0001841421801
0.0001841204949
0.0001831232055
0.0001894459165
0.0001887440903
0.0001869119631
0.0001875929737
0.0001842553375
0.0001846578593
0.0001858193366
0.0001854719983
0.0001835107325
0.0001834581218
0.0001838338866
0.0001836331167
0.0001843696781
0.0001843284603
0.0001843842896
0.0001844027165
0.0001843376816
0.0001842788506
0.000184351588
0.0001843391689
0.0001840752607
0.0001840926158
0.0001840550016
0.0001840568435
)
;
    }
    front
    {
        type            empty;
    }
    back
    {
        type            empty;
    }
    procBoundary0to1
    {
        type            processor;
        value           nonuniform List<scalar> 
49
(
1.148074293
1.148058933
1.148994828
1.151628922
1.154548484
1.154548484
1.161507628
0.9708102202
0.4359689204
0.4351204802
0.2431106177
0.02037317149
0.4491572763
0.457305793
0.4359689204
0.4440600676
0.2981970708
0.05232330607
0.03327678515
0.1890385409
1.157583664
1.091438816
0.790177547
0.7469943734
0.6407188416
0.6107123622
0.5321978167
0.5096649822
0.09954804515
0.07478057007
0.4088226126
0.6733287072
0.707754198
0.5565634676
0.5827091985
0.4697916501
0.4893275923
0.4355339484
0.4341177109
0.1494525713
0.1264909608
0.3538645636
0.4420857004
0.8420734755
0.8766346695
0.0003719229514
0.009750593398
0.0003719229514
0.004326533944
)
;
    }
    procBoundary0to2
    {
        type            processor;
        value           nonuniform List<scalar> 
58
(
1.034166627
0.05627318016
0.01268841692
0.01092656533
0.007050109824
0.01151427324
0.01151427324
0.008253795428
0.02012172207
0.01529703989
0.8087314055
0.9557544629
0.9557544629
0.5720543613
0.75170171
0.3558058282
0.5139784801
0.1895053622
0.3090868065
0.06724305823
0.1567180163
0.02930338522
0.02630987876
0.01546014034
0.009152370013
0.01268841692
0.007036006242
0.008399018129
0.007195823301
1.000495909
0.04649856609
0.8633492707
0.9114137314
0.6325566801
0.693155255
0.4056596345
0.4585442434
0.225963421
0.265884075
0.100808935
0.100808935
0.1256716024
0.03696691783
0.02630987876
0.02183447351
0.01835091335
0.01057455166
0.00722288764
0.007842082966
0.07943335668
0.0005226606451
0.01139390565
0.01139390565
0.0005226606451
0.0005399858975
0.01222311149
0.02012172207
0.01178123216
)
;
    }
}


// ************************************************************************* //
