/*--------------------------------*- C++ -*----------------------------------*\
| =========                 |                                                 |
| \\      /  F ield         | OpenFOAM: The Open Source CFD Toolbox           |
|  \\    /   O peration     | Version:  v2012                                 |
|   \\  /    A nd           | Website:  www.openfoam.com                      |
|    \\/     M anipulation  |                                                 |
\*---------------------------------------------------------------------------*/
FoamFile
{
    version     2.0;
    format      ascii;
    class       volScalarField;
    location    "2.96";
    object      k;
}
// * * * * * * * * * * * * * * * * * * * * * * * * * * * * * * * * * * * * * //

dimensions      [0 2 -2 0 0 0 0];


internalField   nonuniform List<scalar> 
3259
(
37.00442573
37.00379377
36.99485204
36.98282248
36.97186224
36.96373643
36.95914447
36.95640944
36.91028051
36.90921954
36.90871531
36.90842268
37.02709296
37.02670298
36.998244
36.94329063
36.88822555
36.84772946
36.80113831
36.78548463
36.73284134
36.72971249
36.7281711
36.72736316
37.09182102
37.0904514
37.0429057
36.95129102
36.83649783
36.74390259
36.65988202
36.62453608
36.56198254
36.55426647
36.55070744
36.54927004
37.25371929
37.24499768
37.16388333
37.02426936
36.85714767
36.69605736
36.55040535
36.48163722
36.39783174
36.38391472
36.37699792
36.37429771
37.61335897
37.58845394
37.43404725
37.19878158
36.94700699
36.71588107
36.48943356
36.36309613
36.245656
36.21866013
36.20628857
36.20146993
38.45399317
38.35366272
37.96397328
37.53587872
37.13275244
36.79223201
36.4841947
36.27438973
36.10580675
36.05819688
36.03762655
36.02953518
40.3709642
40.19614112
38.93682407
38.09047582
37.43198653
36.93103731
36.51112992
36.22016553
35.97773941
35.90295289
35.87057971
35.85790962
43.1401327
40.50866982
38.88154987
37.84247378
37.12804323
36.56890537
36.19346412
35.86411738
35.75410303
35.70605311
35.68746247
48.02037923
42.43498356
39.82918974
38.33134992
37.36640406
36.64847212
36.18884154
35.76473166
35.61394131
35.54689487
35.52114897
51.38135535
44.18672563
40.77312058
38.83097106
37.61678554
36.74042078
36.19634152
35.68090154
35.48595888
35.39737492
35.36331461
53.02487481
45.48779382
41.56646058
39.27659056
37.85325658
36.83261183
36.20881839
35.61140483
35.37265176
35.26167381
35.21850863
53.72299976
46.33238425
42.15263404
39.62991345
38.05393689
36.91524236
36.22243452
35.55675316
35.2747642
35.14197859
35.08945082
48.58870046
43.5410767
52.30158503
49.05148104
54.00669886
52.60807951
54.68243299
54.11950273
54.72224726
40.33495246
43.0332914
40.09626421
52.75127028
45.33603868
47.48013029
42.8921903
41.1072265
56.32686393
58.71364359
51.07360266
45.07009404
43.47658065
54.84828927
54.35375698
52.89232925
46.64852713
45.52285482
56.44978293
55.49705028
39.82953127
57.39589851
57.14929837
58.6365486
53.09967627
46.41032504
52.00210056
57.25963735
54.45529011
56.08402018
50.87616724
57.29952113
56.17026725
57.45990081
57.42326044
50.62501395
55.31921698
54.94089268
53.54208339
56.69225216
56.94173724
56.10958124
56.64806389
53.35358781
57.09965941
56.55410653
41.71675732
43.12347133
57.42820886
39.57165076
65.41701921
48.743431
52.02151968
53.68260273
47.64811041
46.94380235
61.68074401
48.3422746
46.67522582
44.91569228
50.96193204
45.75933902
46.20232818
42.39196
54.48013235
57.21787646
57.32874937
56.9733955
57.1972962
54.41150433
42.12487048
44.70365558
42.08991968
42.12060644
70.63111492
49.54291496
65.11648051
47.61786824
61.16474093
48.63973798
58.11015549
58.27225769
54.51259449
54.4812361
41.04849118
47.89349297
56.08238082
41.63308231
41.5746801
50.05623035
41.96332451
55.95618523
51.57381244
49.28581001
54.37155265
56.74907753
56.35094153
55.39507415
55.53859273
56.77052769
55.132927
54.53057394
55.7148099
55.29709123
56.68063877
58.09289843
53.15072701
52.07223504
54.29725572
53.46652049
58.07395976
55.52181895
50.86624543
55.44663993
41.87215696
45.33951018
56.82806923
41.828527
40.90320939
63.25447391
52.23238035
65.04637271
39.99143506
40.95260818
56.35488032
41.7107209
46.99223111
43.79689792
47.63403842
43.67037341
43.92548832
57.16774773
60.50413011
59.04107813
58.6911179
54.62150778
44.60687171
44.69498394
48.82105097
48.30419547
54.19766457
58.07909028
62.17840788
60.87930705
54.66343138
49.84242206
48.28881844
51.66678257
50.32885828
55.04808338
54.81453448
49.7760714
49.15382588
55.68104048
44.83232605
44.97995237
55.143901
56.80902882
56.41838507
56.3477418
56.08478057
56.09232344
55.82317849
56.31524139
56.15724491
56.09537932
56.8997623
45.99608001
50.48980446
55.29229245
58.38177754
57.70317483
57.15573024
51.93004126
51.71441365
39.70031901
39.85510005
62.06468771
61.53747666
50.16889408
62.0186922
46.34685723
41.56746439
43.95531227
51.29363423
57.58677142
70.94857916
57.46737518
53.43689258
61.61326159
58.34655902
52.65871735
49.32254126
55.36897001
56.49735515
55.75657189
57.49545638
58.60366438
58.60687438
57.07298002
45.87281692
44.88540862
54.55981498
48.5256844
48.272991
45.34780407
48.02123444
48.13178292
54.24676762
48.06015236
46.28249625
42.08938325
42.85030059
41.18531789
50.4300989
49.37033314
44.69795854
47.15101327
45.61957046
48.95492891
47.69755832
43.66611778
44.17678669
40.4150496
39.77060729
62.12161487
61.42069293
57.77985341
63.2222281
64.30114151
64.11439396
63.39581442
62.62809844
64.65391498
63.20323296
54.98715172
61.15677212
62.23341535
50.73461178
49.90101007
54.95430698
55.69461062
52.35712989
51.13013226
43.58452036
43.27117314
45.19292779
43.93613184
50.8761257
43.67232544
44.82394144
43.18058255
43.35838108
57.53842766
41.01314242
56.31345925
50.42583737
55.92857624
40.88138375
62.87969242
42.66950527
40.55510445
39.19040653
60.6339008
60.12075086
47.82140835
60.73187528
57.33969687
57.40578803
54.8540469
46.2529213
45.4641266
49.38748938
55.64534625
46.08532593
46.27338044
41.52472887
41.88479634
44.43620573
51.27826608
55.37182052
58.34578243
42.35207946
40.85320997
42.17552228
51.23098325
53.04625551
57.29654385
59.19534253
60.94315645
54.56770221
51.09254733
45.65149038
64.26660664
56.80218557
42.87512771
66.06690105
51.65089345
43.71265107
45.81038875
60.63299746
40.02699416
40.00733656
48.74627924
47.74880904
46.07597138
48.31994978
44.54204661
40.91297041
40.12459692
43.29146708
43.62843576
46.85347284
67.22328973
62.00795988
59.23495513
70.38278382
67.2572184
41.25842879
45.36320102
44.04765483
53.44529412
52.76351609
44.91712476
51.69138864
50.78784791
41.18383381
50.5015574
42.32148313
42.65249651
49.05708565
40.9465457
41.93825254
50.15176986
49.73789211
43.20041753
43.72145074
50.54405471
49.59737026
49.97839007
55.21827396
45.11277385
46.3756981
63.4082493
60.47093131
59.49618613
47.71440973
45.88529092
40.49572381
57.84549914
59.35270388
62.11800979
43.10143106
58.53151026
52.29916352
58.88905301
57.54146468
44.79924376
45.07798733
45.8833371
51.11548405
54.2171526
54.64246245
53.55418182
53.87153535
60.06930915
59.3855456
59.72751516
58.65798997
59.00658878
59.53015282
48.66961722
47.24667541
47.55680707
46.7978077
47.00713742
48.67607094
61.622425
60.5857169
60.62630221
60.07620461
60.36935884
61.24227565
49.38554558
48.4858476
48.82992765
47.84515357
48.17232743
49.20943094
52.82505811
52.94136648
52.04381631
52.21167189
66.13910574
65.78628095
63.29042531
49.09959711
66.06541293
62.93379902
69.01657805
63.2458608
65.85534945
61.11169388
52.16886156
67.57778497
62.04760163
52.50799314
51.98932695
62.14098543
48.28866889
53.42842381
58.3552291
57.2447898
58.81431636
56.29184212
66.28383172
62.48508914
66.72832818
60.375986
63.39527683
66.23875749
67.83402439
67.14366546
55.9004557
56.34768502
56.7040975
55.42544498
55.67080836
55.55614644
58.04656384
57.91547848
58.26573712
57.15464889
57.49822197
57.57522305
45.53691809
47.42017663
47.40538852
48.34384759
48.35607132
46.43831518
49.02138358
48.73023875
48.06440907
48.45002013
48.91220432
47.26366338
46.86238142
46.76783647
47.31167336
47.11608882
46.67301296
53.17660224
48.64606248
41.51873477
54.87881968
54.79208005
54.42398661
43.75233661
53.1198642
52.55234982
41.87782163
42.0387498
47.06609876
61.92008461
60.5971946
60.53211815
60.56725238
60.59693961
61.66355937
63.65074058
63.91145191
63.29704468
66.70148744
66.57473958
66.65058291
66.73795557
63.15094088
64.88904909
65.99759323
67.92755219
64.97780146
50.57769267
49.8681437
50.2369993
49.15828297
49.520199
50.14276389
51.82405552
51.2293222
51.51809785
50.59523531
50.93774108
51.53643044
49.43152867
49.28813913
50.44442202
44.62793186
46.58112271
44.01031663
49.12209641
49.47658856
48.84536929
49.01867289
44.41932181
43.13036169
46.44318586
44.78659714
48.77652212
48.9068003
43.15601691
55.25543846
43.28000063
44.41194047
41.31753048
42.21369745
56.08416037
54.72664659
54.04324386
45.91432815
49.63069307
56.48335443
61.86376006
37.06459856
37.02322236
37.06932687
37.07215498
37.02897227
37.06865526
37.04107103
37.01084761
37.02681382
36.96704602
36.9595654
36.94430676
36.865497
36.90140066
36.84266061
36.78087746
36.85679505
37.1910452
37.0865104
37.20085409
37.20233458
37.09463079
37.19434391
37.1457095
37.05905953
37.12258217
37.03294952
36.97702874
36.99814231
36.88522769
36.8655642
36.84678569
36.73420544
36.76244543
37.48162127
37.24191083
37.49815006
37.50194145
37.25300876
37.48094944
37.3856527
37.19109647
37.34595373
37.19864439
37.06292037
37.14301999
36.97232272
36.89996774
36.91631618
36.75713942
36.73495453
38.14189834
37.59268336
38.17217539
38.16796438
37.6003668
38.09112351
37.87940254
37.48462677
37.79751113
37.52627267
37.26205696
37.43249358
37.16142464
37.00896747
37.07600512
36.8412609
36.77173943
40.00968735
38.40197186
40.0266838
39.79228323
38.36906412
39.43059431
38.8453579
38.0692428
38.64405623
38.09337665
37.64373179
37.92702904
37.47917015
37.2280313
37.34599826
36.99366569
36.87209643
41.59145193
41.61526026
40.36340234
41.01189422
40.31921868
39.83602874
40.06516666
38.95365666
38.28242692
38.66045036
37.93302788
37.58088116
37.72997492
37.21688375
37.04292663
45.02334872
43.5952063
42.23602244
41.95536002
40.04380393
39.21364313
39.58126129
38.49478017
38.06656524
38.20507197
37.4957113
37.28252541
49.52118896
46.76759023
45.61093447
43.79145885
41.16499937
40.33387129
40.53758113
39.08688092
38.64434826
38.7085989
37.79712131
37.57050602
52.16097903
49.02952944
48.31029905
45.21431586
42.13013905
41.43346012
41.3775004
39.62711002
39.2326437
39.17205774
38.08320243
37.86960618
53.37872668
50.31018534
49.9546056
46.1705059
42.85021129
42.34127967
42.01911367
40.06435916
39.7515073
39.55138405
38.32894901
38.14849462
53.87695249
51.4338554
51.30487859
42.99752208
40.15374887
38.38110014
47.80353828
49.30153391
50.53247852
43.83774485
44.72223611
44.23973978
51.95433314
54.11699807
54.57730319
50.91299468
51.94073084
49.79209087
53.86281149
55.58063774
55.79329651
54.69792841
55.03190807
52.88727813
54.61464586
55.62833963
55.67172569
55.3611214
55.42513649
54.23102794
55.70103457
55.74157888
54.77671744
53.94831789
54.53659056
55.57444662
41.61857448
55.82833939
53.10187218
42.43362235
42.60306589
43.27775635
40.26237962
41.53970989
41.23587047
52.15548397
52.97436092
53.62692964
46.06648298
46.9474983
46.26065498
45.26046161
43.93122184
45.62280412
42.29008603
43.32868293
44.05610706
41.86900299
42.59188958
41.69285843
56.57860543
54.61612696
54.21087606
59.43077139
59.28145911
58.74066563
48.03178702
47.09251083
49.94441934
44.57173869
46.03399065
46.59310305
44.7586801
45.41921598
44.04232416
54.75685819
52.57651301
52.79000071
51.30184288
51.15181042
54.26942114
49.77522609
49.25321258
52.36721212
46.3107656
47.95052331
48.29802463
47.09849759
47.54955362
45.94027217
56.33144432
54.19703424
54.54935302
50.08854287
51.05724433
55.65809232
39.37882534
39.44315179
40.28348077
57.31494934
53.5572402
54.8083667
56.42988603
56.56968677
57.2028223
58.51660253
59.63536642
59.57372284
54.24706808
54.89176965
53.65087369
47.46228064
48.85475926
47.23365786
52.58182379
51.03469289
50.34126327
54.59512599
54.09109499
56.45052829
54.56506291
51.65675384
51.47293021
53.83103275
53.46313873
55.88947903
53.31064036
53.9449563
51.30835168
57.01331089
57.02804468
56.95487356
57.48278871
57.47007669
56.35624498
57.88288259
55.44932716
55.02605695
56.88605982
56.71128995
57.78022098
49.96861286
52.24251679
53.07799764
55.12778444
48.50981188
49.74467657
52.93517221
53.0465707
55.01052139
55.39977382
55.54781901
53.71806867
56.73106816
57.44936362
57.4632014
56.46436728
56.42882474
56.83766722
56.02235568
57.49061738
57.48999044
57.47961841
57.48782541
56.17081769
53.13051038
55.11453653
55.34616122
57.03794814
56.11495348
56.28244987
54.79061214
55.05416042
56.65747093
55.15724604
39.39410008
50.11275573
54.7527282
51.57080008
51.15362876
50.47302041
53.45387618
47.43995204
49.10083051
49.29740577
48.60460249
48.86708031
47.21050947
47.40236858
40.13990626
41.02051173
43.40877655
43.81470114
47.26152455
47.28522327
45.50354908
44.05148496
49.56335803
48.86299492
50.23964489
44.93309215
45.49947562
46.9622031
45.63992339
42.30951504
42.77553794
40.49421554
40.57188541
42.79514923
55.5578534
55.60030711
54.56408952
57.27855938
56.73182532
56.4536242
56.73401207
56.73188007
57.2858789
57.07702282
56.47064868
56.46837219
56.46177158
56.46954055
57.10946358
54.31683003
55.47059718
55.52035197
43.19823803
44.14352578
44.41761508
44.94735854
42.02223568
43.09252197
42.86558972
43.38515419
43.24209885
42.01714906
51.3470333
54.47426359
50.884517
53.27994251
48.77213336
46.80500457
57.83583756
56.13571393
60.58991328
47.18481186
48.85007666
50.69464559
57.5875918
57.392912
57.96797194
58.3826348
58.14803984
57.96212604
52.06597306
52.07551254
54.52263298
54.42369209
51.81034374
52.0032625
53.44944809
53.85690263
56.21093499
41.4340669
42.08041052
41.84727334
44.83508746
44.36595341
41.38112592
41.69591864
41.67086379
42.45150825
55.82133695
51.39709806
51.80789394
50.86025383
45.47118914
46.51651969
41.55209892
42.56384047
50.08198296
58.54535726
58.83924113
57.11486664
55.91814506
57.7265719
58.18855493
52.85668912
52.65476732
55.24705341
55.64570323
53.14425588
53.0323644
57.37073449
57.30842219
56.95312815
54.94690661
56.22769431
56.37212929
55.8540776
56.06353492
54.75108062
55.58616075
56.71690171
56.80641373
56.50062188
56.616232
55.45206857
56.43895021
57.44862357
57.41639573
56.13684803
55.78803171
57.98016481
52.81425993
54.1617215
54.50117938
53.37898701
53.78276382
52.45354399
54.03769009
55.38610463
55.64289398
54.83025982
55.10914961
53.76487333
57.89081062
56.67761328
56.3850306
46.84351001
48.02276942
55.92449536
55.37274023
53.60278284
53.73480658
43.183033
51.4703083
51.93085374
52.63907351
52.11396913
43.71728299
56.74122555
55.30022663
55.52847274
41.51922972
40.51217441
40.46740063
43.05317997
42.13848013
40.81183513
47.53587271
40.183834
44.44563497
42.90305639
43.87927546
45.00049119
45.26750145
44.77965806
43.63798067
48.02483019
45.24527702
46.3696024
46.86727411
48.46131267
43.89955052
44.97525212
44.62720705
45.32024488
45.19415515
43.9767064
55.63014661
55.06791263
56.86649174
58.72864913
59.06849507
58.89397254
52.19469375
52.37276029
54.66353539
44.51074654
47.8473045
47.56338558
48.7622656
48.28310013
44.55704152
54.20975703
51.03827468
51.02678863
59.51481652
59.63916094
58.33047072
52.39148951
51.70126688
53.61451051
49.33924206
50.3399849
50.91675625
49.13837875
49.75750959
48.82283287
51.24213139
52.47880042
52.94472353
51.46264244
51.98774077
50.7946786
56.1162922
53.56997952
52.99255478
52.0421888
51.84856738
54.68858685
55.72101056
53.16828452
52.97570001
44.90340494
49.35237396
49.11850489
49.70579743
49.53398962
44.94151712
55.08210381
53.12735416
53.21696088
57.42233857
57.43391708
56.76409429
56.399029
57.21877896
57.21706433
57.20538926
57.21563447
56.37870858
57.48830819
57.48990548
56.02725361
56.01061606
57.00898198
57.05900571
56.88393596
56.95156519
55.92669004
56.26861784
57.1670555
57.19031648
57.10179715
57.13846065
56.22123007
56.1385319
57.48557081
57.48734063
55.7389418
55.93741177
56.974603
47.11278935
53.57737624
53.19178707
54.39278476
54.00053547
49.70227505
53.11546221
56.44039362
63.26801573
39.68579255
40.26594167
39.93145894
41.52971026
40.72529746
39.72728904
52.25337134
44.31375073
40.58413733
40.83094513
40.28759031
40.41740567
42.80310539
43.49066107
40.75707962
41.01453235
55.87026954
58.71293583
60.77486056
55.78188568
57.81952899
55.03617573
61.78951483
63.37644777
59.73515415
51.18725012
53.0084587
54.79886861
50.5159829
51.88428443
50.47508457
57.20993042
54.00748023
52.7485221
57.7528157
56.86394298
56.31765846
58.63917816
58.45615807
58.51499063
47.46101932
47.42235554
45.16280507
54.54656187
52.07956277
52.11488415
51.17807894
51.48702715
54.33497494
42.76797306
42.45415124
41.31269669
50.12503323
46.34655763
46.83522661
45.20768471
45.77384868
49.72539822
46.63972945
42.73372761
43.05887632
42.42586411
42.49497243
46.06589768
48.57814294
44.18785848
44.64773497
43.44132021
43.78435214
48.08761303
43.06008219
41.67729641
41.78692517
39.95378319
40.35456959
46.40721748
40.22853345
39.54620927
39.52021851
39.7795401
39.6267416
39.89769825
57.45370929
59.09320104
59.32936849
56.63088418
57.21117357
55.45728855
61.75195147
59.57698931
59.0077564
60.40549253
60.04952905
62.18365088
55.09580792
52.45115739
52.24469116
53.03144996
53.14096091
55.70195441
43.39758434
43.12632565
42.81959401
44.02218651
43.57031461
43.3254816
44.81606371
42.45012514
42.41649512
42.59731121
42.50620704
44.37222077
40.81447986
40.62952746
41.17191149
40.81816351
41.40499238
41.03006605
41.97619271
41.15215364
41.30192172
40.04588987
40.50102754
41.16941442
39.46984227
39.96002555
39.59368475
49.46685225
49.61358196
47.97601867
57.40265971
56.74321521
56.73723776
56.77187062
56.75265893
57.36833242
46.06921642
47.27455291
47.65814603
46.33173097
46.81880258
46.04807058
54.16097413
48.37831526
48.51076659
49.47136324
52.84448006
61.40424382
46.18512735
47.46299902
47.0639092
47.93248312
47.8459034
46.22848242
42.58788956
42.34461956
41.81250661
43.73723648
42.89723589
43.070536
51.76589955
52.36692106
51.84312997
56.45946122
54.18719886
53.35291674
55.80952221
54.94663891
57.34192757
41.82063026
39.81243792
40.04434497
39.54470775
39.62306164
41.27209222
40.98572011
39.54306941
39.69716815
51.86712274
55.05586462
54.73649516
55.6019583
55.33769557
52.480873
59.98944779
57.31177854
56.54098449
58.49765067
57.87505963
60.38119749
54.03488349
55.47259479
56.07003804
40.44360117
39.94507927
40.97707314
40.74159806
41.75490086
41.49163133
39.96298007
47.61937928
44.66435906
44.49515426
47.19198613
47.8831451
48.51600454
49.11423207
48.01814391
47.34169576
41.39767566
41.79595478
45.09162684
40.49717068
40.24982136
40.23370739
40.44548883
40.31091448
40.31016848
43.35223691
43.73738778
43.62975074
44.14549299
44.04433464
43.46107903
45.72919138
44.62934625
45.26716897
51.39826348
48.41982128
48.74201956
47.39152207
47.84164049
51.0659671
41.23418861
43.71408821
43.26884343
53.32077517
53.45005284
55.28599419
45.38904504
50.24626962
49.94020862
50.97793861
50.63883208
45.85717484
45.25433788
46.14657734
45.80168834
46.75892604
46.53677371
45.55878521
49.66955277
47.49273028
48.18180752
37.01522226
37.01615966
37.00478826
37.01340593
37.00631429
37.00101816
36.99121564
36.97250878
36.9886218
36.95201246
36.93385952
36.97703834
36.91802371
36.90497756
36.96745675
36.89523264
36.88590604
36.96120054
36.87906589
36.87418965
36.95762588
37.03787279
37.04019234
37.02879325
37.03763073
37.03308024
37.02360707
37.00537523
36.99371364
36.99139923
36.94000311
36.91951212
36.92925066
36.86943302
36.85379465
36.8771951
36.76659372
36.74494332
36.8114853
36.72762138
36.71434358
36.79233376
36.70489567
36.70009244
36.78073515
37.12060121
37.12477998
37.0952676
37.11792965
37.10886591
37.08293183
37.06346579
37.04208621
37.02367432
36.96238262
36.9313923
36.92266371
36.83693402
36.80410773
36.80875068
36.70172477
36.63780978
36.68644156
36.60007129
36.57234741
36.63996359
36.55240646
36.54081115
36.61371522
37.32046454
37.32794987
37.26026762
37.3098352
37.28984639
37.23295327
37.21302179
37.17872893
37.13326974
37.05673709
37.01177425
36.98376341
36.87166337
36.82560615
36.81465204
36.70734246
36.58500221
36.60386403
36.51318939
36.45943484
36.51141294
36.42100882
36.39665564
36.46037562
37.764749
37.77181716
37.62702981
37.73048939
37.67661323
37.57140249
37.53447373
37.47220406
37.3804337
37.26506236
37.1939234
37.13527512
36.98355773
36.91699594
36.88673233
36.76960213
36.59620375
36.58722354
36.48072597
36.38475294
36.41660932
36.31649033
36.26996636
36.32624253
38.82302676
38.82389602
38.47490121
38.6211715
38.49561018
38.29244921
38.15986308
38.03134208
37.85839971
37.65092159
37.53105174
37.43067958
37.19621547
37.09473788
37.04138435
36.89258365
36.64729402
36.61582564
36.49311105
36.35446201
36.36412851
36.24417976
36.16478434
36.21047176
40.7040342
40.73220308
40.4486743
39.2740986
38.98757379
38.70291156
38.26468951
38.05970894
37.910253
37.52484545
37.37090611
37.29272768
37.07536677
36.73918769
36.68845471
36.53694326
36.3617982
36.35616645
36.20426047
36.08393708
36.1181583
43.74029134
43.41460666
42.88975284
40.98226509
40.39957338
40.01161714
39.10537456
38.77290067
38.58328908
37.95929984
37.73672642
37.63809927
37.30475971
36.86723469
36.79940089
36.60670904
36.3868304
36.37250987
36.18824739
36.02474324
36.04995327
48.55648817
47.59970674
47.12071128
42.91029448
42.00144779
41.60394028
40.06474807
39.58743394
39.38638116
38.45793557
38.15754753
38.05025414
37.55538906
37.01632125
36.94040472
36.69392181
36.42457323
36.40407154
36.1917601
35.98468425
36.00226467
51.66751899
50.53810118
50.24901657
44.56304192
43.42833443
43.10065202
40.97775546
40.37242587
40.1948546
38.94860602
38.57386632
38.47300284
37.79768191
37.16726958
37.09266464
36.78731756
36.47083671
36.44646462
36.20310322
35.9592524
35.97187286
53.16134438
52.09444102
51.94415541
45.74661946
44.49784649
44.26419665
41.72283564
41.02439757
40.88667338
39.37606882
38.94230781
38.85542697
38.00874783
37.30538175
37.23888157
36.87583899
36.51835286
36.49390717
36.21771043
35.94456862
35.95322037
53.78889331
52.80369896
52.75540809
46.4950859
45.21033305
45.05389794
42.26021707
41.49996111
41.40569026
39.69572883
39.22168672
39.16385179
37.36613619
36.53898295
35.94134843
40.73014874
46.62828666
46.10826304
46.87015388
49.9482343
49.6139643
50.733942
51.80651898
51.63022201
52.73025006
57.36832488
57.08450192
57.16639093
56.18222466
55.92492247
57.02902961
57.19118456
57.57921791
57.60531976
57.04390944
57.06337135
56.22128266
57.62101495
56.59765009
56.37963027
57.64971424
57.67425656
57.54177726
57.38299933
57.38893691
56.91353428
56.07213664
57.00129364
57.01363351
57.22762165
52.67709808
52.61644011
53.6051643
45.60860042
45.13268377
44.66090848
57.24815431
57.34590515
57.33763685
57.29686405
57.30172879
57.30979273
57.00768603
57.36674492
57.37204003
57.33951766
57.34079134
57.16977432
41.95018032
42.29528939
42.36330602
42.43479541
42.43307662
42.09589085
49.61750473
48.0688802
47.0394534
57.33386433
57.37562106
56.83980371
56.60124771
57.24693299
57.28723313
57.45775338
57.34185037
58.09299038
58.03798489
57.63134763
57.54438601
53.8827008
53.96467297
55.58559095
42.22965641
45.96038211
45.48488961
48.85892451
48.41479424
44.81566046
54.0612486
53.77602341
54.26843742
55.41315229
54.62161681
54.29652442
56.98709281
56.97984555
56.06441198
56.11006399
57.00013691
56.99115264
46.40674348
49.71728183
49.26662864
42.44917532
41.98751762
42.14456765
57.36276342
57.28743633
57.29124202
54.81100625
55.7721216
55.80514435
41.64681688
42.20039002
42.05982856
44.12736883
43.72642243
43.85353145
57.24282383
56.69058817
56.81455819
46.60947483
47.22745505
46.63340636
46.5464491
45.75038909
45.91072382
37.04723084
37.03372538
37.0723833
37.05440791
37.05171057
37.05402752
37.05494026
37.07344206
37.02952284
37.04067953
37.03997076
37.06198409
37.04566505
37.0513182
37.02741048
37.03854559
37.05352434
37.01777864
37.02683336
37.01734673
37.00962814
36.99944894
37.01460498
36.96118693
36.98200332
36.99028831
36.97375934
36.97659645
36.95874597
36.9181074
36.91642059
36.94098649
36.8724367
36.894956
36.89331575
36.91423121
36.90265012
36.88448909
36.81930661
36.83432881
36.85399056
36.80240101
36.81857457
36.79976676
36.86611126
36.84098945
36.82809951
37.14812637
37.11415292
37.20617579
37.16085644
37.15608934
37.15767742
37.16052494
37.20550366
37.09629208
37.12539582
37.12324393
37.18135755
37.14205453
37.15176373
37.1107601
37.128566
37.16542208
37.07298427
37.09713572
37.0816111
37.09579807
37.06592544
37.08996516
37.00925593
37.0391786
37.06594804
37.00214458
37.01814831
36.99085308
36.96131432
36.94413437
36.97780382
36.8745069
36.90997515
36.92382466
36.89533774
36.90039571
36.86824362
36.8085584
36.80516919
36.84008778
36.7385327
36.77050637
36.77119724
36.78489935
36.77500161
36.74871775
37.38213572
37.30688429
37.50655287
37.40812193
37.39801872
37.39388671
37.40399986
37.50587183
37.25812587
37.32627847
37.3223628
37.44831132
37.36951508
37.38357687
37.31107295
37.3439648
37.41873954
37.21473535
37.2681596
37.24287606
37.30069521
37.23449346
37.27445988
37.14509979
37.19133768
37.2513167
37.09962471
37.14084419
37.09984655
37.08594653
37.04646333
37.09668033
36.94250867
36.99469905
37.02903253
36.94241881
36.96588064
36.91871156
36.86158126
36.84128768
36.89130875
36.74561357
36.79284406
36.80854129
36.77411363
36.78141094
36.73847702
37.90898566
37.74370334
38.17729441
37.95893403
37.94087507
37.90492611
37.94273044
38.18337066
37.62034274
37.77399578
37.76948871
38.00657198
37.86485099
37.89363028
37.7281681
37.80010752
37.94852407
37.53260634
37.63607671
37.58994178
37.70958562
37.58085677
37.65579226
37.4246454
37.50365324
37.61901995
37.32318516
37.40529151
37.33589361
37.34068448
37.26234615
37.3434274
37.1031181
37.18223451
37.25013665
37.07215926
37.12313062
37.05233785
36.9940912
36.95268933
37.02655391
36.81368883
36.88187767
36.91588837
36.82844378
36.85287909
36.79112986
39.23104337
38.77261348
40.05656207
39.32407167
39.3081756
39.10104898
39.22021629
39.92318517
38.43465883
38.83262586
38.78236492
39.22229352
38.92000417
39.06022502
38.54463029
38.71513386
39.04968805
38.17928616
38.39864886
38.28444238
38.45161712
38.22693209
38.38375793
37.92675052
38.07487594
38.26842423
37.75138787
37.90277774
37.77576392
37.7699743
37.64504037
37.78297633
37.38675822
37.51285237
37.62067069
37.32755373
37.41492357
37.30280871
37.22050068
37.15444409
37.26751797
36.94833406
37.04837327
37.10326767
36.95466852
36.99890617
36.90842731
41.61516655
41.19457328
41.18441362
41.11259677
41.15918753
41.67779357
40.42689634
40.79557861
40.77286315
39.6455283
39.30066551
39.64804804
38.71420836
38.99265355
39.27878906
38.48615721
38.72684723
38.48686628
38.39595635
38.22464381
38.45875507
37.80841915
38.00793145
38.15417317
37.74017789
37.86834328
37.69040622
37.54362188
37.45463338
37.62438732
37.15501006
37.29853589
37.37310246
37.16338949
37.22861731
37.09705378
44.49836247
43.9387511
44.32965338
43.06897581
43.49292995
43.98015408
41.20248625
40.79725844
41.463211
39.76364779
40.24029048
40.57642981
39.58563328
39.90615977
39.48047251
39.17615654
38.97687286
39.34631222
38.34941901
38.64619143
38.816578
38.31242455
38.47415403
38.20430607
37.94376236
37.83964402
38.08167385
37.42280668
37.6207915
37.70808754
37.45202941
37.53491384
37.35139994
48.48207662
48.04617744
49.04536882
46.3826936
47.15668861
47.55730684
46.31418552
46.7493031
46.04118822
42.75376676
42.38479113
43.35847669
40.89846917
41.57974894
41.89319514
40.91653948
41.24966245
40.61345338
39.99174904
39.79703052
40.31053145
38.94337246
39.34455944
39.51178375
38.99387107
39.16694305
38.79279403
38.37026678
38.2653072
38.58537682
37.72256248
37.97882763
38.06761076
37.79754049
37.88795005
37.64630845
51.04014366
50.79203345
51.92263875
48.81447884
49.75069161
49.99794121
49.22424096
49.50651184
48.56202043
44.01105763
43.72994867
44.89777262
41.91574904
42.75168735
42.99720862
42.19831524
42.48046527
41.67444177
40.71895976
40.55771461
41.19094297
39.50330868
39.9989309
40.13936281
39.68435989
39.84032294
39.36833679
38.76589921
38.67147427
39.062918
38.01366885
38.32316866
38.40434654
38.15381145
38.23992753
37.94303795
52.33079486
52.1993082
53.26224493
44.89611417
44.70489582
45.96252526
42.7048206
43.63455454
43.80140944
43.23100091
43.43544689
42.51949705
41.28880804
41.16647444
41.88769188
39.96650367
40.53027575
40.64067504
40.2854067
40.40656248
39.86068115
39.09471617
39.01948981
39.46547234
38.27103975
38.62291223
38.68881463
38.48098016
38.55629716
38.21365663
43.95748985
44.09639864
43.12073052
40.7428218
40.82791985
40.22881542
38.74907516
38.80070157
38.42891425
49.72449609
48.93231376
48.48727301
49.64711543
49.24751447
50.13888977
54.28651468
53.21342101
53.02934604
53.54184829
53.38134759
54.42950234
51.27355008
50.31921768
49.95557183
50.93706773
50.61598663
51.6172095
55.61888924
54.87292517
54.8309741
54.82462532
53.82736807
53.68976402
54.07626213
53.95714124
54.92391306
41.11494687
40.71508643
40.66575878
40.25598975
41.41418518
40.95823992
40.98558351
40.76424568
40.85635489
41.32392901
44.7878573
45.40855227
45.87265102
44.45804817
44.94166012
44.43839539
46.29170302
45.58437674
45.03437306
47.7362097
48.61334479
48.93704093
47.92467357
48.28666125
47.43258629
50.36681221
49.26713861
48.88249289
49.63129615
50.5858686
50.76776816
50.20248567
50.41605531
49.43249559
52.56447648
51.45966453
51.2493395
50.409723
53.11215571
52.95779795
53.4614738
53.30866395
50.77108442
56.91000025
57.01155972
57.33639288
54.01564692
56.05862112
55.833847
56.43270955
56.25200373
54.43930442
47.93093022
47.37229106
46.85462103
48.16669462
47.69070648
48.40579239
56.75462027
55.69924613
55.40802711
53.54057224
52.44061837
52.21035493
52.84127383
52.63037647
53.74026567
57.50675513
57.52447186
57.08342968
57.06729434
57.38526119
57.46505178
57.30264478
57.35957567
56.9941183
56.29474046
57.10003022
57.12709329
56.94624517
56.76457322
57.76445725
56.83161586
57.16442647
57.24599308
56.93726812
57.06882564
56.7656528
57.66545647
57.70463655
57.72034568
52.54063857
51.49018056
51.21603984
51.99330746
51.73923881
52.81466515
48.98264658
52.37894374
52.19316206
52.7579028
52.6008301
49.39831565
55.45842108
54.63112608
54.56379177
54.76296624
54.70826891
55.50105302
56.4441937
57.19209342
57.1843578
57.21248401
57.2057044
56.44079995
56.89479084
57.39985562
57.40793705
56.9755527
56.97988405
56.03169276
56.06398315
57.14561933
57.02108811
55.20505408
54.29132174
54.19121774
54.47594517
54.39219236
55.27207684
56.59691552
53.55519228
52.52533455
52.40848803
40.34127582
42.80800295
42.29598436
43.947107
43.37086191
40.69194951
46.47795609
45.82777273
46.38310106
44.97906319
45.37459408
45.93554332
44.39915313
44.80863458
44.56194383
45.96997064
45.70521389
45.1415796
46.54106759
46.00546736
46.48207236
57.32508304
57.33557319
57.25831551
57.03966006
57.11310189
56.3396677
57.30197175
57.30891215
57.3147316
57.35433299
57.35778207
57.04188316
56.47108517
57.13204032
57.12223851
57.16406886
57.15378678
56.46879017
56.46550112
57.06959034
57.05801426
57.10062444
57.09057179
56.46661279
57.14195369
57.34537112
57.34754108
42.2783068
41.8976851
43.11841456
42.59347905
42.85717507
42.6722084
43.07201217
42.34659035
42.32840431
41.96450407
43.02723208
42.61584288
42.67585725
42.57886876
42.60720066
42.89481024
43.3666605
42.83350821
42.85412325
42.70004058
42.81283633
43.28039385
42.08755133
42.40969419
42.39080791
52.49993757
51.31939301
50.45953477
52.63449677
51.84427046
53.30027148
50.62946377
49.52802964
50.79038383
47.62490977
48.49798714
49.31701373
50.05149593
49.30876004
49.63444294
51.57922182
53.79892807
53.64172132
54.41417637
53.93993361
51.95811549
41.92421683
45.12197089
44.47058991
46.75020904
45.52987333
42.73286333
56.90511197
57.42267483
57.4626631
57.16802453
57.20275753
56.51145388
58.04986783
57.22952122
57.08554483
57.72800744
57.68801092
57.9759155
47.20903104
51.50267333
51.30455094
51.94736158
51.77620372
47.59290967
55.65306863
54.13249915
53.98729808
46.9949519
46.49630496
42.6814111
49.39324319
49.25794477
52.65812348
44.23306997
47.96436819
47.49671631
44.98020914
44.46883066
44.3128091
44.65415134
44.67037343
45.10834522
44.18639154
46.93167152
46.3295587
44.96432446
44.47809319
44.57274494
45.34112793
44.65518375
44.65720072
44.58576273
44.64881493
45.31637332
55.16985719
54.85886613
55.77208278
56.04406261
56.97529914
56.97162841
57.01415632
57.00361906
56.12409236
50.97218552
50.03750655
47.2323354
41.77701425
41.62358556
41.19579408
57.25097056
57.28275424
57.37521521
43.53518295
43.34835642
42.93009856
36.87106297
36.87000634
36.95523562
36.81847013
36.81132488
36.83936035
36.72684452
36.7071393
36.72599095
36.69716579
36.65734614
36.65907536
36.7312382
36.67355858
36.66274749
36.82324453
36.74240515
36.71663518
36.97725046
36.86410514
36.82556177
37.18567244
37.0324369
36.98353013
37.42962319
37.23264664
37.17930707
37.67889992
37.43959612
37.38839453
37.9090326
37.63247378
37.58761566
38.09783139
37.7942022
37.75914993
40.17955543
40.5767813
40.51474479
51.24929892
51.53318086
51.01837038
50.43720113
50.76777379
51.05082963
39.69175851
40.05191922
39.80758737
39.72276869
40.93877391
40.50703315
40.56947527
42.55107514
43.0209567
42.76112001
50.23121943
51.17388001
51.31496508
50.90761058
51.06470583
50.06598289
52.90282484
52.86759636
53.82336719
54.83159097
54.93615457
55.64294107
51.32639022
51.68258802
52.02320073
50.22947591
50.53268025
50.20788369
51.39129379
51.69493183
50.32615211
41.49105892
41.72556311
42.12937676
43.29263374
43.59571532
43.88247244
36.75416274
36.77862136
36.79033882
36.6732016
36.68404442
36.71052597
36.65818485
36.65457653
36.70016451
36.70120293
36.68278693
36.74658991
36.79706502
36.76452665
36.85364996
36.94279728
36.8989196
37.02336963
37.1299701
37.07821256
37.24384618
37.33670379
37.28426987
37.49305064
37.53882886
37.49058334
37.73865026
37.71759418
37.67754203
37.958596
39.7086496
39.79937842
40.08284824
93.2515949
122.1821084
112.4185355
103.922062
150.658603
70.83074463
105.611566
124.8550269
56.52311293
93.56240188
125.07069
111.0710107
73.9727483
114.4180495
103.3454452
74.60243984
192.0987826
96.68758806
74.08436269
193.0769776
97.09878411
73.65235283
194.197515
97.97260586
79.53771194
174.9623328
94.72457108
78.08570536
177.8595688
96.32618864
78.92969902
174.6429698
94.46662656
81.67151553
172.0131758
92.01549224
102.6805179
153.0939242
72.62847494
103.0865362
152.8319653
72.11191451
107.6834783
136.955017
63.7458
104.8269807
122.4014959
55.06549536
76.77742409
188.8869545
95.60375813
79.50497244
181.4611648
94.48400498
77.94013378
186.2596069
94.93996757
80.28963592
179.3632871
94.47301606
72.8186636
194.7294662
98.71122002
73.52645385
194.3846094
98.03737848
73.5367788
194.3312788
98.73805863
75.91285086
182.3425126
98.34901734
77.32055703
178.9103462
97.23971979
75.38901827
183.6111508
98.38482203
81.60862123
171.7541116
91.4462592
82.19713431
170.0511026
89.46428233
86.79646048
165.7860154
85.56243622
83.71634618
168.3358992
88.99746976
85.96160919
166.6892906
86.3055075
107.4560986
137.8730132
64.38430069
104.4559554
120.223344
53.19820078
93.35063721
118.4868106
113.3054284
103.9317872
151.133443
71.24277339
105.7465449
123.6864655
56.03586282
93.83471558
162.9736561
77.52669649
104.5225697
149.9372738
70.28633076
104.5767467
149.43707
70.52752596
71.09723578
93.88403815
57.4387136
105.0402678
121.499502
54.43092997
104.9896564
120.8034971
53.74582982
75.05562543
191.3094401
96.45804502
75.27446727
190.605317
96.37797926
73.80156871
193.6329136
97.25281637
72.97345904
194.2960166
97.84957946
78.68730419
175.9528341
95.75727377
77.37303526
177.4173855
96.17321403
80.22295249
173.4718911
93.7321736
81.06798004
172.2938289
93.04618426
80.24799186
112.7897548
108.3212584
85.98637343
113.1351907
112.4387371
88.52308495
113.6549112
113.8178474
103.4167322
152.0810126
71.71182852
107.5358184
136.6262371
63.49276367
107.6299703
134.6312717
62.69858487
107.2120019
135.3278376
63.13371198
67.81577855
51.69840725
50.20966725
50.63983642
105.6053331
122.8745295
55.54175953
77.67691797
184.2084952
95.34067226
78.36597011
184.795355
95.28089362
81.00628983
176.6615773
94.93035534
73.33346932
194.7696733
98.42463403
73.15758685
194.7874978
98.35328543
73.33009667
194.2364417
98.92012797
73.48740038
194.0712228
98.88707711
76.78715179
180.9891136
97.52122091
76.07514951
180.4420201
97.54734771
75.82103827
184.1854888
98.28413451
75.04962246
185.2165734
99.00281402
82.79825487
170.3986867
89.7838317
87.61579156
165.5472158
84.57567411
84.98429225
167.2105338
88.10960607
85.25913579
167.0220554
87.23824812
105.3748663
145.6398792
69.45868982
105.3721216
146.7268309
69.97672394
104.6513255
148.2423064
70.31182679
107.3495022
130.8821662
61.0472186
107.3187748
130.3449469
60.52507969
65.21868008
94.06493037
72.46832426
66.5028568
94.94712839
79.63325828
65.73030643
102.8391599
85.3522951
105.6038219
125.0655735
57.01851619
99.6069689
157.3568618
74.3622551
100.0173088
156.7313541
74.19690587
88.31888258
155.0569368
99.71375882
95.80951433
161.550714
76.52973577
94.71130503
162.5148614
77.14031536
72.77572521
88.41917948
55.37227758
70.88078989
90.82240564
56.14213907
106.3349018
127.6645447
59.20669964
104.5865104
119.7660251
52.45830973
104.5127388
119.3605188
51.79871736
73.39970662
191.0492447
99.74998389
72.45581356
193.6654822
99.72885713
73.57964222
192.4175847
99.6094437
72.72376756
190.3750627
100.0552025
75.11363583
185.7979735
99.05539431
74.61338675
186.8607951
99.74502259
107.4928034
141.2915063
65.4377798
72.97217838
85.09331424
55.42832509
73.94038915
53.1858247
106.5254651
127.3581224
58.6446067
98.28836487
159.3756833
75.03768536
70.66717043
52.36186407
92.2292789
138.2939101
106.5445313
91.82560634
141.2393827
104.5226822
82.67325706
170.8401003
90.35203684
96.63154839
160.6862557
75.54179851
106.5938228
144.2015777
67.55776591
107.353408
140.6550459
65.29802539
106.8596999
143.0818047
67.23279355
69.28099381
93.38761468
61.29958174
106.9977981
132.1151658
61.60731801
107.1579116
129.7004084
60.09042634
106.3963974
125.9431345
57.55601179
90.62773813
116.0903119
113.8185904
99.72847611
158.1600113
74.17967616
100.3721056
154.9276501
73.92038484
101.6178567
153.8916525
73.35793856
93.90942988
130.0093819
109.5390683
90.043948
148.7904586
101.3652958
86.93741403
158.0331822
98.81868752
86.04847532
161.7599908
97.67289881
89.06183854
164.8740475
82.78188299
87.4083145
165.5793382
83.68727422
96.37051513
161.2404192
76.17027888
89.95308541
164.0776441
82.05553811
90.93936905
163.9609609
81.06854889
71.79712126
114.9009435
97.155024
107.61326
133.6783652
62.13097038
107.3564646
133.424462
61.84484049
107.0210661
128.7697821
59.77659805
73.68507159
191.626996
99.41508708
73.55879207
191.9489121
99.63686187
74.114487
188.5904896
99.79209224
73.64831077
188.0338218
99.80163584
73.30692071
77.0568838
54.2134478
73.65726954
81.26504468
54.44505229
106.5372068
126.3787219
57.94964155
83.3611349
111.9104443
111.3692307
98.95493336
158.5020285
74.71012657
93.09194108
132.5353224
108.0727231
91.20409417
145.7904098
103.0964671
84.51508183
168.0021088
95.74461593
85.45428178
163.8434153
97.2299586
82.80361525
170.6260136
95.84031727
81.5993489
174.7295583
95.22945196
96.97705768
160.7763538
75.43378827
91.82115808
163.6870619
79.53787239
91.23235743
164.0451701
80.29437483
92.8733249
163.2001994
78.91578864
93.13924943
163.0034735
78.18820107
106.6148263
144.4588906
68.0184679
105.9248325
145.1333454
68.70894879
106.9857064
138.6111834
64.79404137
107.2274077
140.1052793
65.1458225
106.6730314
142.2875085
66.67202295
107.1199066
141.661829
66.18161836
67.30045665
105.9171946
91.15600219
)
;

boundaryField
{
    topAndBottom
    {
        type            slip;
    }
    inlet
    {
        type            fixedValue;
        value           uniform 37;
    }
    outlet
    {
        type            inletOutlet;
        inletValue      nonuniform List<scalar> 0();
        value           nonuniform List<scalar> 0();
    }
    wing
    {
        type            kqRWallFunction;
        value           nonuniform List<scalar> 
162
(
112.4185355
70.83074463
56.52311293
111.0710107
103.3454452
96.68758806
97.09878411
97.97260586
94.72457108
96.32618864
94.46662656
92.01549224
72.62847494
72.11191451
63.7458
55.06549536
95.60375813
94.48400498
94.93996757
94.47301606
98.71122002
98.03737848
98.73805863
98.34901734
97.23971979
98.38482203
91.4462592
89.46428233
85.56243622
88.99746976
86.3055075
64.38430069
53.19820078
113.3054284
71.24277339
56.03586282
77.52669649
70.28633076
70.52752596
57.4387136
54.43092997
53.74582982
96.45804502
96.37797926
97.25281637
97.84957946
95.75727377
96.17321403
93.7321736
93.04618426
108.3212584
112.4387371
113.8178474
71.71182852
63.49276367
62.69858487
63.13371198
51.69840725
50.20966725
50.63983642
55.54175953
95.34067226
95.28089362
94.93035534
98.42463403
98.35328543
98.92012797
98.88707711
97.52122091
97.54734771
98.28413451
99.00281402
89.7838317
84.57567411
88.10960607
87.23824812
69.45868982
69.97672394
70.31182679
61.0472186
60.52507969
72.46832426
79.63325828
85.3522951
57.01851619
74.3622551
74.19690587
99.71375882
76.52973577
77.14031536
55.37227758
56.14213907
59.20669964
52.45830973
51.79871736
99.74998389
99.72885713
99.6094437
100.0552025
99.05539431
99.74502259
65.4377798
55.42832509
53.1858247
58.6446067
75.03768536
52.36186407
106.5445313
104.5226822
90.35203684
75.54179851
67.55776591
65.29802539
67.23279355
61.29958174
61.60731801
60.09042634
57.55601179
113.8185904
74.17967616
73.92038484
73.35793856
109.5390683
101.3652958
98.81868752
97.67289881
82.78188299
83.68727422
76.17027888
82.05553811
81.06854889
97.155024
62.13097038
61.84484049
59.77659805
99.41508708
99.63686187
99.79209224
99.80163584
54.2134478
54.44505229
57.94964155
111.3692307
74.71012657
108.0727231
103.0964671
95.74461593
97.2299586
95.84031727
95.22945196
75.43378827
79.53787239
80.29437483
78.91578864
78.18820107
68.0184679
68.70894879
64.79404137
65.1458225
66.67202295
66.18161836
91.15600219
)
;
    }
    front
    {
        type            empty;
    }
    back
    {
        type            empty;
    }
    procBoundary2to0
    {
        type            processor;
        value           nonuniform List<scalar> 
58
(
37.00268184
40.32887915
43.42383287
55.8838258
48.37722229
56.90761149
66.14659474
52.48113721
63.33190328
66.14659474
37.05522703
37.01041217
37.01839233
37.17649196
37.07630123
37.45538546
37.22653696
38.08039098
37.56649718
39.93953113
38.33315883
41.47150904
41.91958898
42.92859695
44.71073833
44.20084108
47.40199067
45.04205298
50.75680734
37.01041217
40.61589316
37.03891872
37.02691061
37.13568421
37.10289935
37.36341893
37.28845871
37.86914783
37.70380571
39.09090411
39.71120087
38.67384328
41.06648156
41.47150904
42.16233046
42.5425307
44.20084108
46.17942352
45.67648468
39.71120087
49.84971608
70.54993942
65.01817493
63.18411072
65.01817493
72.83469319
72.83469319
71.71927144
)
;
    }
    procBoundary2to3
    {
        type            processor;
        value           nonuniform List<scalar> 
51
(
36.95055766
36.23047951
35.50966835
35.9346082
35.19137276
35.03785072
34.97653509
40.82824387
57.448405
57.46546569
39.41107868
52.82762939
57.448405
54.879741
48.11825572
43.49952849
64.54183313
53.90439123
51.52792793
55.44943311
39.44146053
48.45062954
43.49952849
48.09916223
49.73770103
56.78320191
40.7511861
46.61098759
45.32344808
42.36462333
41.59681324
39.7642019
39.28316594
37.42022678
36.55998042
35.9346082
57.29665895
55.82588372
43.23042417
44.21039624
40.30474679
40.91270077
38.47485349
38.85512473
56.73767829
38.13614813
37.83108499
52.95230565
104.2160651
119.1331513
51.32310131
)
;
    }
}


// ************************************************************************* //
