/*--------------------------------*- C++ -*----------------------------------*\
| =========                 |                                                 |
| \\      /  F ield         | OpenFOAM: The Open Source CFD Toolbox           |
|  \\    /   O peration     | Version:  v2012                                 |
|   \\  /    A nd           | Website:  www.openfoam.com                      |
|    \\/     M anipulation  |                                                 |
\*---------------------------------------------------------------------------*/
FoamFile
{
    version     2.0;
    format      ascii;
    class       volScalarField;
    location    "0.06";
    object      nut;
}
// * * * * * * * * * * * * * * * * * * * * * * * * * * * * * * * * * * * * * //

dimensions      [0 2 -1 0 0 0 0];


internalField   nonuniform List<scalar> 
3259
(
1.156525609
1.156530868
1.15644375
1.156320419
1.15620562
1.15612902
1.156069078
1.156046135
1.155811822
1.155827611
1.15585269
1.155880834
1.157658326
1.157741253
1.157365428
1.156788687
1.156218824
1.155778618
1.155398177
1.155235646
1.154974796
1.155004967
1.155073538
1.155152297
0.9561843259
0.9552478133
1.032801497
1.158020487
1.156694437
1.155715705
1.154906917
1.154528612
1.154143449
1.154158014
1.15425862
1.154392485
0.6522960476
0.6634745965
0.7397685174
0.8816723123
1.105694128
1.156261368
1.154779507
1.154018544
1.153338788
1.153292589
1.153398182
1.153571531
0.389108967
0.4088819974
0.4912222703
0.6242718037
0.8234154903
1.125107714
1.155209411
1.153786821
1.152697675
1.152505933
1.15258341
1.152790341
0.1934183375
0.2229715897
0.3113056543
0.4403589542
0.6208802447
0.8886819031
1.156335646
1.153902913
1.152300158
1.151871141
1.15187726
1.152085545
0.06933144979
0.1079049801
0.1991238417
0.321643671
0.4872370904
0.7211316701
1.099166121
1.154463049
1.152019302
1.151283171
1.151168689
1.151355707
0.05891706578
0.1454909388
0.2570762674
0.4082307517
0.6205906202
0.9727242528
1.155388217
1.151813007
1.150627224
1.150331826
1.150477691
0.06783561546
0.1384555761
0.2348397553
0.3720632451
0.5658373303
0.8960964853
1.156612646
1.151675845
1.14992713
1.149404713
1.149492944
0.09276499398
0.1537444965
0.2410238276
0.3680374926
0.5476108662
0.8566120807
1.158028789
1.151713381
1.149367806
1.148584638
1.148597324
0.12553784
0.182729682
0.2670347609
0.3888647454
0.5591516089
0.8513520221
1.159484259
1.15205998
1.149162007
1.148107066
1.148032051
0.1624178354
0.2239314228
0.3114885347
0.432925397
0.5979216396
0.8755635964
1.160910488
1.152781942
1.149358332
1.148042105
1.147872963
0.06002338385
0.05138968892
0.08391038114
0.0627651851
0.1178730225
0.08792255905
0.1490372387
0.1229155786
0.1529034708
0.07079416685
0.05334063087
0.102050845
0.03053032266
0.02177944204
0.06553817408
0.1173841035
0.1242797134
0.04940586506
0.04955783202
0.08950266136
0.1310327259
0.1190488448
0.08098555175
0.0603487806
0.1213429353
0.1585771524
0.1369144541
0.126880955
0.1063533751
0.02666152918
0.140153315
0.134211587
0.04794256627
0.03180847927
0.05282983709
0.03362790608
0.04614118566
0.05983306394
0.04920797953
0.07389047974
0.06962646839
0.07715341074
0.04721947406
0.06912543611
0.07244075314
0.1019542561
0.08270754759
0.1051181547
0.09719630896
0.1146485765
0.07780725069
0.09414732149
0.1006010373
0.1333079974
0.1276339389
0.01802172555
0.01540863568
0.1415084365
0.0302026857
0.01559201949
0.009265569668
0.01001904002
0.1553034128
0.1949564325
0.1668875704
0.009960242422
0.08983634452
0.07879834347
0.0249444053
0.03192681422
0.05158559663
0.07646796907
0.05614536015
0.137751691
0.1267798326
0.1352788586
0.1158786736
0.125535441
0.1344230203
0.02792697755
0.02223095179
0.03541674629
0.02664163426
0.01459129812
0.02469527158
0.02210442996
0.0111274046
0.01782863587
0.02340666522
0.06153709522
0.06199471467
0.07100775024
0.06957199788
0.02722159864
0.01201427737
0.1244800546
0.02300494102
0.04379229224
0.01085517128
0.0194195272
0.1199418032
0.1117727178
0.09549880524
0.01052213238
0.03906655207
0.0388009448
0.05755518462
0.05714480658
0.07395811087
0.07013257588
0.06551759633
0.07666507148
0.07169273413
0.07432731041
0.05702688851
0.05808266678
0.05311943989
0.06383057003
0.05944169242
0.05860312061
0.09657493303
0.01054943923
0.09481299042
0.04685169656
0.06844444273
0.1313542599
0.05235267086
0.02941592481
0.006747818805
0.1172343459
0.003649307668
0.02775946177
0.02049681239
0.006169775753
0.01760324312
0.01229475656
0.01116936456
0.009627134432
0.01467963566
0.01040647866
0.05294607735
0.02375838682
0.02239371243
0.05452142782
0.0762364406
0.02399016363
0.0328129858
0.01506776722
0.01487045306
0.06280403111
0.0441998185
0.02666164123
0.02397090561
0.03878156602
0.04555021132
0.04150216149
0.05159423368
0.04694573468
0.03983284149
0.05868207538
0.0158363627
0.01516166888
0.05127423875
0.03481450627
0.0379293119
0.08745236383
0.1064693732
0.1048873224
0.09697049231
0.08582996088
0.08447038246
0.07859360806
0.09407693478
0.08678798798
0.08724950156
0.1325013947
0.07162273226
0.09435309298
0.01094769351
0.01293893495
0.006605862644
0.012649836
0.01020107854
0.01004108343
0.04177242509
0.03128240974
0.006756943815
0.01162300462
0.008267450838
0.01202516256
0.01255155543
0.01868508968
0.0655948507
0.01072409313
0.009617962997
0.02493243698
0.02233373369
0.019509477
0.03093330772
0.02368665683
0.01907132602
0.01717584858
0.01332187418
0.02071194356
0.01617401724
0.05573485222
0.05635381525
0.02204056101
0.02079216964
0.02228250197
0.02316913026
0.0745348385
0.01297614478
0.01347756908
0.01792699819
0.0132243204
0.01370664889
0.064402606
0.01428434206
0.02174512557
0.0182211614
0.01601945622
0.03081773148
0.07958323569
0.07283965646
0.01463110166
0.06101080883
0.0528215428
0.07037751264
0.06377724352
0.01562544237
0.01401848091
0.05640675606
0.04595053302
0.03658483896
0.03482161612
0.04301621781
0.02541063054
0.02547275605
0.02039431246
0.03632091316
0.03254846839
0.02636439041
0.03663768301
0.03555149098
0.03754156498
0.03828342794
0.01696420222
0.01617975734
0.05836864327
0.05327075292
0.01696761484
0.01722637478
0.03891917414
0.03284627606
0.05044344848
0.0422138829
0.01011136681
0.0205925002
0.01918109066
0.03061289096
0.02150614984
0.007173287208
0.04254879075
0.009677078196
0.010867325
0.009685507652
0.03931193482
0.009715972472
0.06112897243
0.1318306684
0.1732330959
0.009703499741
0.009694034696
0.2060523354
0.006857496645
0.1397548169
0.1452781595
0.1627331501
0.005369131637
0.008643925698
0.006289356144
0.005095007036
0.006483678664
0.005096016584
0.0658889446
0.04184536553
0.02549659528
0.02758786592
0.02415971541
0.0274278906
0.06916116196
0.05990693807
0.01638518299
0.09978606133
0.1156832046
0.1366469832
0.02893996646
0.03473713193
0.03418264779
0.01129624172
0.01324384213
0.009876456117
0.01039798696
0.07180238907
0.0137396084
0.01043043517
0.01422002498
0.01267599357
0.01001168873
0.03446486529
0.04389604682
0.08892074792
0.04025670309
0.03672912136
0.02711491783
0.0685311002
0.02192440513
0.03099426815
0.0267539102
0.01687206641
0.01126738742
0.02090924832
0.02013287206
0.01868293159
0.02390116114
0.02929598081
0.02482100289
0.01318246089
0.01450667809
0.00863510676
0.009956399066
0.01383104815
0.08898534923
0.08186377981
0.03371088878
0.01044019979
0.02049332479
0.01832908647
0.01175364931
0.02003035397
0.01693517655
0.0110399197
0.01119976939
0.0175007053
0.01661637809
0.01061757823
0.01112095175
0.01072532529
0.08915794115
0.03942089274
0.04822660038
0.009782048079
0.009864094646
0.009968540275
0.01191305873
0.01271065431
0.0227694235
0.006948688995
0.004664740115
0.00861841459
0.01498172208
0.009659725956
0.01087260077
0.009608206567
0.00994586725
0.01311074496
0.01140772353
0.007563027566
0.005519177751
0.02056966308
0.02122625821
0.01980402282
0.02008208672
0.02314993167
0.03468287008
0.03512962554
0.03408164833
0.03449620779
0.02294634221
0.01477000616
0.02681052083
0.02674148715
0.02768520204
0.02698028168
0.01446235773
0.02545362236
0.03856589482
0.04255171272
0.0355056143
0.03655044136
0.02470778563
0.01575199763
0.02674392609
0.02670143091
0.02669088401
0.02672781754
0.01547178493
0.01902853464
0.01949277443
0.01840091086
0.0192189767
0.009821136679
0.006834773956
0.009899715678
0.01174199781
0.006676804958
0.008882259596
0.00788635018
0.01535770622
0.00408295206
0.009672553503
0.007419929228
0.005148424591
0.006375095145
0.01011119217
0.009701551103
0.009698847283
0.011814079
0.01055658445
0.009153553162
0.009848735802
0.006973270724
0.009971750525
0.0282805575
0.02207533932
0.02380343589
0.02752661708
0.03130797298
0.03031452957
0.02814572192
0.02996494785
0.01972979819
0.03093272267
0.03277578801
0.0226490854
0.03108419488
0.02094229245
0.02160274704
0.03346420702
0.03389253195
0.03275714359
0.03333106723
0.02135597176
0.02254634074
0.03957304137
0.03899126916
0.0131881866
0.01332199605
0.01530931531
0.01176108938
0.01216760909
0.01271378339
0.01364532364
0.01311477284
0.0173037904
0.03305209845
0.02958739036
0.03802970775
0.03617460098
0.02031236008
0.009826564558
0.0116023623
0.02171049587
0.00795215364
0.009755944516
0.009770511388
0.01522746427
0.009932610203
0.01022735484
0.02704729923
0.02397788348
0.01242711426
0.03648642218
0.04406540552
0.042450029
0.04706362086
0.04677293581
0.03451812015
0.02421587351
0.02572690494
0.03744612107
0.02745838511
0.02619546163
0.02911928846
0.02774782196
0.03462523957
0.02701030827
0.02760701452
0.02215089885
0.02875170694
0.01658155868
0.02670610381
0.02668825865
0.02675176377
0.02674866519
0.01647617899
0.01745834322
0.02464800339
0.02147514396
0.0265075686
0.02599312919
0.01733251344
0.01095878464
0.01142286578
0.01046308801
0.0155437469
0.01316939642
0.02014685022
0.0119752233
0.01178353928
0.01211491903
0.01205920764
0.01973919293
0.0273364876
0.01398723867
0.01654892528
0.01207805666
0.01159462053
0.02366329847
0.009984114777
0.01478161329
0.01394466645
0.02020523256
0.01672279882
0.00981215611
0.009694348845
0.01005283659
0.012771096
0.01126216359
0.007446620779
0.01006675333
1.040619235
1.15757139
1.029979173
1.019818768
1.157770197
1.025286065
1.079710036
1.157474611
1.102227693
1.157886235
1.156933792
1.157575475
1.156747691
1.156346039
1.156500512
1.155844552
1.155873212
0.735653829
0.9672104387
0.7266000521
0.7261702028
0.9475570029
0.7352266611
0.7862778639
1.007792386
0.8112157996
0.913711258
1.146031908
0.9573368119
1.121713765
1.156995559
1.157748292
1.156405687
1.155914167
0.4563888307
0.6608236434
0.4489739141
0.4558338552
0.6540719977
0.4665992731
0.5213932305
0.7149856667
0.5463181707
0.6426924173
0.839419969
0.6814401054
0.8286643377
1.044053937
0.8879257859
1.094938917
1.156695917
0.2419395869
0.3962906529
0.2357965747
0.2491207139
0.3972227614
0.2624912253
0.3239811489
0.4659535798
0.3495270335
0.4432529787
0.5852639917
0.4800261057
0.6119160921
0.7667084389
0.6642607406
0.8542929907
1.028937235
0.08517207103
0.1996935445
0.08354535144
0.1153378893
0.2082755969
0.1305246987
0.1953640553
0.2854851011
0.2213034835
0.3112327535
0.4040289657
0.3458025165
0.4671330708
0.5697309898
0.5149933286
0.687639348
0.8068453697
0.03424266855
0.04365238071
0.07433676219
0.08229348935
0.1085026922
0.1278073406
0.1540787348
0.2370220469
0.2876158782
0.2688448913
0.3801872771
0.4405991258
0.4236697823
0.5790250399
0.6546261693
0.05850985889
0.08352616475
0.08798259644
0.1375394527
0.2088578282
0.2260924403
0.2372462686
0.3380348872
0.3657501005
0.3777053036
0.5202646879
0.5597117769
0.07686168823
0.09544802971
0.0896487431
0.1484543358
0.2119571891
0.2072919308
0.2374513409
0.329862725
0.3332282409
0.366565665
0.4984492024
0.5112857806
0.1045237694
0.1211936204
0.1109164944
0.1743954361
0.2345394254
0.2158874221
0.2588652309
0.3467146104
0.3319208971
0.3815682199
0.5057595055
0.4978322886
0.1379618578
0.1557523438
0.1424353675
0.2122038981
0.2739116003
0.242787957
0.2984508856
0.3855065355
0.3543441728
0.4196241809
0.5385468838
0.5120250155
0.169786344
0.1879429341
0.1764529103
0.2867302152
0.398887392
0.5516185375
0.05725121416
0.05017914305
0.05436106466
0.04250380527
0.0421624723
0.05058586853
0.0805190441
0.07516524675
0.0805285368
0.05593332114
0.06139709513
0.06493563462
0.1138369894
0.1105404603
0.1153661565
0.08263051216
0.08761286941
0.09194881497
0.1458614005
0.1416274373
0.1441368242
0.1192573598
0.1235238174
0.1271398947
0.1463769858
0.1485615141
0.1554557886
0.003250802163
0.003770398259
0.003229558887
0.03633576566
0.003232708082
0.00299404278
0.05613682038
0.04764255849
0.0438759781
0.07884363322
0.04894773977
0.07291242165
0.02976022524
0.02908005212
0.02967627247
0.01865532348
0.01856238917
0.02191367247
0.08700964402
0.08479857125
0.05964309737
0.1173316703
0.0992115036
0.100147907
0.1028247098
0.100153584
0.1193986401
0.04992190724
0.03232146316
0.03206218654
0.05116117897
0.05016020307
0.05124026547
0.1069408675
0.09884528722
0.07840122191
0.1260617475
0.1113856589
0.1168517366
0.1027093817
0.1065425
0.1220350657
0.07930598128
0.06373151391
0.06581301461
0.04328898274
0.04357219181
0.06092248819
0.1378216372
0.1256631597
0.108684144
0.1508001488
0.1377718582
0.1458303421
0.123057706
0.1301170467
0.1435571011
0.1260302039
0.1038647069
0.1088270738
0.06929167156
0.07566881239
0.1107425426
0.04058352884
0.03704705544
0.02317043511
0.137757159
0.1211860886
0.1284930614
0.1334176868
0.1336878441
0.133747415
0.046552943
0.05026537216
0.05199297753
0.03067760158
0.03131959487
0.03238013347
0.04488783775
0.04852725565
0.05493466027
0.0352687822
0.03715872386
0.0354510326
0.04756333105
0.04599972681
0.0437855294
0.05941799855
0.04292786453
0.04305026833
0.03196851197
0.03195691712
0.04929740427
0.06853201602
0.07243532309
0.08254217527
0.07048856719
0.06576595277
0.06076178992
0.07374825239
0.07186631363
0.07565817509
0.05094509651
0.0508956294
0.0491910466
0.0602648506
0.05675945669
0.06602423303
0.0654014716
0.06217097614
0.0666080643
0.0977611096
0.06023750054
0.06716097202
0.06764105938
0.06922239819
0.08426134766
0.1001633471
0.1065266344
0.1096594383
0.1006717649
0.09749673671
0.09471481276
0.1127090666
0.1076670987
0.1086030911
0.08036627248
0.07765662697
0.07569549768
0.09176389482
0.08757348409
0.09296907269
0.09616039245
0.09036575934
0.0965646235
0.1335339672
0.1325407525
0.1331287591
0.1136805089
0.1186665927
0.1289242248
0.1285751517
0.04462767074
0.007857301474
0.009833002097
0.009559895169
0.166252305
0.1638183319
0.1418160512
0.184888852
0.1718666411
0.1816904356
0.1542355777
0.1626419887
0.1757618952
0.08447636472
0.04754389982
0.05801472909
0.06640525062
0.06840633024
0.08172976333
0.02612257517
0.03578623046
0.03638731472
0.03389650151
0.03261152689
0.0303015255
0.05034387417
0.04239399553
0.04318497411
0.07380999129
0.06001926605
0.06292033468
0.03870594242
0.04219082247
0.05920768287
0.1352250842
0.1387814154
0.1415112727
0.1315406912
0.1330325286
0.1339764428
0.139936422
0.1366965107
0.135285972
0.1198707263
0.1214633458
0.116809604
0.1297634798
0.1236732804
0.1212511039
0.130819916
0.1277416616
0.1313700179
0.01449293825
0.02321666023
0.01981863634
0.01887195604
0.03126265312
0.01963076362
0.03014585097
0.01387927438
0.017486948
0.0281030235
0.02131523391
0.0234636727
0.02616502099
0.01171809762
0.01666739067
0.01498944503
0.01729807184
0.01574288826
0.01636722922
0.02232675322
0.01956591063
0.02059548544
0.04597382503
0.04429785178
0.06006195959
0.06023749748
0.04712887026
0.04619243601
0.05530141511
0.05628424487
0.07209450088
0.06806345244
0.05219952976
0.05400898916
0.09435589461
0.09909960379
0.1253399238
0.02617555529
0.0426414041
0.03911661964
0.06112673377
0.05852401251
0.04074692268
0.03559142206
0.03287362867
0.01725640478
0.1154449679
0.07817165808
0.08221831133
0.1063364897
0.08102273334
0.08670461055
0.06186792558
0.0688828972
0.1007666001
0.03859708095
0.04039383445
0.0403485657
0.03841220052
0.03629215122
0.0371971883
0.04263133809
0.04264906887
0.05783216283
0.05643126618
0.04183045187
0.0424483941
0.06630592468
0.06460350912
0.07158477455
0.06887190293
0.06647456753
0.06801919393
0.06284775736
0.06337054441
0.0672087779
0.07501152654
0.07249540154
0.07416682506
0.06932836822
0.07085943842
0.07331506527
0.07524126246
0.07002665879
0.06821696331
0.05427763573
0.05256807899
0.05233114356
0.05641412741
0.05424494352
0.05591123753
0.05090102841
0.05257929982
0.05478679557
0.06240185851
0.06143552667
0.06217132193
0.05742973712
0.05937848287
0.06092275049
0.06530549569
0.05685257054
0.05596442913
0.05087223709
0.05753670357
0.1057597276
0.09280446406
0.07782908217
0.07963063397
0.05677180108
0.09045585262
0.09073377514
0.1005238414
0.09551885315
0.0599325164
0.1308852887
0.1238187494
0.1289468473
0.04892958295
0.03139378811
0.03493539967
0.01523748964
0.01737983854
0.03224893836
0.09242076073
0.02496522295
0.01342204429
0.01489885802
0.01289894751
0.009751573525
0.006596478922
0.01132502276
0.0157675543
0.008237482469
0.0103439233
0.01004861358
0.008496334834
0.008009688952
0.012566463
0.00886080083
0.0122535846
0.006461802316
0.007568729429
0.01106459073
0.03502301531
0.03313366951
0.05099191372
0.05284270091
0.04952119776
0.04868717545
0.05977162852
0.06163750052
0.07758931789
0.0260781653
0.04421883408
0.04207733324
0.04992560082
0.04711172414
0.02966499489
0.06172508051
0.04412991471
0.04512459196
0.04741356517
0.04908399728
0.04543451245
0.04115933689
0.03873443975
0.0371150356
0.04413626588
0.04106881249
0.04267526754
0.03812803305
0.03960645967
0.04287716211
0.05002819667
0.04763869851
0.04927565903
0.0442648403
0.04597584414
0.04854765067
0.04286918315
0.04444340357
0.04307459674
0.04272123872
0.04280881432
0.05902495789
0.04984879506
0.03248120272
0.03413094694
0.03599540479
0.05366059774
0.05208303626
0.05643545995
0.05506014924
0.03694839352
0.08586871279
0.0707458205
0.07224205466
0.1027714255
0.1001802442
0.1038122462
0.1024515958
0.09966697189
0.1024539914
0.09401066802
0.09683409084
0.09952410029
0.08138966734
0.07955368632
0.08168422075
0.08251579475
0.07964251099
0.08159766903
0.07593324814
0.07776033685
0.08043622773
0.09162885258
0.08849317615
0.09121591068
0.08370620622
0.0860566009
0.08900199248
0.09079806414
0.08542309214
0.08335898263
0.1316828329
0.1319609909
0.1324961109
0.07730301361
0.1108480233
0.1057812288
0.1213935086
0.1160613054
0.08917969519
0.0110665009
0.01114481997
0.01311360695
0.03848511286
0.02374261728
0.02665806984
0.01800180304
0.02098998832
0.03481569471
0.008224862799
0.01366371233
0.02627493349
0.02345770211
0.03281553261
0.0293177395
0.01550050664
0.06293558351
0.04585859794
0.0495431614
0.02111183958
0.02108515786
0.02373601771
0.01799737993
0.01958760963
0.02036689156
0.02553218736
0.02838123181
0.02548585125
0.01804712321
0.01620258385
0.01724580813
0.0155390748
0.01567686768
0.01736780936
0.01480934881
0.01425421394
0.01367718901
0.05818651618
0.04288477411
0.03887053381
0.04821958641
0.04743165838
0.05832625525
0.04088404376
0.04013883002
0.02279268106
0.07345868519
0.0572771481
0.05835703704
0.04711348616
0.04971153164
0.06618863368
0.04863622356
0.04582977224
0.0286630652
0.07742623314
0.06322806313
0.06573729469
0.05730995301
0.06035796618
0.0750367691
0.05838739951
0.04029515705
0.04356722333
0.03432595356
0.03690834774
0.05534903377
0.06841208964
0.051361602
0.0541503633
0.04644701712
0.0487998928
0.06575584553
0.01647425585
0.03096663512
0.02922706325
0.02577215568
0.02269033956
0.01231632669
0.05348173036
0.03717962296
0.04076229439
0.03023450963
0.03367966776
0.04916695574
0.04170391315
0.0425187125
0.0449899021
0.03429547957
0.03539815666
0.03616376234
0.04205009931
0.03608717361
0.03426312722
0.04036756598
0.0381455226
0.0401182013
0.058102292
0.04266882483
0.04268030809
0.03736982336
0.04031647399
0.05514457109
0.03633182642
0.01945942312
0.02172288301
0.01770056904
0.01859334718
0.03453857167
0.04818718248
0.03071393608
0.03242948394
0.02530512919
0.02847081212
0.04546933337
0.02631004206
0.02851245332
0.04552724832
0.0357723527
0.02082571742
0.02389158933
0.09073005607
0.09747712502
0.07641519448
0.1416578779
0.1188773905
0.1071414369
0.149214791
0.1316283099
0.155714522
0.1912414545
0.2010818502
0.2182259073
0.135933088
0.1460089927
0.1426032385
0.1499209869
0.1481366647
0.1419484396
0.006185686926
0.004532758975
0.004143796288
0.007697774493
0.006229635745
0.007070173688
0.004623023826
0.004847186894
0.007190533633
0.004467971485
0.003895528408
0.003383716612
0.005674412888
0.004313713101
0.005548735333
0.003947789676
0.003958101782
0.005145248301
0.03550103789
0.04329741101
0.04874609801
0.03714017356
0.03817373041
0.03215932156
0.02728569122
0.02801281077
0.02801934652
0.02504633815
0.02700975358
0.0262220878
0.0282827062
0.02743545329
0.02608727655
0.06610429709
0.05213041381
0.05554864599
0.04456224275
0.04831517192
0.06295804186
0.0197423463
0.03314059511
0.02939782398
0.1048934191
0.1303923611
0.1267052157
0.1318975511
0.1311309578
0.1103529355
0.03054003077
0.03009714409
0.02908047474
0.03276417848
0.03121171931
0.03229678769
0.03362264262
0.03234727488
0.03320250851
0.05937778092
0.03744613822
0.05363689674
0.05079588036
0.06014799475
0.05747515144
0.04052768357
0.08360136901
0.07266598367
0.07248242238
0.03899097758
0.03552110871
0.03677643943
0.02837632946
0.03136561462
0.03029628435
0.05322795762
0.0565649892
0.07117121432
0.02465991027
0.03987658028
0.03654156272
0.04688470598
0.04353009628
0.02771627207
0.02333622268
0.02117143223
0.02481148245
0.01485743997
0.01792443093
0.01990979537
0.0154142532
0.01657906263
0.01313520312
0.08633912426
0.07372116318
0.07543295004
0.06847700614
0.07079901547
0.08419225673
0.03710974879
0.05496995582
0.05186822566
0.07395309213
0.07571666833
0.09095299833
0.04179195151
0.06030084433
0.05819019838
0.06510207738
0.06287853323
0.04508752752
0.01069090773
0.00938590403
0.01109607259
0.006651404607
0.007881791026
0.008905295065
0.006685733113
0.007194780639
0.005799965452
1.15711442
1.157141077
1.156545299
1.15711962
1.157029261
1.156493514
1.156874046
1.156691006
1.156383274
1.156497905
1.156312229
1.156259928
1.156145794
1.156004907
1.156160239
1.155884512
1.155794407
1.15609279
1.155721211
1.155666959
1.156053895
1.158107095
1.140026267
1.157735593
1.143363155
1.158118596
1.157672456
1.157730715
1.157531838
1.157232379
1.156996537
1.156789217
1.1566327
1.156273157
1.156103023
1.156091078
1.155681064
1.155301292
1.155513735
1.155120168
1.154973328
1.155301905
1.154865969
1.154812095
1.155200682
0.8799348702
0.873872628
0.9485828123
0.8824635441
0.8953701203
0.9684690891
0.9595376131
0.991572141
1.06698861
1.113765451
1.158101032
1.157666045
1.15695227
1.156615508
1.156407402
1.156039103
1.155229295
1.155212526
1.154791334
1.154478381
1.154688538
1.1542517
1.154120582
1.15442695
0.5808415067
0.5774749498
0.6486613846
0.5944194824
0.6080402941
0.6767740966
0.6714585013
0.7000384148
0.7687230299
0.8101807221
0.856993263
0.929707427
1.029365688
1.09911851
1.157684526
1.157320861
1.155744205
1.155391937
1.154927161
1.154315199
1.154340992
1.153876752
1.153597546
1.153793194
0.3336513904
0.3319694972
0.3870663979
0.3558497912
0.3719980668
0.4244789929
0.4392198145
0.4678365506
0.5198546524
0.5726813593
0.6140216602
0.6677974408
0.7650707359
0.8256868801
0.8856045539
0.9255910549
1.157181286
1.156316276
1.155708853
1.154597994
1.154382486
1.153808733
1.153263095
1.153383202
0.154884238
0.1560342913
0.1931843754
0.1878034323
0.2062401884
0.2413720169
0.2774541565
0.3057670136
0.3400653522
0.4050297285
0.4438036053
0.4797284916
0.5815218627
0.6362166057
0.6769650003
0.746075062
0.9830564456
1.073601869
1.157230607
1.155450125
1.154931824
1.1541417
1.153192132
1.15317457
0.05624905595
0.05620302206
0.06867180556
0.180665122
0.2075480765
0.2266163735
0.3010237807
0.3368085083
0.3581530442
0.4628456612
0.5122672427
0.5378577007
0.635719027
0.8484648198
0.9105764438
1.028351408
1.156826265
1.156075876
1.154885468
1.153445025
1.153239775
0.05818032588
0.06715398065
0.06842949805
0.1403827998
0.1644936677
0.1704807
0.2480697408
0.2806428845
0.290517904
0.3955047279
0.440702745
0.4543596692
0.5747222934
0.7560154329
0.79558066
0.9296198053
1.129108848
1.157640811
1.155959973
1.153955137
1.153624831
0.07089704827
0.07722923975
0.07466323398
0.1406734469
0.1607349871
0.1592413111
0.2341846798
0.2634857635
0.264854539
0.3684366786
0.410054637
0.4145469483
0.5492200892
0.7106198386
0.7280526869
0.8717484117
1.060721532
1.091067988
1.157288821
1.154709549
1.154270567
0.09644958144
0.1011970106
0.09772344093
0.1598756829
0.1783343979
0.1724013274
0.2458196313
0.2730670111
0.2686674931
0.3710824958
0.4101069409
0.4076225645
0.5523266305
0.7014643724
0.701960421
0.850077295
1.023246981
1.038259421
1.15872353
1.155636168
1.155139338
0.1297711069
0.134961805
0.1307465287
0.19177716
0.2100988803
0.2009548691
0.2762849407
0.3028537556
0.2935841886
0.3976444157
0.4350628958
0.426579893
0.5811557925
0.7222992653
0.708467597
0.8598793247
1.016889185
1.016888664
1.160128369
1.156696503
1.156147813
0.162040905
0.1698184829
0.165023602
0.2366914529
0.2563409083
0.2430285454
0.3261146861
0.3532699758
0.3384429527
0.4478538461
0.4844855952
0.4696792179
0.7423249375
1.026143424
1.157291637
0.05822507262
0.07261952364
0.07065014425
0.063251177
0.09468614032
0.09183112132
0.08590779758
0.1262044082
0.1220414495
0.1172356983
0.1384906924
0.1380302114
0.1349089609
0.04608424267
0.04560149005
0.04526241006
0.0695061102
0.06693161435
0.06604920083
0.07661482176
0.07652769859
0.07661151879
0.04843214329
0.04788381542
0.04722802611
0.06484484589
0.06375686452
0.0672607955
0.1114604346
0.1094024197
0.1133131507
0.07849553702
0.078547093
0.07842493145
0.1388888044
0.1612576643
0.1571415371
0.15456915
0.0250244103
0.02888343034
0.02922498474
0.1287300534
0.1291330503
0.1279349471
0.1396051549
0.1373482151
0.1373453924
0.1172017881
0.1156667589
0.1139377263
0.1260595654
0.1248376348
0.1240599305
0.0290668587
0.02494206091
0.02257363674
0.02205694382
0.0216879659
0.02624552037
0.01072481855
0.01245065256
0.01273087743
0.0703378476
0.07006102592
0.07346782052
0.07459186064
0.07183461189
0.07194692946
0.05387114255
0.05300645115
0.05543804159
0.0604046907
0.05628756974
0.05524511056
0.08191419503
0.08327058312
0.09878609638
0.05002987699
0.06668842069
0.06437639392
0.08168542716
0.07920790186
0.06580586466
0.0386320171
0.03761643874
0.03797154308
0.04081375803
0.04121213347
0.04054305764
0.08365631483
0.0837773588
0.08454679953
0.08832603891
0.08550547884
0.08543310662
0.07356329992
0.08681414149
0.08398628876
0.07086419989
0.07338720307
0.06431190875
0.1376339213
0.1430438021
0.1407351787
0.159437952
0.1520244137
0.1560435136
0.05674486019
0.05150838005
0.06055421278
0.02962677333
0.03037958555
0.02664320285
0.1350072898
0.1336430047
0.1345937005
0.03345831661
0.03444631093
0.03811727163
0.01298756072
0.01333244061
0.01234077171
1.107201499
1.158010706
1.018630679
1.08379938
1.100733179
1.085864586
1.084255833
1.017438705
1.157768482
1.141787408
1.142164771
1.039376793
1.106634384
1.088885431
1.149051895
1.115421124
1.053259016
1.157594371
1.158028033
1.157886051
1.140019597
1.157962959
1.158173341
1.157466362
1.157726018
1.158167279
1.15709204
1.157375027
1.157173241
1.157283362
1.157009049
1.157254687
1.156559908
1.156792125
1.157021205
1.156491619
1.156620124
1.156427475
1.156257533
1.156157487
1.156363527
1.155816357
1.155986712
1.15604391
1.155981276
1.155968286
1.155825326
0.8125991927
0.8904058762
0.7224564882
0.7977166701
0.8028132698
0.8001776808
0.7968123824
0.7221992319
0.945931427
0.8719045174
0.8742287454
0.7482106674
0.8214984972
0.8087010955
0.8597595673
0.8381497116
0.7650563608
0.9843359447
0.9118312155
0.9341596959
0.8408381973
0.9155933281
0.8849509733
0.9909472949
0.9500737367
0.8745781267
1.101401404
1.026549006
1.069603674
1.00735123
1.087503721
1.035570632
1.157759673
1.140436651
1.062131467
1.157310398
1.157728352
1.157314702
1.157250606
1.156894426
1.157303175
1.156186803
1.156522824
1.156801192
1.156147622
1.156304026
1.156025675
0.5206811495
0.5889683779
0.4464533304
0.5099275153
0.5129022152
0.518409486
0.5119817966
0.448929118
0.6492559047
0.5789925544
0.5847763167
0.4812701743
0.5427886193
0.528609569
0.5819926698
0.5605974306
0.499608161
0.6938798864
0.6254776263
0.6466892129
0.574582173
0.6351927251
0.6068237466
0.7036868435
0.6672352224
0.6066928451
0.8017340399
0.7324379911
0.7690013093
0.7248695491
0.7906296588
0.7456342592
0.8938208671
0.8389073079
0.7735440108
0.9837013861
0.9095147504
0.9659940623
0.9519300334
1.024301863
0.9571958413
1.157520892
1.095163916
1.022591776
1.157178885
1.157616983
1.157075948
0.289139301
0.3405093001
0.2351239488
0.281285382
0.2824475879
0.2939171661
0.2851912099
0.2397160807
0.3898692432
0.3354023794
0.3435279299
0.279615626
0.3237056679
0.3070832155
0.3663460343
0.3434083147
0.3004095973
0.4435692177
0.391307483
0.4136535092
0.3778825629
0.4202888799
0.3922235106
0.4862164277
0.4513964827
0.4094115798
0.5515169376
0.4987170887
0.5331651731
0.5197894716
0.5644314497
0.5243097827
0.6586406095
0.6089105193
0.5636921813
0.7134530288
0.6587106608
0.7101169418
0.7219429955
0.7712433168
0.7122019347
0.9059496731
0.835794055
0.785456781
0.9541758794
0.8923122095
0.9632716797
0.1283032052
0.1597593121
0.08819629997
0.1219540192
0.1219244013
0.1399253608
0.1294231716
0.1018060225
0.1984107078
0.1616132344
0.1727147683
0.1476979873
0.1757222482
0.1562583181
0.2211399692
0.1969834878
0.1708042543
0.2622789979
0.2274255751
0.2511442036
0.2490951489
0.2753440948
0.2474010845
0.338341405
0.3055833022
0.2790640633
0.3708992421
0.3360959482
0.3691098998
0.383056929
0.4115998516
0.3736329871
0.4974557558
0.4527940409
0.4235180217
0.5227689894
0.4859222814
0.5316142146
0.5669974487
0.5995498335
0.5463168412
0.7242539308
0.658489917
0.6242989808
0.7386534671
0.6967649821
0.7633060383
0.03493177337
0.04537922553
0.04439469725
0.0522999329
0.04765041869
0.03852760318
0.0714617113
0.0587250063
0.06381757298
0.1795728226
0.1920018997
0.1657822487
0.2508071022
0.2205461763
0.2075269848
0.2560578649
0.2365747933
0.2675470126
0.3031254996
0.3184842762
0.2834564423
0.3972856474
0.3563823336
0.340157596
0.3978924706
0.3756036815
0.4173569905
0.4708420945
0.4899953426
0.4417627167
0.5996254588
0.5424266625
0.5223848307
0.5932278268
0.5662907775
0.6256196544
0.06708611011
0.06662501023
0.0578763271
0.08463692041
0.07550837009
0.07466315415
0.1592753807
0.1609395186
0.1380281419
0.2123133617
0.185485255
0.18283797
0.197503608
0.190252581
0.2179226691
0.2680623101
0.2732849236
0.241596137
0.3449410233
0.307639477
0.3015748063
0.3266403778
0.3158652804
0.3540437774
0.4211173294
0.4297898108
0.3854838099
0.5305890417
0.4781672341
0.4685527761
0.5046946631
0.4902267058
0.5444413265
0.08185079751
0.07946584373
0.0747981603
0.09389518846
0.08630797721
0.08896434249
0.08186676462
0.0839516821
0.09072199238
0.1673169155
0.1634209885
0.1440521867
0.2090051136
0.1850971689
0.1885508051
0.1820436504
0.1828865202
0.2073450097
0.2655252018
0.2637522572
0.2351229968
0.3293145547
0.2950614887
0.2962491117
0.2975715394
0.2954692258
0.3303790731
0.4066989392
0.4074675576
0.3666689719
0.5009257996
0.4522005674
0.4506909735
0.4609385063
0.4555922349
0.5053214835
0.1091275383
0.1051584302
0.1004250839
0.1179497847
0.1117472632
0.1151814184
0.1042455927
0.1075700073
0.1136834089
0.1926149526
0.1850723888
0.1667723176
0.2272802676
0.2050609137
0.2124360259
0.193094099
0.1985989626
0.2210057637
0.2855419076
0.2787109878
0.2518056202
0.3404137987
0.3081889315
0.3147652605
0.298901914
0.3028805137
0.3354584116
0.4196261849
0.4141147468
0.3756170952
0.5017375643
0.4561564404
0.461135615
0.4508991094
0.4527203128
0.4988025586
0.1434427024
0.139490751
0.1338084448
0.2309959622
0.2200786161
0.2015305385
0.2624127077
0.2401207687
0.2513775853
0.2207184643
0.2299340301
0.2520584043
0.3251735141
0.3133371225
0.2867262199
0.3736792925
0.3422150048
0.3540950601
0.3226097022
0.3317628376
0.3633721579
0.4565472485
0.4450523463
0.4078971451
0.5285572258
0.48529519
0.496468431
0.4676470416
0.4756784599
0.5189844458
0.2638867662
0.2778165024
0.3010610733
0.3674323706
0.382395918
0.4139011666
0.5092498086
0.52378228
0.5649844055
0.05143898706
0.05363159595
0.05279442701
0.05653636874
0.05563991495
0.05300848858
0.07723957417
0.07837519548
0.07731417311
0.08197377055
0.0807007479
0.07909874234
0.05753624145
0.05958836325
0.05856095182
0.06310944036
0.06157330723
0.05925433421
0.1115367672
0.1132107022
0.1108626578
0.0839774486
0.08580824408
0.08461647661
0.08955895852
0.08811836865
0.08627157555
0.04619826271
0.0679731285
0.07469097768
0.08493751216
0.0561908517
0.06500120549
0.05799930875
0.08106198281
0.07219478872
0.06368615421
0.08653430259
0.07834559521
0.07972577886
0.07615550586
0.07652458432
0.08459301648
0.06133990426
0.06918716099
0.06784565393
0.1044757544
0.09740325901
0.1007518133
0.09170699982
0.09442319629
0.1007037495
0.07997700947
0.08838807093
0.08491465031
0.1338977793
0.1285447493
0.1314845329
0.119936163
0.1232020343
0.1292939039
0.1129418535
0.117553476
0.1133926688
0.07134480969
0.08507808504
0.08309589821
0.08937573656
0.08718858133
0.07370097362
0.1385299739
0.1345998649
0.1372534551
0.1264196026
0.13231723
0.1330084916
0.1321562298
0.1326545424
0.1276948099
0.04577512485
0.04835133423
0.04774051033
0.05086299784
0.0501410609
0.04746250261
0.04450362457
0.04461844056
0.04417818764
0.06999986431
0.07448505357
0.0729117771
0.07428949232
0.07534954641
0.07124303395
0.06608477447
0.06738612801
0.06978591012
0.063498395
0.06463373576
0.0658349209
0.06159917321
0.06248444296
0.06137852601
0.07609242681
0.07485146618
0.07477532447
0.04970478213
0.04903296674
0.04965109533
0.0598818226
0.06028091983
0.06096707827
0.05653907389
0.05862656167
0.05794329535
0.06609350117
0.06321661213
0.06162216652
0.06284079288
0.06811513819
0.0665965145
0.07098923179
0.06903513761
0.06445237314
0.06279004086
0.07706274559
0.07513923076
0.0810344633
0.07918147613
0.06511623343
0.1015377339
0.1033216848
0.1012761464
0.1082329768
0.1061103861
0.1053717254
0.1120804581
0.1096391475
0.1117822705
0.1050819508
0.1075606065
0.1098272703
0.1105447365
0.1073322546
0.1052117237
0.08049686656
0.08045414634
0.07936989589
0.09146317091
0.09222868287
0.0929151081
0.09183941937
0.09378460188
0.09203679418
0.09844725238
0.09650389707
0.09505804767
0.1325054954
0.1461944712
0.1512183953
0.1476185467
0.05114658034
0.06626425553
0.06333046143
0.07208958747
0.06917318785
0.0547748631
0.02953627553
0.02909893386
0.02548206128
0.03589221721
0.03283646086
0.03276551179
0.03337449721
0.03199661399
0.03564170339
0.04188202144
0.04446765777
0.04514972778
0.0462410328
0.04586062104
0.04291099346
0.1323557175
0.1315252175
0.1337008025
0.130541814
0.12764253
0.1338559891
0.13301442
0.1356747031
0.1335712835
0.1192662636
0.1177824056
0.1185356819
0.1196677462
0.1201679416
0.1196371199
0.1165373056
0.1165149294
0.1180020945
0.1275355759
0.1276099896
0.1269158161
0.1237848567
0.1232372126
0.1255985254
0.1226976189
0.1227864657
0.1213644622
0.02704584336
0.0323883035
0.01901406673
0.02282986318
0.01850728168
0.02057217619
0.01652752654
0.02716188561
0.03022060609
0.03297333602
0.02261722968
0.02572742781
0.02307047761
0.03182676844
0.02986487233
0.02610718685
0.01430357382
0.01781059056
0.01784715776
0.02106595897
0.0190915797
0.01547870265
0.02691202431
0.02300170601
0.02477081963
0.02169051744
0.02302266904
0.02238969205
0.02468819627
0.02422104663
0.02269014159
0.01291420878
0.01247613998
0.01105071397
0.01646808723
0.0153514493
0.01499337004
0.02125153259
0.02117989918
0.02035816158
0.07964807961
0.09385072319
0.09136757462
0.1009100091
0.09550060179
0.08289185434
0.06418810458
0.07781327902
0.07462095607
0.08515011403
0.07975981207
0.06882932475
0.072619795
0.06838562166
0.06798289849
0.07325178858
0.07322654024
0.0749213984
0.05388075549
0.0517368671
0.05092684571
0.05925862428
0.05771583085
0.06253400299
0.0529268463
0.06908620162
0.06746305091
0.07297765663
0.07137102944
0.05512780113
0.1002779228
0.0862132717
0.08527650644
0.07184949101
0.06943014088
0.05347239231
0.07906056443
0.07860755572
0.09606542049
0.06276848506
0.07675745351
0.07442821753
0.00827856452
0.009956443082
0.01099021998
0.008241412979
0.008835609629
0.007515867326
0.01293741613
0.008569356501
0.009417562116
0.01039761285
0.01104597786
0.01033971271
0.006374542434
0.007725463034
0.0077753083
0.008856542027
0.008207268272
0.006793554097
0.04302827997
0.04239699263
0.04192354417
0.0830290305
0.08217649228
0.08227898591
0.08799259737
0.08751897397
0.08985139077
0.09401316376
0.08867796601
0.07757190435
0.06915615729
0.07920311693
0.08491811172
0.1441976921
0.1451748901
0.1415623046
0.0285800397
0.03261697983
0.03435205273
1.155629747
1.155612717
1.15604329
1.155717715
1.155637995
1.155698447
1.155776357
1.155522357
1.155538893
1.156543172
1.156073035
1.155845213
1.041119114
1.102663807
1.157175886
0.8276766643
0.8933678608
0.9748136485
0.6805699088
0.7483211076
0.7980774369
0.6005494474
0.6590375222
0.68758965
0.5581107533
0.6116190703
0.6239542565
0.5474754671
0.5997885841
0.5992693136
0.563506881
0.6168691414
0.6051196994
0.6058027622
0.6613901645
0.6389808452
0.09787779382
0.08351131725
0.09438839798
0.0737291554
0.07562077651
0.07490818651
0.07159156045
0.07066068381
0.07235826604
0.1018732732
0.08191215131
0.09662704261
0.09766901236
0.09327067037
0.1022518016
0.09504456641
0.07895338858
0.075078859
0.0850605109
0.1511444936
0.146415136
0.1486394346
0.1373706557
0.1399639304
0.1466104538
0.1807290304
0.1746021633
0.1694916707
0.1200047958
0.1188314416
0.1149320132
0.07889894091
0.07908628646
0.08165599516
0.06517422234
0.06810014017
0.06782243813
0.1545068673
0.155171549
0.1653973437
0.09734268621
0.09015721419
0.08123110402
0.03893001236
0.03644444983
0.03339536195
1.155537802
1.155572505
1.155686176
1.155690894
1.155583955
1.155881058
1.156693848
1.156354314
1.15693432
0.9930656255
1.091743536
0.998396321
0.8124162385
0.8753921472
0.7972043232
0.6977644743
0.7353658749
0.6618050353
0.6301711403
0.6502402376
0.5880126445
0.6019085617
0.6072584368
0.5525672999
0.6048489449
0.5985948523
0.5499233704
0.6357113147
0.6186620766
0.5751290222
0.09764752578
0.09794840422
0.08598913431
0.01080194987
0.006418278311
0.0005090953858
0.007506859048
0.005914919853
0.0005259857636
0.009142381139
0.006263350943
0.0005140180853
0.0116855715
0.00656354195
0.0005152474066
0.004551863159
0.004429129391
0.0004284877272
0.01089289074
0.005243442511
0.0005546987358
0.0108296738
0.005233049047
0.0005546533504
0.01033261625
0.005260694517
0.0005548348128
0.007292150143
0.005251487428
0.0005415010042
0.007447864585
0.005271226142
0.0005428933447
0.00727697195
0.005334601447
0.0005409793763
0.007126168559
0.005189146947
0.0005397356741
0.007240117092
0.00578588056
0.000528086251
0.007303608718
0.005864710634
0.000526924443
0.008770980427
0.006149631681
0.0005221981091
0.009612589175
0.006179561791
0.0005140742468
0.01140614327
0.005034767848
0.0005578207533
0.01204279966
0.005147511201
0.000557065927
0.01159765679
0.005042399238
0.0005593699774
0.01214088984
0.005161389814
0.0005574678404
0.009710176282
0.005241719944
0.0005537647503
0.01004196248
0.005172241362
0.000554430076
0.009417278292
0.005182599758
0.000552810658
0.007759253396
0.005372915147
0.0005441978115
0.007560393572
0.005352953344
0.0005435445754
0.007774314624
0.005349044383
0.0005441190682
0.007134927228
0.005236152112
0.000538905504
0.006953819573
0.005465541308
0.000532755703
0.00686891556
0.005229628156
0.0005342048187
0.006937034073
0.005401774629
0.0005344062637
0.006876488848
0.005263524775
0.0005337610518
0.008601793171
0.006135957916
0.0005236586364
0.009669536759
0.006049243757
0.0005129804795
0.009216878096
0.006456544123
0.0005032641773
0.007442530549
0.005905490669
0.0005265528183
0.009582644675
0.006227266179
0.0005140881434
0.006804334535
0.005452491756
0.0005220585006
0.007579971777
0.005972779739
0.0005248890351
0.007646213928
0.0061169373
0.0005265652991
0.005936550015
0.00621690391
0.0008791041283
0.009327708623
0.006151928586
0.0005137744903
0.009671173378
0.006081211305
0.0005132311984
0.01116244507
0.00529014772
0.0005543079476
0.01128134565
0.005237742778
0.0005552086816
0.01057953589
0.00523657171
0.0005548598775
0.01045940376
0.005300996986
0.0005534665112
0.007389325338
0.005337242167
0.0005425508579
0.007410082123
0.005366436537
0.0005416705614
0.007205365047
0.005312325908
0.0005404402679
0.007200989799
0.005213539894
0.0005413705096
0.005390817407
0.006505770912
0.0004447253797
0.00687866416
0.00774837226
0.0004680291376
0.006966694512
0.007728235433
0.0004770564384
0.007357561292
0.005914459044
0.0005262931759
0.008839738302
0.00623862288
0.0005213494867
0.008757298679
0.006195374833
0.0005213007023
0.008863622076
0.006227569436
0.0005215370552
0.01082327308
0.0004900332226
0.0004700074361
0.0004774251304
0.009603391785
0.006168954489
0.0005141179208
0.01210443413
0.005356891895
0.0005557945479
0.01173541857
0.005242026019
0.0005574564828
0.01225067341
0.005235165936
0.0005560993269
0.00972257295
0.005191918296
0.0005535067769
0.01001765261
0.00520644475
0.0005551329871
0.009375334414
0.005192825634
0.000553338103
0.009127045594
0.005164264775
0.0005516878652
0.007628638737
0.005304048354
0.0005435093924
0.007585484051
0.005382732666
0.0005426754233
0.007840267948
0.005253363886
0.0005455031917
0.007982175586
0.005274504578
0.0005469763847
0.006982571484
0.005294680552
0.0005348913721
0.006864033283
0.005189277161
0.0005326185902
0.006918415621
0.005259048865
0.0005353563663
0.006895915653
0.005238435474
0.000535664755
0.007851828627
0.005971818274
0.0005303545898
0.007792836976
0.006078684475
0.0005286046785
0.007684283934
0.00619044541
0.0005268553292
0.008905261486
0.006223264731
0.0005200692616
0.009265785535
0.006223823773
0.0005195325582
0.003253695058
0.003408049877
0.001525431795
0.002609362488
0.002428011524
0.0008285287619
0.002621769566
0.00216809036
0.0006001483694
0.009482822269
0.006180037087
0.0005154468631
0.007031155888
0.00588619163
0.0005241045411
0.007041278685
0.005994510236
0.0005240199785
0.01335563059
0.005415905904
0.0005462060444
0.006817521654
0.005519154959
0.000521474521
0.006794983647
0.005520030412
0.0005219559928
0.01147841656
0.009483180289
0.000630989705
0.008269867835
0.007542303574
0.0007214306919
0.009337588841
0.006174623885
0.0005192003988
0.00925167015
0.006052080853
0.0005114433777
0.009732499938
0.006071872081
0.0005095242891
0.008502286852
0.005284426632
0.000547772856
0.009053057852
0.00530619603
0.0005502567419
0.008853511945
0.005274423705
0.0005499337227
0.008477934076
0.005433495047
0.0005459210474
0.008009717929
0.005253859409
0.0005468511933
0.008232635737
0.005308968345
0.0005478836667
0.008418926505
0.006063100692
0.0005221510673
0.01414785289
0.01181140536
0.0005918654889
0.01175546096
0.0005149539203
0.009029145921
0.006182879919
0.0005185535385
0.006908582896
0.005720795045
0.0005216634511
0.01122901483
0.0005024404302
0.01390419431
0.005892680973
0.0005330633864
0.01359972509
0.005551508503
0.0005393115406
0.007057531833
0.005246146783
0.0005359680845
0.006899418552
0.005695738993
0.000521627039
0.008083785577
0.006071526353
0.0005257403609
0.008473395965
0.006170359031
0.0005227579201
0.008178808647
0.006054374906
0.000526605794
0.004437522911
0.004636667137
0.001301586762
0.00910895229
0.00630960305
0.0005199206952
0.009281796029
0.006283729678
0.000518464705
0.009478139151
0.006180508904
0.000516500499
0.008163447249
0.007457894888
0.0004888839941
0.006980389486
0.005759375909
0.0005220090348
0.007128271228
0.005919535711
0.0005258125839
0.007153613187
0.005805789787
0.0005281404133
0.01243761218
0.006017800494
0.0005231000635
0.01333272976
0.005262773115
0.0005461665137
0.01308811255
0.005502351388
0.0005477294212
0.01299330114
0.005446345229
0.0005495202236
0.006804462934
0.005301671233
0.0005291715659
0.006855000505
0.005302486363
0.0005304999702
0.006836094423
0.00552364888
0.0005225261228
0.006797250693
0.00524610598
0.0005298869471
0.00679446411
0.005216534753
0.0005287723795
0.004081602295
0.002955178246
0.0004418207229
0.00903398228
0.006207507838
0.0005202756278
0.009091127927
0.00632533994
0.0005191152075
0.009331442023
0.00625061234
0.0005194863807
0.008653104132
0.005216660999
0.0005492110878
0.008749229419
0.005223383397
0.0005498894658
0.008329773451
0.005371997026
0.0005467409346
0.00823154114
0.00536457268
0.0005464021581
0.02586719955
0.0125242114
0.0005322914442
0.01735884667
0.01309837944
0.0005558105253
0.009447901968
0.006178374497
0.0005166682972
0.005806532455
0.007809728364
0.0004588997235
0.006934013319
0.00571898993
0.0005223249979
0.01392224499
0.005922559502
0.0005270726497
0.01341495561
0.005312831092
0.000543517057
0.01265358933
0.005164907718
0.0005549267547
0.01274670033
0.00525463147
0.0005527742409
0.01257420825
0.005262552616
0.0005544643556
0.01251834153
0.005349357273
0.0005545294637
0.006871113548
0.005576393341
0.0005205701687
0.006799928874
0.005334933298
0.0005253157082
0.006774950673
0.005301209833
0.0005271031014
0.0067877741
0.005332905999
0.0005252489105
0.006821513523
0.005337670881
0.000524076693
0.008046240918
0.005978695956
0.0005277529389
0.007913662174
0.005931536538
0.0005294893216
0.008584509401
0.006194633546
0.0005230897183
0.008553440537
0.00625340915
0.0005225608567
0.008222015822
0.006011645113
0.0005259231237
0.008297854164
0.006003934967
0.0005262515803
0.003101363796
0.002255049894
0.0004941988083
)
;

boundaryField
{
    topAndBottom
    {
        type            calculated;
        value           nonuniform List<scalar> 
12
(
1.155880834
1.155152297
1.154392485
1.153571531
1.152790341
1.152085545
1.151355707
1.150477691
1.149492944
1.148597324
1.148032051
1.147872963
)
;
    }
    inlet
    {
        type            calculated;
        value           uniform 1.15625;
    }
    outlet
    {
        type            calculated;
        value           nonuniform List<scalar> 0();
    }
    wing
    {
        type            nutkWallFunction;
        blending        stepwise;
        Cmu             0.09;
        kappa           0.41;
        E               9.8;
        value           nonuniform List<scalar> 
162
(
0.0002822624806
0.0002330931394
0.0002138044473
0.0002838230152
0.0002574641091
0.0002818361098
0.0002813165102
0.0002800117446
0.0002618566901
0.0002641439829
0.000261326706
0.0002583857315
0.0002352620635
0.0002347070644
0.0002240396167
0.0002116774355
0.0002830696996
0.0002851905007
0.0002839909913
0.0002858036911
0.0002775915074
0.0002791525776
0.0002766777004
0.0002670520485
0.0002651536867
0.0002674667183
0.000257683155
0.000255171391
0.0002505894533
0.0002546438636
0.0002514281836
0.0002248676746
0.0002088730001
0.0002811429264
0.0002336864889
0.0002131233872
0.000240651837
0.0002325705347
0.0002330137551
0.0002096443711
0.0002107622133
0.000209703234
0.0002822890511
0.0002826264473
0.0002808792994
0.0002803236542
0.0002630252257
0.0002635513416
0.0002604595998
0.0002595880259
0.0002643464831
0.0002724451188
0.0002761235719
0.0002341801812
0.0002236478099
0.0002224744962
0.0002232038265
0.0002094376819
0.000208248811
0.0002086062674
0.0002123736947
0.0002850294515
0.0002846295231
0.0002861183671
0.0002779127069
0.0002788120226
0.0002762447889
0.0002752954547
0.0002661471772
0.0002656382666
0.0002679754604
0.000268876252
0.000255628373
0.0002493191961
0.0002535094406
0.0002525884974
0.0002317465385
0.0002323773508
0.0002328751984
0.000220263961
0.0002195261619
0.0002176475258
0.0002296389149
0.0002366420119
0.0002145124598
0.0002372654333
0.0002371622826
0.0002872601991
0.0002394190418
0.0002401779452
0.0002099274232
0.0002093892277
0.0002176752002
0.0002077159061
0.0002066862516
0.0002723632513
0.0002748763409
0.0002742288674
0.0002719692967
0.000269478663
0.0002704967776
0.0002262048975
0.0002105054812
0.000210268059
0.0002168576806
0.0002378260495
0.0002097726102
0.0002866707376
0.000287186436
0.0002563718979
0.0002383062367
0.0002292216254
0.0002262642804
0.0002288076128
0.0002122317512
0.0002210802947
0.0002189657491
0.0002152886677
0.0002789082016
0.0002368438778
0.000236851347
0.0002361906661
0.0002851480492
0.0002872944458
0.000287522642
0.0002874868464
0.000247207915
0.0002483644913
0.0002389509091
0.0002463064696
0.000245032834
0.0002496634049
0.0002217871223
0.0002214274458
0.0002185041526
0.0002729303076
0.0002736396693
0.0002715232424
0.0002708960088
0.0002110418393
0.000210637319
0.000215875166
0.000269177609
0.0002373065152
0.0002857933322
0.0002873042815
0.0002870224775
0.0002872911286
0.0002867334604
0.0002865025639
0.000238116647
0.0002431656217
0.0002441420823
0.0002423870632
0.0002414413566
0.000229848937
0.0002307045478
0.0002255331573
0.0002260043196
0.0002279687836
0.0002273924127
0.0002441311122
)
;
    }
    front
    {
        type            empty;
    }
    back
    {
        type            empty;
    }
    procBoundary2to0
    {
        type            processor;
        value           nonuniform List<scalar> 
58
(
1.15648467
0.0761156318
0.01947067261
0.01288730633
0.0101858103
0.01377292976
0.01481896977
0.01137852704
0.01890345299
0.01481896977
1.064917565
1.157011477
1.157443808
0.7502433145
0.9870708081
0.4690468885
0.6746057785
0.2540792407
0.4088110811
0.09137333869
0.2115159646
0.0411254683
0.03486286294
0.02261491513
0.01337985111
0.01440799305
0.0103326001
0.0120947873
0.01083418677
1.157011477
0.06293690235
1.140165177
1.157859236
0.828399037
0.9078873164
0.5335907258
0.602215274
0.3014184701
0.3528920036
0.1396152029
0.1063802975
0.1720334627
0.05101382531
0.0411254683
0.03069618816
0.02635983064
0.01440799305
0.01059944949
0.01130705066
0.1063802975
0.0004633250529
0.02903400602
0.01015012164
0.009921102723
0.01015012164
0.03043851062
0.03043851062
0.02952291077
)
;
    }
    procBoundary2to3
    {
        type            processor;
        value           nonuniform List<scalar> 
51
(
0.8991443968
1.161553573
1.153787317
1.157919754
1.14992074
1.148368838
1.148121998
0.02053621275
0.1473863559
0.1425347661
0.03337954381
0.1215545089
0.1473863559
0.1671478754
0.01183878658
0.07506216431
0.01008656792
0.1784885615
0.1991500255
0.1285121476
0.04769006329
0.09778741508
0.07506216431
0.2318333754
0.2127623921
0.1523249538
0.06177373473
0.2507345611
0.271204171
0.342522391
0.3698800098
0.4645908164
0.5010478069
0.7673779159
1.0401342
1.157919754
0.1361974193
0.1598618121
0.3170415551
0.2933489997
0.4306975288
0.3991284945
0.5816881246
0.5399898676
0.1320729034
0.6286892418
0.666482748
0.185507242
0.009749185161
0.006156388217
0.0005075225573
)
;
    }
}


// ************************************************************************* //
