/*--------------------------------*- C++ -*----------------------------------*\
| =========                 |                                                 |
| \\      /  F ield         | OpenFOAM: The Open Source CFD Toolbox           |
|  \\    /   O peration     | Version:  v2012                                 |
|   \\  /    A nd           | Website:  www.openfoam.com                      |
|    \\/     M anipulation  |                                                 |
\*---------------------------------------------------------------------------*/
FoamFile
{
    version     2.0;
    format      ascii;
    class       volScalarField;
    location    "0.4";
    object      p;
}
// * * * * * * * * * * * * * * * * * * * * * * * * * * * * * * * * * * * * * //

dimensions      [0 2 -2 0 0 0 0];


internalField   nonuniform List<scalar> 
3259
(
131.1702489
-34.35188469
-194.4919502
-336.2263507
-452.6233056
-542.7319508
-609.1874491
-655.7908324
-694.7541477
-712.446682
-722.6687037
-727.3625714
158.6500452
-14.51977978
-184.1098613
-333.1806981
-453.931575
-546.0600152
-619.8658171
-663.5622797
-701.7804901
-717.2578426
-726.2489859
-730.3854018
169.9551496
-25.58175551
-211.5203543
-369.7667743
-491.3172208
-578.3060753
-649.277808
-685.5486373
-717.9530555
-728.7429093
-735.0086906
-737.7907184
187.226351
-59.75683049
-278.7032449
-444.3389625
-561.1247712
-637.8011642
-695.1330191
-718.88269
-741.236042
-745.6563122
-747.7798712
-748.5610935
220.2066819
-136.1902548
-411.5132903
-580.9188547
-673.7197124
-722.1549918
-755.6348422
-761.6423436
-768.3283953
-764.9110028
-762.0165714
-760.4102419
303.1840107
-320.1736428
-668.0003932
-796.0286074
-830.1810798
-831.2700156
-826.4702971
-808.8102302
-795.9581121
-783.6563536
-775.1379022
-770.9709834
612.2942147
-877.9137353
-1125.338787
-1094.481884
-1022.406758
-952.9602092
-899.1788849
-854.1902927
-820.4147218
-798.5078834
-784.5351197
-777.9430037
-2445.820558
-1791.769389
-1430.981795
-1212.272415
-1065.942398
-959.690782
-889.8251147
-835.3317982
-805.8188392
-787.5938931
-778.991013
-3862.364414
-2297.658702
-1673.853575
-1343.311038
-1140.21928
-993.6757852
-906.9193432
-836.7959796
-802.6469748
-781.9553996
-772.1272803
-3654.72193
-2321.580608
-1709.967056
-1367.278707
-1152.685583
-991.1857289
-899.8757962
-822.3117946
-787.350927
-766.2573937
-756.1910532
-2777.517029
-1979.366713
-1551.080983
-1281.715407
-1099.826118
-950.5961752
-867.8841002
-791.5966725
-759.7085328
-740.301742
-730.9690756
-1835.59847
-1491.126586
-1279.913282
-1119.68087
-996.0919669
-879.0211981
-814.5404661
-746.6634152
-721.100429
-705.016626
-697.201092
-4119.127171
-2577.392743
-3976.89442
-4189.204516
-3019.71322
-3882.492253
-1997.856925
-2888.613003
-1875.160389
806.6941666
-2241.856973
-695.8954295
-5321.882799
-3176.246292
-3790.421402
-2444.338278
-1922.836889
-5630.106548
-5855.909831
-3733.769644
-2599.192181
-2544.503628
-4193.662341
-4959.070602
-2896.404181
-2252.191026
-2547.434716
-2792.606959
-3387.958264
-1598.249047
-1542.682025
-2076.354993
-5858.324209
-5387.780824
-3689.019053
-5158.612911
-5703.960745
-5004.23812
-5601.53168
-4125.017419
-5475.610607
-4916.501173
-5704.277301
-5501.787475
-4149.714411
-3475.86273
-4138.234933
-3407.950966
-4037.802161
-3405.913322
-4872.134881
-4137.014852
-3533.927822
-2154.215879
-2710.462923
-1557.181065
-1597.083201
-1467.543145
-1550.472216
-6408.755395
-3783.878391
-3334.809353
-1950.317568
-1699.06614
-2123.51652
-1984.486
-1922.778295
-2202.545829
-3044.822263
-5006.014775
-3464.415225
-2248.248239
-2549.800676
-2374.048434
-2667.773536
-2128.043544
-3321.433222
-2747.266104
-2501.640202
1307.45625
-2739.516425
-675.1332742
1062.40865
-6535.923048
-4688.430092
-6364.62806
-3638.962281
-6196.135651
-4364.400894
-5747.024094
-5764.731745
-4558.186615
-4610.068657
-2956.157206
-3271.37754
-3042.851116
-3248.844878
-2929.385804
-3643.489062
-3296.469184
-3127.913277
-1578.67034
-1837.121658
-1911.487695
-5754.110027
-5729.997193
-5288.831862
-5325.383639
-5230.321122
-4659.432257
-4788.664766
-4428.581692
-4607.436083
-5194.031782
-5641.43894
-4897.155517
-4874.966229
-4821.722468
-4888.089228
-5624.744555
-3748.206491
-3680.004179
-3796.788676
-2881.949934
-2572.224531
-2468.785995
-2592.595747
-2904.250159
-1920.090718
-1493.055522
-4557.467875
-2122.740441
-2268.344031
4327.029588
-2301.894093
-2459.268497
2102.45195
-3228.472328
-643.0860951
1400.918089
-5689.829845
-6337.538877
-6265.242215
-5828.777204
-4348.763168
-4539.08729
-4351.494784
-5216.92868
-5064.305974
-4816.249763
-5829.394904
-6310.566437
-6369.059097
-5564.355937
-4629.713281
-4316.037621
-4848.761999
-4703.251122
-5582.228388
-5133.281388
-5405.492929
-5269.404922
-5495.568213
-4292.9726
-4126.268205
-3989.016824
-3756.349054
-3517.044865
-3753.672936
-4539.919317
-4145.329076
-4361.784273
-3833.088565
-4068.976134
-4490.148409
-2389.65814
-2529.675194
-2240.702492
-1728.762421
-5746.145421
-4437.709432
-5392.431176
-3463.217072
-3521.103362
-1944.833734
-2078.04437
-2095.213753
3582.516468
4018.74698
3377.801604
-2623.37883
-2464.959052
-2417.903137
-2472.595723
-2642.603985
-6675.845115
-5847.481419
-5378.44306
-6228.862894
-5965.463674
-5191.40971
-4493.233684
-5377.638796
-6105.143276
-6032.402445
-5702.72951
-5815.213822
-6232.287118
-6135.54748
-4770.054965
-4598.195945
-4401.895288
-4653.72641
-4837.479462
-4408.212199
-4598.5663
-4888.688823
-4765.729281
-5012.617561
-4825.301842
-3091.656665
-3147.756627
-3116.587442
-3032.691491
-3163.874595
-3496.768683
-3392.234408
-3532.186324
-3207.865413
-3345.928549
-3445.078757
-1788.147097
-1761.686545
-1897.512302
-6316.211407
-6303.646156
-5814.438132
-6449.389136
-6491.935507
-6427.253766
-6396.211253
-6303.738861
-6515.718538
-6409.09117
-5617.291558
-6204.225639
-6312.685796
-5567.121272
-5448.388087
-5173.984811
-5450.922489
-5737.731559
-5598.340553
-3764.307402
-3912.888684
-3579.47021
-3718.764454
-3816.274285
-4175.004384
-4345.203486
-3962.282226
-4122.952725
-2652.974323
-2727.457988
-2792.611132
-2640.608344
-2839.722746
-2769.720855
-1806.445501
-2169.717559
-1703.530698
-1110.503801
-2256.517776
-2308.808698
-1553.532638
-2319.258311
-2052.50556
-1562.891256
-1514.601162
2634.272103
3415.290623
4221.107875
-3400.510664
-555.5931818
1841.833898
-1385.124917
-975.9482083
-2679.483162
-5031.741249
-5689.809455
-5965.567157
-1580.72867
-1715.96366
-1731.413294
-2155.877115
-1902.490405
-1844.031513
-6041.637023
-6173.527367
-5580.6868
-1571.047541
-1662.879233
-1675.556399
-1585.011017
-1534.220739
-6289.570277
-3370.339148
-1965.58054
-2029.06154
-2036.73733
-2249.792451
-2111.676176
-2074.210399
-4176.75713
-3650.182955
-4356.118955
-2375.582924
-2432.112689
-2291.58684
-1608.342495
-1016.938415
-3173.677014
-6520.05958
-6198.45548
-6042.289112
-6660.304367
-6623.554069
-3000.990792
-3031.587931
-2984.988564
-3287.632269
-3278.428652
-3250.30651
-2856.455372
-2986.744669
-3065.647923
-3607.841285
-3558.204153
-3605.535728
-1902.872616
-1879.719068
-1912.554241
-3927.863634
-3985.584487
-3651.573802
-3704.783056
-3730.893875
-4040.868853
-4065.016356
-3937.522755
-4074.394707
-3920.421679
-1917.214185
-2159.280855
-2200.197437
-2293.312957
-2247.61195
-2225.815697
4286.683136
4730.943646
4052.875988
-2353.551421
-2379.268619
-2306.989468
-2477.276389
-2426.436727
-2413.081265
-1840.64222
-1004.281409
-3320.549473
-5938.27203
-5937.551159
-5883.660317
-5916.34998
-6312.089923
-6164.848675
-6183.888082
-6124.043704
-6145.502222
-6288.9027
-5170.977633
-5091.149853
-5139.292668
-4986.197827
-5041.354001
-5121.327585
-6360.891752
-6187.693432
-6161.333385
-6200.319899
-6203.754526
-6383.507383
-5357.574071
-5276.405648
-5320.418373
-5187.890292
-5232.523702
-5315.70477
-5831.078739
-5856.453426
-5743.091829
-5790.123429
-1581.057628
-1736.986905
-1727.808155
-1715.789794
-1586.761444
-5993.43407
-6298.768722
-6056.935383
-5238.299708
-4989.121871
-4192.10671
-5769.527361
-5439.563715
-3412.027054
-3551.501438
-2089.958423
-2077.03793
-2088.024427
3779.724816
-2542.683202
-2485.354759
-2589.74841
-6457.079938
-6333.696773
-6597.837837
-6145.779845
-6407.741594
-6479.688816
-6603.034875
-6566.296304
-6071.956577
-5969.822721
-5992.752292
-5944.321303
-5952.752034
-6044.679728
-6194.814234
-6070.026878
-6098.274155
-6017.878768
-6043.333704
-6164.630619
-4715.977156
-4642.482381
-4696.225012
-4713.255946
-4779.290259
-4464.22822
-4490.720547
-4451.406582
-4542.084668
-4945.743436
-4989.155048
-4950.295363
-4866.579937
-4927.475137
-4751.217701
-4808.741157
-4886.847807
-3128.153458
-3052.682192
-3038.897207
-3066.208759
-3000.211997
-3051.660952
-3204.854759
-3232.716705
-3177.184939
-3459.22685
-3504.080142
-3533.525468
-6315.919045
-6126.524172
-6119.522484
-6140.177903
-6131.105234
-6309.372595
-6475.101174
-6483.06534
-6383.910378
-6611.070681
-6581.926887
-6567.790846
-6604.059025
-6359.176436
-6508.803604
-6589.052397
-6611.438871
-6450.298926
-5531.303571
-5443.642026
-5479.165644
-5361.749288
-5402.892626
-5488.139593
-5686.163132
-5606.68352
-5683.695726
-5512.72589
-5551.829757
-5637.356332
-3848.162056
-3881.787264
-3789.175134
-3757.568108
-3793.026212
-4225.685957
-4258.386415
-4212.514196
-4384.650452
-4315.424791
-4281.744836
-4009.175846
-4045.092251
-4007.479199
-4164.547628
-4115.305756
-4066.677185
-2743.440529
-2724.753496
-2779.144287
-2628.254157
-2674.956746
-2708.452274
-2905.211096
-2946.153019
-2822.264933
-2837.024459
-2848.298792
-1862.26434
212.4818311
199.6989859
166.5934179
26.32548045
27.45894014
-21.25031076
-158.1453294
-144.0231224
-201.9417084
-321.5643774
-298.5324498
-357.7554693
-451.6819412
-426.2003813
-479.0636732
-547.9823586
-524.9159752
237.5640721
217.4776379
182.0318893
8.888074478
23.60266756
-48.26762828
-208.6002097
-166.9946569
-256.9938273
-384.2646586
-333.2249138
-420.811482
-514.0680938
-464.2702417
-540.0321097
-603.6125382
-559.284656
286.2469591
246.5731999
209.0528854
-33.58721188
1.239890562
-111.1845997
-314.1313394
-228.628421
-369.9863429
-503.838661
-407.9721975
-539.1413739
-621.228987
-535.6885013
-641.6394222
-687.4022359
-622.1273194
402.5403035
306.096167
274.2405803
-135.0148839
-50.68272979
-255.9134128
-525.5608095
-353.7262111
-587.6561828
-710.7991635
-546.3498714
-734.8184061
-778.8505658
-655.9663263
-787.0655929
-800.2825703
-712.8760201
721.4708857
454.8229577
563.1712033
-473.5212572
-183.0783004
-668.4274856
-955.4708843
-606.3502056
-989.0167353
-1016.253907
-776.9877374
-1012.43052
-984.6188486
-826.2032
-972.7032013
-935.0732888
-832.594847
828.7413189
-413.8384486
-47.45514368
-1238.16923
-1260.06344
-1005.961901
-1618.89469
-1406.941795
-1109.412252
-1349.484918
-1207.046572
-1040.949289
-1167.727307
-1068.280182
-969.5522533
-3190.947706
-2616.657703
-2135.075888
-2212.743436
-1739.835972
-1503.460353
-1629.906287
-1382.259745
-1258.438275
-1319.103679
-1167.743945
-1097.902969
-3928.658653
-3212.102201
-3108.38239
-2359.277907
-1843.533116
-1791.317165
-1720.645931
-1443.032161
-1410.233733
-1372.030189
-1201.87502
-1183.338056
-3356.194218
-2890.779361
-3074.863914
-2086.285598
-1702.834466
-1829.114844
-1605.090985
-1373.438682
-1437.391266
-1311.93551
-1160.464031
-1198.465597
-2419.312063
-2190.45267
-2464.988194
-1617.389107
-1410.971472
-1639.450771
-1353.292741
-1206.600675
-1338.863035
-1164.954083
-1056.864106
-1139.508206
-1496.185452
-1496.950665
-1683.499029
-1327.434722
-1155.721246
-1024.211669
-4014.306666
-4474.658659
-4629.547329
-2715.865705
-3124.160692
-2903.605059
-4059.360884
-4448.339285
-4286.879997
-4657.132482
-4695.360204
-4228.895942
-3149.95994
-3365.090256
-3143.184223
-4225.110738
-4026.462909
-3773.615973
-2121.710605
-2179.257006
-2047.559757
-3006.837025
-2864.19792
-2758.656695
-1916.948688
-1787.350154
-1753.267384
3275.669481
4087.995195
4716.745447
1228.029125
-73.08154108
1721.969157
-1923.782458
-1932.376518
-2308.01879
-247.7421543
-694.9079733
-1163.104707
-5220.021718
-5418.112762
-5510.858235
-3327.386311
-3852.025276
-3604.311294
-3055.596307
-2741.034194
-3388.852173
-2303.840616
-2562.32294
-2734.910413
-2073.313968
-2338.655314
-2127.382975
-5655.862692
-5795.487562
-5766.251381
-6015.869971
-6003.004428
-5849.295511
-3132.469318
-3200.323803
-3904.222324
-2619.355284
-2923.810467
-2888.926169
-2852.085831
-2913.760178
-2602.412345
-4242.094593
-4299.840643
-4245.048228
-5045.902478
-4998.241327
-4912.609748
-2559.854644
-2807.003889
-3245.354884
-2368.705995
-2584.690255
-2440.944767
-2815.563669
-2711.71083
-2468.811709
-2875.454689
-2925.431318
-2839.534816
-3496.767941
-3359.23146
-3300.598794
-1592.787844
-1641.515513
-1651.706626
-1769.763612
-1818.737816
-1567.345614
-2101.655846
-2021.492859
-1998.746048
-5854.043685
-6021.903035
-6023.792968
-5588.142062
-5657.780389
-5467.671308
-4094.262471
-4402.944348
-3871.588411
-5282.188206
-4966.109987
-4840.185545
-5343.928543
-5316.547126
-5671.152798
-5048.271683
-5137.010323
-5092.371961
-5736.406543
-5705.790555
-5571.176633
-4610.303988
-4495.053864
-4079.619243
-5380.063003
-5085.684454
-5138.855747
-4731.09824
-4807.352754
-5042.053249
-5691.391813
-5363.366857
-5359.39399
-5167.953416
-5200.423821
-5562.117593
-4136.412415
-4688.50028
-4637.481315
-3565.323619
-3680.990562
-3542.855245
-4191.066381
-4137.468671
-4089.368111
-3661.950422
-3438.864008
-3279.549173
-3941.877572
-3851.292506
-3940.786761
-3207.421844
-3439.264467
-3666.516901
-4734.755882
-4568.682957
-4651.405399
-4031.76623
-4123.858972
-4289.524248
-3656.232251
-3955.460874
-3736.366482
-2232.314591
-2262.782534
-2182.071485
-2754.463897
-2670.567842
-2629.124645
-1484.218842
-1544.577847
-3963.02635
-4711.571193
-4361.366262
-1879.1726
-2093.596243
-2300.604075
-1844.042482
-1954.809439
-1785.427028
-2285.436471
-2122.314555
-1986.387534
-2009.537352
-2066.299112
-1932.086875
-2216.709306
-2173.067227
-2161.786119
-4069.80846
-3451.105566
-2758.329106
-4691.092428
-4515.567952
-4817.934547
-3199.265132
-3490.67156
-3963.293267
-2289.802124
-2305.755562
-2260.623387
-2571.270442
-2528.095636
-2506.704332
-2449.020313
-2312.925577
-2247.507888
-2433.795024
-2381.6221
-2544.613974
-2095.80681
-2237.145869
-2357.060061
-3071.433602
-2911.020784
-3132.667126
-2618.583265
-2834.857949
-2989.53526
-2629.961882
-2724.720435
-2586.330738
1824.903742
-2327.230102
-2296.452927
-2789.846086
-103.1397523
-652.0478551
-1310.35433
1311.458925
-297.769728
128.2301251
-5121.064738
-5577.209909
-4962.505645
-4968.725611
-4236.901835
-3489.015479
-5844.067765
-5606.266361
-5996.917484
-4006.606053
-4332.965039
-4952.064174
-5868.677978
-5850.864269
-5730.308066
-5782.320836
-5910.402471
-5889.164347
-4627.534284
-4574.406914
-4506.446646
-4662.132427
-4735.590741
-4681.277171
-3099.73959
-3012.170753
-2958.848458
-3212.118188
-3179.913319
-3222.750311
-2903.482515
-2948.20567
-2974.178241
-3266.899967
-3312.492855
-3343.389881
-3213.952999
-3314.236962
-3179.920544
-1664.582395
-1678.493313
-1589.86841
-1886.231692
-1753.013895
-1750.577941
-5933.255276
-5948.489278
-5778.206973
-5705.637265
-5884.069363
-5912.471891
-5381.645039
-5344.753235
-5252.081803
-5364.052314
-5456.853035
-5417.625814
-5010.521394
-5069.959183
-5342.410134
-4707.302462
-4882.009559
-4829.554948
-4979.877289
-4934.402014
-4750.424961
-4492.222273
-4646.121911
-4576.497196
-4773.325158
-4711.903979
-4551.892416
-5082.455354
-4879.957467
-4948.14027
-5343.526443
-5357.554252
-5680.484352
-4898.40358
-5120.374771
-5113.248542
-5107.993833
-5118.965976
-4891.405692
-4849.302153
-5048.385112
-5019.421473
-5098.390226
-5076.222019
-4871.725547
-5579.608359
-5295.673737
-5322.334403
-3871.643812
-3726.98726
-3617.31909
-3841.563825
-3885.382476
-3837.020124
-2746.960321
-2713.723701
-2811.652146
-2543.986816
-2628.255992
-2704.308912
-2548.335142
-2587.992083
-2506.24841
-2636.333568
-2655.107275
-2612.253072
-2927.641634
-2874.885923
-2854.940366
-1502.016915
-2173.296328
-2189.028207
-2134.881241
2496.085504
3152.841774
2381.170779
3153.798136
2666.534126
3962.353072
3381.827062
-2699.034159
-2660.510525
-3270.658824
-129.8421043
-584.3143949
-1151.332445
1791.226655
-171.9729708
578.5656242
-5820.300535
-5813.492307
-5675.529568
-5839.974361
-5988.415202
-5971.941167
-4410.918074
-4355.50812
-4294.898078
-4476.423729
-4414.239566
-4472.420578
-4298.199486
-4355.384671
-4409.924803
-4865.205542
-4949.474964
-4898.154873
-5993.14499
-6009.791701
-5843.477509
-5155.738568
-5070.712369
-5383.031661
-4541.290598
-4792.546211
-4880.68454
-4561.869538
-4686.67133
-4437.536312
-4811.634966
-5053.320488
-5086.213164
-4952.725584
-5009.271286
-4763.78877
-5656.923609
-5278.257034
-5226.544038
-5223.603777
-5180.868179
-5091.344308
-5536.360392
-5666.710495
-5617.496728
-4234.325094
-4186.848407
-4242.401289
-4080.773551
-4132.894098
-4178.780854
-4036.124175
-4085.284211
-4034.05663
-3675.819144
-3762.934562
-3848.160597
-3595.46442
-3679.175383
-3596.418796
-3847.237401
-3762.818202
-3674.298632
-4395.773191
-4483.356464
-4686.669502
-4219.925735
-4349.228409
-4268.523515
-4503.530117
-4427.612229
-4292.059786
-3912.43845
-4017.143852
-3932.160418
-4185.893769
-4101.879128
-3991.084359
-4340.202029
-4215.600505
-4306.345518
-2424.78515
-2343.58388
-2310.802238
-2400.962704
-2376.484959
-2460.123036
-2211.173296
-2293.752171
-2326.196003
-4921.872088
-5259.064334
-5670.13534
-1992.654246
-2008.759738
-1955.410402
-2087.198299
-2053.183427
-2036.43895
3959.431522
-2575.180764
-2549.999699
-2594.026275
-2452.782849
-2499.066836
-2515.819373
-2462.362719
-2481.848765
-2436.383993
-5710.385397
-6021.453136
-6164.610287
-5673.977802
-5856.949071
-5553.862209
-6271.152022
-6350.776159
-6063.935832
-4983.395504
-5253.590952
-5478.339174
-4725.385381
-5004.44585
-4760.404502
-5738.478816
-5322.712429
-5009.513434
-5715.325117
-5838.14172
-5829.192286
-5953.038482
-5932.004294
-5799.515954
-4529.858622
-4586.915799
-4657.426868
-4454.526308
-4520.73239
-4466.066296
-4844.479936
-4789.972815
-4714.089223
-3088.195807
-3135.723352
-3168.099735
-3076.107442
-3105.232829
-3059.216273
-3193.671952
-3149.266018
-3121.424545
-3439.095606
-3472.950656
-3425.775622
-3566.909079
-3520.387086
-3485.710141
-3253.483756
-3283.94194
-3238.411107
-3378.814214
-3331.008535
-3299.602338
-3391.292656
-3360.747259
-3411.339908
-1780.061984
-1835.428222
-1854.575489
-1808.105498
-1821.04551
-1772.052594
-1907.134233
-1864.970362
-1852.682459
-5798.002666
-5961.66424
-5976.016561
-5806.615791
-5850.181115
-5674.857522
-6250.351439
-6043.959154
-6002.234105
-6106.442171
-6080.553668
-6292.142665
-5213.777029
-5305.369436
-5264.747997
-5560.974584
-5504.898574
-5406.274399
-3811.119326
-3849.722757
-3802.982387
-3955.616848
-3899.842861
-3860.910679
-3627.359665
-3665.045549
-3614.74241
-3755.034747
-3712.8522
-3673.677575
-2752.096462
-2702.453656
-2681.877899
-2810.736539
-2827.288492
-2793.897027
-1971.6794
-1558.164377
-1438.563824
-1488.671583
-1527.337849
-1792.077143
-1075.743864
-1284.830184
-1288.405591
-1618.255401
-1455.245966
-1409.91065
-1826.432522
-1818.069961
-1956.084246
-1548.275352
-1682.476229
-1706.158303
3118.879122
3556.897335
2955.757779
3695.271252
3723.072927
3349.216361
4489.587313
4093.659062
3991.432187
-2044.777209
-1700.568225
-2855.032008
95.63829512
-474.2932478
-1155.553067
1863.26249
620.9303339
938.1407317
-1364.309647
-1509.221537
-1170.99906
-2517.444937
-1922.237425
-1700.146214
-5252.650336
-5337.581669
-5134.909409
-5791.70271
-5550.358203
-5453.749981
-5727.821722
-5641.538068
-5882.151498
-1625.375514
-1632.095558
-1585.161416
-1723.16092
-1676.876403
-1672.089634
-1696.552681
-1685.792231
-1729.289268
-2070.64429
-2046.17532
-2128.721187
-1881.458685
-1963.799438
-1986.484285
-6102.675983
-5868.614496
-5804.385415
-5962.219701
-5919.505873
-6143.61168
-5515.270151
-5712.136548
-5764.166183
-1538.755466
-2206.90311
-2189.124271
-2232.672984
-2097.654849
-2143.710967
-2159.413407
-2115.831969
-2128.91481
-2084.903918
-4018.345884
-4251.202461
-4417.091246
-4605.522675
-4313.099114
-4083.16775
-2392.972827
-2350.035261
-2335.405699
-2389.692227
-2369.304009
-2411.495824
-2276.801389
-2323.0055
-2338.605916
-1481.657412
-1858.973772
-1950.274359
-1508.746313
-1718.949008
-1288.7725
-2826.663314
-2234.707193
-2149.89348
-2898.481555
-2923.203621
-2878.880788
-3013.314772
-2967.529377
-2943.771194
-3018.427587
-2993.467089
-3040.112123
-3984.000733
-3934.216952
-3891.575347
-4021.945723
-3978.844036
-4029.740671
-3878.761633
-3928.343454
-3970.107707
-1601.105469
-2099.521749
-2222.873065
-1576.754672
-1892.061844
-1350.416512
-3288.084465
-2543.905389
-2322.75932
132.745316
49.16399736
48.73612146
-35.10890285
-117.8262599
-116.0283881
-197.1546987
-271.5393107
-268.2488508
-339.9023088
-401.6090737
-397.7724686
-456.4269341
-504.4795847
-500.8429483
-546.1948627
-582.1362127
-578.7921742
-612.1292984
-637.1117478
-634.6076633
161.1238503
116.7127134
114.7803253
-15.93093717
-60.91394832
-59.4086957
-188.3692473
-229.0357406
-224.2116698
-338.9832302
-372.4101747
-366.0154858
-459.8694117
-485.4772059
-479.054251
-567.5067945
-604.9799201
-590.8983585
-632.4396727
-654.7239395
-643.8120807
-672.9634833
-687.2242766
-679.9229879
173.4263333
122.6470528
121.4935293
-31.4243853
-81.67991244
-73.73196075
-223.7292318
-267.0505359
-253.9486649
-383.8434366
-417.9770757
-403.5826435
-505.4449444
-529.7242584
-515.9192005
-620.5707382
-648.4014822
-624.1826914
-670.2247709
-687.3492124
-669.3519366
-700.8402988
-710.8124306
-698.5660721
193.2412462
126.2608399
125.4136766
-73.73158642
-136.7541939
-118.7781664
-304.3791915
-352.1128616
-325.2556686
-471.5301785
-504.1024742
-477.550136
-585.1989236
-606.8964502
-583.9434217
-698.4977506
-711.5542999
-677.551463
-723.7688145
-732.8267628
-708.575169
-739.3709217
-743.4951091
-726.6323835
234.1338105
132.3858489
130.3784074
-167.0526746
-254.1411007
-215.808025
-460.6946482
-512.2040958
-462.3060292
-627.8495266
-654.1443788
-610.4271006
-708.6731506
-721.1974233
-688.8474823
-802.3623031
-790.8564452
-749.5413569
-790.1563248
-788.1934045
-759.5881076
-785.186468
-782.2671503
-762.5926418
340.9869955
138.2400615
139.2030691
-403.5836525
-528.7368018
-435.2423384
-761.6611005
-802.4063687
-715.8187972
-862.8683822
-870.7822957
-809.8719553
-875.683784
-873.5637732
-832.3437352
-922.7183378
-880.7139765
-835.0298913
-863.3192308
-846.9456059
-817.6508848
-832.2941757
-820.0330704
-801.4106658
676.7684198
404.9796485
392.427136
-1277.852138
-1258.534881
-1127.34166
-1179.53989
-1151.425397
-1077.609324
-1071.952097
-1047.857634
-1004.185922
-1040.486837
-969.470204
-926.4548182
-932.003403
-900.1958227
-874.8959075
-874.1707321
-853.1222179
-836.0697717
-2714.243061
-2555.629903
-2329.200379
-1954.366059
-1812.986081
-1680.784753
-1507.222338
-1431.600635
-1366.822362
-1253.529781
-1206.302386
-1170.54
-1127.230212
-1034.092865
-1005.978893
-980.6862125
-936.8812775
-921.2806182
-901.2365423
-873.4350275
-863.5117944
-3906.407546
-3627.726913
-3579.906205
-2349.874019
-2142.088025
-2096.283228
-1703.903893
-1599.23408
-1573.241707
-1360.212594
-1298.588586
-1283.945968
-1156.304146
-1058.656428
-1052.214271
-997.3187458
-947.3580356
-945.8556078
-906.8443083
-874.8567371
-874.7532806
-3563.017908
-3369.044996
-3447.245782
-2261.022014
-2082.795815
-2129.866606
-1686.018333
-1586.938835
-1606.733927
-1355.188119
-1294.285247
-1304.810676
-1118.830927
-1034.386812
-1052.629909
-975.3791962
-926.9501341
-941.02535
-886.9953487
-855.3706942
-865.9316471
-2658.058169
-2559.698509
-2669.362167
-1863.793126
-1754.059729
-1851.661712
-1490.397223
-1419.800236
-1472.41573
-1246.485852
-1198.756228
-1229.883272
-1025.568626
-966.2073193
-1005.047808
-917.9816967
-877.6027832
-905.5389647
-843.5385763
-816.1561953
-836.5174419
-1720.759935
-1698.020482
-1798.826713
-1365.682732
-1323.015437
-1432.816976
-1204.856105
-1169.151347
-1235.501223
-1072.680433
-1043.722824
-1085.891101
-919.8149434
-844.2708451
-789.3975022
913.4950466
-3508.918348
-3412.300692
-3688.562919
-3515.20185
-3571.816238
-3801.083324
-2777.831513
-2884.890041
-3014.453209
-1617.879694
-1626.395135
-1547.83646
-5561.822843
-5543.889108
-5696.141706
-5446.753257
-5329.364245
-5356.338584
-4835.308811
-4871.340047
-4959.09135
-5704.193503
-5567.413906
-5556.786975
-5380.012511
-5400.398082
-5524.591625
-3339.661064
-3422.211499
-3491.419661
-4827.455612
-4749.312906
-4787.411283
-1471.604678
-1911.151114
-2012.313816
-2065.986174
-3406.439414
-3248.295724
-2937.957957
-2589.029403
-2549.034061
-2626.123093
-2108.175205
-2177.346581
-2204.045888
-3237.514684
-3176.933605
-3257.750812
-2703.232363
-2780.868103
-2827.460547
1533.886385
1696.186685
1441.996592
1134.247342
754.8033857
737.981377
-4096.39785
-3896.298365
-3527.25537
-5139.590086
-5167.574454
-5266.435778
-5158.706714
-5070.282995
-5098.921784
-5523.257214
-5526.898312
-5654.960175
-5610.278864
-5495.620886
-5501.46531
-3789.886549
-3743.097747
-3704.700572
-2834.979561
-2812.158402
-2857.908475
-2555.43133
-2596.412705
-2615.933815
-5400.732511
-5364.08744
-5546.555333
-5613.613591
-5466.606604
-5424.586964
-4474.253038
-4517.017641
-4589.0797
-4440.507391
-4378.618774
-4422.353987
-2486.866084
-2470.671472
-2511.04444
-2098.594342
-1869.791964
-1900.965522
-1976.996191
-1962.47477
-2030.725797
-1632.952304
-1659.093691
-1532.127929
-1300.636506
-1592.704118
-1637.714607
-2623.272482
-2311.322145
-2325.617071
-1921.325256
-1941.614718
-1862.226008
-3849.823353
-4061.513532
-3842.993118
-3121.88903
-2779.348251
-2713.156644
207.9458515
203.2905932
120.2041588
118.905337
163.4254872
28.2095154
72.91881512
73.03345635
72.59014507
73.06874778
27.82044986
-67.53525944
-63.08952031
-18.26806314
-151.5071551
-108.2862272
-113.7650858
-101.0912318
-103.9375239
-147.3265159
-243.4365592
-235.0609253
-194.5661342
-311.6846187
-274.8254312
-283.8803074
-261.8965394
-267.1135983
-304.3530362
-391.0421054
-380.3969857
-347.5067872
-440.9444669
-412.1206815
-422.7607675
-397.2688696
-403.2955097
-432.7787073
-503.8110122
-493.4284962
-468.5552575
-538.2433289
-517.0982965
-527.098716
-503.3314225
-508.884119
-530.7823999
229.8553351
223.2008537
124.6429996
123.8965803
177.4900579
15.02423855
69.54591829
66.84777075
72.90566081
71.40570661
19.84559559
-103.8825199
-91.63227446
-38.91571401
-191.9047958
-142.8224815
-157.5077084
-121.1894636
-130.8148227
-178.1495398
-302.3946465
-283.1066059
-238.7932845
-364.068287
-324.9358581
-344.8532727
-294.7743512
-308.3183787
-347.1608706
-454.5046206
-434.7430453
-400.7127393
-495.2671193
-466.3527122
-485.5943754
-435.2527672
-449.7200135
-478.7378294
-563.4106429
-545.46618
-521.6351872
-586.8867691
-567.1993125
-584.5790379
-538.701626
-551.9830985
-572.1191467
270.2362721
257.2856025
128.6703938
127.2848797
200.1468963
-19.64201451
53.55528302
47.01690054
63.41061773
59.05251943
-8.164561315
-184.3906286
-158.3771772
-90.66262818
-280.7178026
-221.9197576
-252.2299791
-175.2496087
-196.5194657
-252.4691961
-419.9192643
-383.4668961
-334.5783507
-467.2335286
-427.5908629
-464.3340799
-368.3458894
-395.7798486
-435.4946517
-570.1409551
-534.6137591
-502.8050369
-589.2817854
-563.4103047
-597.3107236
-507.9187895
-533.6978092
-560.7212618
-659.0896074
-631.8798249
-612.1633521
-663.8499036
-648.9846727
-674.2626978
-604.1865096
-625.7277598
-642.1769159
362.2771598
330.9049669
137.1277794
134.6589082
251.7172215
-99.21667584
15.61273499
-2.171104288
38.97730942
28.79780928
-72.01092301
-361.3941384
-301.8189427
-205.9458323
-458.1001969
-385.8768976
-450.8190657
-288.5127669
-332.3644088
-401.0982229
-638.6990333
-571.0026683
-519.2031084
-650.4166104
-614.5740008
-679.4594318
-506.89415
-556.7912151
-595.255461
-753.3907219
-701.4667311
-679.0772857
-734.6148519
-719.7748442
-767.8258902
-634.9948851
-675.6430991
-693.657525
-793.0966708
-755.9985146
-746.5027328
-769.4208075
-763.5172083
-797.3720526
-701.8096561
-731.6197315
-740.276634
615.8178602
524.3418757
8.77156127
131.4719117
388.5647917
-339.4540644
-119.5872054
-211.151793
-27.39999283
-64.11010362
-248.1753441
-806.061709
-650.0593102
-515.3033751
-820.6465761
-749.8579029
-898.4845179
-529.5426842
-627.4602655
-704.1153428
-1007.384573
-899.1846368
-868.3629705
-929.7530635
-918.5691802
-1015.62299
-751.173754
-830.5281237
-849.8893932
-1005.145784
-935.8756797
-935.171699
-929.3760036
-933.7729639
-995.6105559
-819.6447368
-875.0165154
-876.5260854
-960.2392355
-916.474511
-923.454823
-900.4697626
-908.7055849
-947.6093048
-833.0386825
-870.2846392
-866.184066
371.8455367
409.1904681
752.0084425
-240.9422354
64.33567138
-54.18376839
164.5314031
127.7277796
-126.9400799
-1540.764528
-1398.241055
-1444.599083
-1307.486176
-1352.106799
-1470.497333
-1120.989746
-1234.19206
-1207.49526
-1297.393566
-1225.071666
-1265.03978
-1153.002543
-1187.771634
-1250.125447
-1059.535275
-1123.904182
-1097.31723
-1131.735813
-1090.617485
-1120.683201
-1036.647971
-1062.656998
-1098.662973
-986.5397142
-1025.089731
-1003.636676
-2966.091628
-2769.249816
-2964.241209
-2455.929617
-2603.089474
-2777.398818
-2024.762733
-1929.65017
-2097.239879
-1673.734015
-1790.721522
-1869.620009
-1586.040065
-1694.808714
-1594.017713
-1535.577145
-1488.177455
-1574.114737
-1347.444058
-1413.300555
-1453.816032
-1309.68316
-1365.120157
-1306.163472
-1262.989356
-1236.986779
-1289.055836
-1148.066319
-1190.251522
-1212.833383
-1132.589491
-1163.522135
-1124.741869
-3658.069704
-3653.068783
-3925.549776
-3186.180151
-3407.741197
-3420.359788
-3331.026101
-3381.642281
-3167.841857
-2157.149599
-2161.958909
-2369.643087
-1843.539836
-1988.993499
-1987.636062
-1930.120325
-1970.049784
-1826.016234
-1615.161375
-1613.299338
-1719.736567
-1440.657955
-1521.166824
-1523.454759
-1486.226115
-1508.732811
-1429.730153
-1308.922297
-1306.89352
-1369.764986
-1200.38121
-1250.784512
-1252.540368
-1230.947769
-1243.600822
-1194.266147
-3189.506217
-3282.508192
-3462.516506
-2953.931446
-3113.564681
-3033.120319
-3254.44162
-3188.877587
-3026.965258
-1940.859615
-2018.856634
-2181.344851
-1756.969815
-1878.668871
-1814.047666
-1967.721848
-1930.587139
-1799.519987
-1518.674052
-1557.441308
-1650.886681
-1401.783175
-1474.887227
-1441.946509
-1516.611462
-1500.027705
-1423.320201
-1256.459299
-1277.994843
-1336.545846
-1177.372964
-1225.198026
-1206.194122
-1248.858931
-1239.566767
-1190.185858
-2339.207294
-2449.68123
-2538.620571
-1542.453076
-1650.303627
-1742.374372
-1492.140359
-1567.263817
-1473.84714
-1739.111528
-1656.285654
-1568.807911
-1300.321754
-1362.361892
-1424.139719
-1254.671427
-1306.151438
-1251.601756
-1402.09553
-1356.314824
-1298.796041
-1126.340861
-1164.039907
-1207.363341
-1087.120798
-1124.085462
-1090.398092
-1182.680245
-1155.036518
-1114.838531
-1378.306878
-1281.802562
-1242.424417
-1194.257911
-1135.328224
-1103.180962
-1054.125176
-1016.150207
-989.8492216
-4539.510377
-4336.612954
-4261.440889
-4429.931021
-4375.669491
-4587.206147
-4399.920774
-4260.365134
-4293.873354
-4156.411124
-4201.892883
-4344.430473
-4680.068701
-4486.61159
-4450.234858
-4512.200839
-4491.219272
-4689.884473
-3291.417501
-3223.647777
-3289.610851
-4161.860068
-4041.156414
-4092.741699
-3915.144203
-3972.411064
-4094.917776
1050.163949
-346.6307746
-542.7624687
-433.0520482
-900.7651765
-692.6971025
-493.886814
-968.161749
-850.4859403
-1054.091158
-2960.369556
-3172.416426
-3265.149344
-2927.649644
-3063.51298
-2870.961336
-3554.75563
-3289.591004
-3140.291083
-3158.854637
-3358.20758
-3312.924578
-3412.982347
-3394.138707
-3196.76211
-3860.591836
-3615.049276
-3644.180845
-2641.967289
-2761.542801
-2664.789481
-2946.226204
-2855.75675
-2732.640469
-3131.012143
-2989.577181
-3091.597102
-3450.595437
-3417.657139
-3461.261221
-3327.877261
-3371.196106
-3405.11891
-1783.286448
-1704.501621
-1697.44213
-1734.923828
-1718.36732
-1799.395991
-1556.942528
-1637.517313
-1651.100179
-4214.331385
-4016.87379
-3893.70703
-4200.146242
-4102.20304
-4312.58834
-5686.914355
-5542.039559
-5517.413258
-4576.929985
-4411.815522
-4440.871105
-4336.428361
-4376.486869
-4538.249147
-5267.020682
-5299.632286
-5415.114277
-5093.650035
-5193.469898
-5161.417982
-5244.861494
-5221.207617
-5123.055188
-5001.586927
-4917.699716
-4951.527882
-5561.253469
-5556.321819
-5697.348494
-5180.124057
-5286.549667
-5267.39061
-5330.10985
-5310.547249
-5199.670874
-5543.949538
-5420.468512
-5443.026741
-4675.676314
-4488.768908
-4504.045406
-4461.857979
-4475.546404
-4658.910981
-3635.244932
-3599.527416
-3642.446602
-3508.219594
-3552.166051
-3589.576446
-3587.499447
-3504.522876
-3569.732871
-3363.797045
-3429.718372
-3513.102849
-3284.812922
-3353.513752
-3274.139142
-3514.601049
-3433.644267
-3361.833355
-3578.286562
-3505.545442
-3590.056278
-4660.231556
-4700.074337
-4781.279133
-4238.192859
-4189.198447
-4230.400765
-3883.550243
-3782.042952
-3843.056142
-3644.518826
-3708.122353
-3810.160683
-1477.041994
-2182.867216
-2118.158045
-2228.888496
-2022.251712
-2013.084705
-2053.901296
-1924.358682
-1966.398314
-1978.033867
-3828.126206
-3547.470124
-3752.383809
-3219.604177
-3370.950487
-3624.533382
-2839.675796
-3110.46486
-2988.957548
-3659.514656
-3491.32945
-3324.998552
-3780.295762
-3630.091215
-3810.754312
-2404.482877
-2475.189585
-2511.064496
-2585.543613
-2509.749423
-2477.812185
-2280.069936
-2254.945448
-2325.857365
-3016.833186
-3096.738737
-3154.179834
-2983.408678
-3040.579372
-2962.956754
-3195.437349
-3117.679045
-3061.62831
-2688.825668
-2735.37828
-2659.879988
-2886.825932
-2810.415715
-2763.575526
-2908.241744
-2858.966444
-2937.63966
1853.423127
1669.000332
2330.259749
2067.967833
1609.811712
1893.328235
2154.327912
-213.7018097
-453.2584019
-342.5757164
-937.0427236
-652.6755068
-388.3740833
-1089.895667
-873.4845245
-1154.872887
707.6233342
763.3020907
1216.921415
-71.14031055
314.6704579
145.9102071
449.1050982
403.7440057
55.57239156
-5293.517104
-5070.387216
-4895.470821
-5348.350525
-5203.761113
-5441.650537
-4660.001731
-4277.23644
-4543.565953
-3953.519431
-4096.285002
-4432.390583
-4731.545597
-4542.937671
-4766.502408
-3268.948009
-3239.176656
-3282.048686
-3153.233902
-3194.161456
-3224.376457
-1841.218388
-1834.538746
-1877.11574
-1744.548089
-1788.369306
-1797.052103
-5305.25891
-5208.811753
-5233.499577
-4996.150278
-5027.687454
-5120.725952
-5669.911877
-5546.070347
-5545.911836
-5466.250231
-5472.90029
-5593.829107
-3822.311484
-3782.439335
-3830.427372
-3687.856107
-3734.888195
-3773.826708
-3657.729819
-3697.063774
-3651.172386
-2727.64272
-2768.640478
-2790.220167
-2834.859241
-2790.849916
-2770.385405
-2660.042518
-2641.376647
-2682.881315
3036.333309
2765.643588
2889.542525
2198.945426
2568.53123
2809.664747
2943.573515
3819.081643
3613.184421
-933.2344643
-659.5515173
-280.1462524
1064.549454
1095.577236
1733.280067
56.85631528
570.9373633
422.4845753
-5510.551839
-5480.794476
-5636.457554
-4638.296347
-4568.289175
-4609.800647
-4282.122376
-4326.468004
-4390.402473
-2385.769182
-2426.293963
-2443.880587
-1660.493
-1660.614697
-1463.486009
-1817.118176
-1884.738613
-1901.642889
-2004.090694
-2032.63242
-1782.532298
-657.6578958
-674.0221924
-673.9878391
-550.5795501
-568.0429679
-564.428775
-590.482291
-606.4837857
-595.9454084
-656.4718656
-668.4423134
-651.9379158
-747.4629942
-751.9636104
-729.5789956
-861.5681716
-856.9779444
-829.7637049
-983.3403833
-965.0015408
-937.9092005
-1089.815424
-1058.811413
-1035.848063
-1150.00909
-1111.22008
-1100.14941
-1145.578659
-1106.028848
-1110.215712
-1077.835344
-1044.586838
-1062.476413
-964.8430648
-941.8417541
-968.8879549
-560.2297853
-689.9073445
-811.58574
-4278.60402
-4255.847381
-4114.027187
-4147.738865
-4303.89437
-4295.713619
656.4757384
374.249428
357.3156833
523.9249351
-1282.397768
-1136.600236
-1057.419646
-2227.152186
-2421.702169
-2304.607964
-2280.779311
-2364.771287
-2262.620905
-2566.077934
-2465.651723
-2377.672707
-1483.153725
-1584.672971
-1607.48225
-3089.875356
-3150.893241
-3218.238369
-4083.125278
-4224.076088
-4183.69779
-4336.95984
-4321.39585
-4154.727423
-2160.782333
-2055.928529
-2006.185131
-1813.087127
-1844.460945
-2036.292474
-2303.967634
-2300.399086
-2569.784091
-584.1854288
-576.6249939
-558.3257238
-634.8475319
-621.1575116
-604.7083647
-706.5542566
-687.7414949
-676.5805169
-803.4681526
-777.2921428
-774.0694455
-911.5039671
-884.3888936
-891.8804923
-1015.560875
-988.5623256
-1012.045915
-1091.412849
-1073.774085
-1109.623825
-1116.059873
-1112.553836
-1154.953583
-1081.708187
-1093.042671
-1133.76096
-997.126044
-1020.15673
-1052.809686
19.43931713
203.8652465
190.5909254
-7127.391448
-7147.115254
-7489.96166
-3360.154344
-3371.119138
-3378.087466
-1946.376235
-1958.078049
-1965.555107
-7038.733848
-7220.06897
-7626.927374
-5926.036866
-6316.291029
-8434.530728
-6526.856742
-6616.458633
-6706.126417
-6483.868875
-6563.031435
-6635.766574
-6399.83168
-6491.28183
-6584.853475
-5349.7245
-5391.901448
-5431.310477
-5489.441061
-5534.108588
-5575.315368
-5292.694998
-5327.390328
-5351.134853
-5132.395835
-5156.304904
-5177.006562
-3525.567948
-3528.2893
-3534.730445
-3478.93692
-3491.519766
-3500.132846
-2639.152673
-2641.382397
-2646.224656
-1817.64838
-1827.813471
-1833.350682
-6519.619775
-6583.177492
-6630.862868
-6666.15602
-6758.945231
-6845.29071
-6585.565393
-6668.413424
-6754.613523
-6708.181072
-6791.204629
-6883.097473
-6251.526352
-6321.231479
-6380.783526
-6359.071131
-6428.358353
-6494.995883
-6216.064104
-6287.141168
-6358.554584
-5658.162267
-5721.084251
-5784.342353
-5536.308925
-5598.122418
-5659.492741
-5684.589531
-5734.046051
-5767.408813
-5087.101067
-5118.652475
-5145.895594
-4954.683465
-5000.436295
-5031.656705
-4658.733529
-4693.61085
-4724.453958
-4914.081259
-4979.836915
-5040.240698
-4709.403694
-4742.025989
-4771.651753
-2678.768586
-2688.181674
-2694.973108
-1674.555658
-1678.15209
-1683.095078
-7266.667682
-7236.237907
-7721.95939
-3398.919107
-3416.248853
-3428.908741
-1915.043196
-1922.135495
-1934.980585
-4095.395968
-4111.245819
-4120.744897
-3314.253104
-3326.379171
-3332.07749
-3288.919981
-3302.963841
-3313.062476
4469.419355
4524.262773
4534.219761
-1761.490165
-1775.085211
-1785.081447
-1720.388651
-1722.192665
-1729.445438
-6549.231054
-6656.373768
-6774.086505
-6535.071643
-6621.914204
-6702.759721
-6452.487979
-6536.554285
-6619.59292
-6427.641315
-6513.205384
-6585.594001
-5400.700263
-5461.911949
-5522.073652
-5437.040568
-5476.176069
-5502.002625
-5249.610947
-5306.068089
-5360.642013
-5193.95734
-5233.859891
-5274.601034
-6826.03553
-6876.437638
-8452.462099
-6867.111081
-6957.329595
-7804.123292
-7232.161675
-7210.086692
-7905.818904
-3439.26618
-3460.913126
-3477.120701
-2601.251183
-2613.371737
-2622.356703
-2511.750557
-2523.420227
-2531.169517
-2564.051404
-2581.732533
-2597.54417
2399.660844
2336.435384
2143.355638
2201.680475
-1868.358006
-1876.227096
-1884.515112
-6644.804019
-6754.226971
-6837.233548
-6635.386834
-6772.235887
-6912.30664
-6747.54163
-6856.243139
-6984.528203
-6282.32777
-6356.263512
-6430.27433
-6314.304662
-6378.449203
-6434.805787
-6174.91418
-6232.300481
-6281.591418
-6140.111277
-6200.46576
-6257.158835
-5621.585855
-5673.7214
-5722.088501
-5572.766673
-5616.17245
-5644.94567
-5721.857562
-5772.047927
-5817.168304
-5757.794083
-5800.519455
-5840.877592
-4995.557013
-5026.663319
-5048.380099
-4602.207523
-4626.182577
-4645.971284
-4841.534797
-4877.02997
-4911.605745
-4765.289582
-4786.377246
-4802.920765
-3157.08861
-3170.515926
-3181.43413
-3213.512073
-3241.413221
-3265.391396
-3261.50161
-3291.249114
-3319.730704
-2346.839309
-2359.608003
-2368.846046
-2305.622408
-2307.032708
-2311.813517
4857.907926
5022.72786
5221.82109
3367.395537
3304.848665
3030.766734
1319.377948
859.0830504
-355.3157456
-1998.472201
-2009.188302
-2015.663641
-3713.535223
-3735.98547
-3747.220712
-3688.03052
-3722.804023
-3750.30933
-6862.518048
-7004.078093
-7155.631294
-4013.537051
-4035.668005
-4054.388549
-4059.091012
-4080.186582
-4103.012913
3623.55351
3638.015579
3569.800015
4059.871561
4061.895294
4018.052361
-2175.438355
-2186.699695
-2195.569647
-1610.313729
-1618.199797
-1622.805865
-1573.170056
-1572.995317
-1577.031752
-5985.735541
-6042.322287
-6086.324398
-6103.236617
-6165.913013
-6210.300261
-6085.631484
-6162.458439
-6246.704446
-5968.278082
-6038.623904
-6098.140514
-5800.153546
-5849.030419
-5892.778217
-5855.444579
-5912.819689
-5973.198254
-2838.371216
-2841.652659
-2846.374177
3374.002011
3372.061613
3290.667203
2670.264286
2573.779106
-2118.85224
-2125.725756
-2130.565851
-3851.766098
-3881.10813
-3906.493496
2547.26246
2490.996086
-7007.369403
-7173.201403
-7448.870594
-7016.158971
-7136.60686
-7381.0111
-5040.579967
-5081.241652
-5114.687026
-3884.022617
-3902.530379
-3912.415737
-3014.861853
-3030.270211
-3041.492205
-2805.178403
-2817.994905
-2825.36227
-2971.926039
-2992.755817
-3010.897593
4855.140609
4983.942302
5130.01861
-2401.771596
-2422.001404
-2439.565938
-2264.572978
-2275.349167
-2284.449513
-2043.476263
-2051.743655
-2059.799418
-7216.755647
-7383.31946
-8051.465135
-3751.932669
-3764.013879
-3770.245563
-3652.958619
-3684.279613
-3712.935739
-3583.168273
-3596.023303
-3607.499853
-7162.99767
-7251.862739
-7601.688314
-6903.524487
-7005.436866
-7167.31948
-6906.446731
-7036.617836
-7223.889741
-6886.895193
-7024.465657
-7195.765016
-4484.542442
-4519.220267
-4554.826915
-4530.664111
-4552.116037
-4566.277297
-3957.235355
-3973.267771
-3982.608106
-4423.346206
-4451.000576
-4475.72392
-4351.757281
-4370.082801
-4382.74178
-3840.37267
-4654.841802
-7452.615669
-2475.07208
-2477.756047
-2482.621756
-2438.250512
-2450.463512
-2458.860055
-2219.843399
-2237.401268
-2252.214539
-6017.409229
-6063.340742
-6107.489057
-6057.880405
-6108.417123
-6161.530495
-5946.370057
-6023.496051
-6104.81173
-5900.089827
-5953.241503
-5996.543225
2821.687711
2819.255235
2727.135852
3079.627932
3056.219985
2945.029931
-2084.568377
-2087.494272
-2096.161771
-7055.342454
-6843.896348
-7884.503659
-3802.157026
-3812.972808
-3823.294594
-7112.314619
-7191.021023
-7443.451477
-6965.528696
-7058.956509
-7248.505675
-6789.724361
-6888.754779
-6996.600147
-6836.701939
-6960.432862
-7105.622127
-6762.984351
-6877.28383
-6981.436299
-6762.104946
-6898.048321
-7040.293564
-3913.223308
-3927.708818
-3935.384177
-4252.989057
-4280.571383
-4305.159323
-4294.712968
-4313.52197
-4325.516383
-4204.869298
-4227.222398
-4245.140792
-4154.592666
-4169.834047
-4180.307268
-3053.183281
-3057.345698
-3064.243844
-3091.33959
-3097.444035
-3102.650762
-2734.166215
-2753.338508
-2771.001962
-2770.047391
-2792.647275
-2809.776871
-2927.523056
-2940.003289
-2949.115554
-2871.789487
-2877.263267
-2881.801303
-1104.755227
-1728.712569
-4022.376632
)
;

boundaryField
{
    topAndBottom
    {
        type            slip;
    }
    inlet
    {
        type            zeroGradient;
    }
    outlet
    {
        type            fixedValue;
        value           nonuniform List<scalar> 0();
    }
    wing
    {
        type            zeroGradient;
    }
    front
    {
        type            empty;
    }
    back
    {
        type            empty;
    }
    procBoundary2to0
    {
        type            processor;
        value           nonuniform List<scalar> 
58
(
210.9523858
965.0777923
2648.982165
3463.121408
3760.600376
3273.749276
3152.719161
3612.908711
2866.948659
3152.719161
256.1774447
213.5711532
240.9352005
290.6725806
263.0725441
358.4292172
303.2551568
515.2277995
385.5643846
864.4300312
584.3573569
1491.088071
1771.392235
2383.382321
3129.172916
2948.284747
3729.285095
3311.316663
3716.323944
213.5711532
1097.757423
250.0729082
245.3295734
280.0094079
270.9079528
336.3645193
318.2642898
461.5225459
419.2525318
793.8093497
783.020755
674.9131072
1268.657469
1491.088071
1946.628501
2145.083461
2948.284747
3633.377766
3488.402262
783.020755
2014.455147
2406.636732
2264.88761
2177.498132
2264.88761
2673.650857
2673.650857
2554.711142
)
;
    }
    procBoundary2to3
    {
        type            processor;
        value           nonuniform List<scalar> 
51
(
-835.3349141
-781.7332805
-691.9855821
-761.9643775
-674.1593555
-662.2296741
-656.4119318
-1514.328349
-1422.972742
-1392.33281
-1505.80832
-1407.330593
-1422.972742
-1398.914656
-1526.346725
-1489.010561
-1530.714985
-1389.066817
-1316.753371
-1401.62083
-1498.66111
-1413.380215
-1489.010561
-1269.851439
-1296.008377
-1416.172159
-1492.457833
-1242.721721
-1214.582409
-1129.483096
-1102.058143
-1024.408729
-1000.214007
-867.9339679
-806.711216
-761.9643775
-1394.405969
-1407.830857
-1157.580605
-1186.0359
-1049.463447
-1075.379999
-954.2272411
-976.8239183
-1397.719379
-932.5746937
-911.2756373
-1379.526616
-1534.55362
-1540.910857
-1545.993537
)
;
    }
}


// ************************************************************************* //
