/*--------------------------------*- C++ -*----------------------------------*\
| =========                 |                                                 |
| \\      /  F ield         | OpenFOAM: The Open Source CFD Toolbox           |
|  \\    /   O peration     | Version:  v2012                                 |
|   \\  /    A nd           | Website:  www.openfoam.com                      |
|    \\/     M anipulation  |                                                 |
\*---------------------------------------------------------------------------*/
FoamFile
{
    version     2.0;
    format      ascii;
    class       volScalarField;
    location    "2.07";
    object      nut;
}
// * * * * * * * * * * * * * * * * * * * * * * * * * * * * * * * * * * * * * //

dimensions      [0 2 -1 0 0 0 0];


internalField   nonuniform List<scalar> 
3019
(
0.05901517534
0.2078572727
0.2770930037
0.3565466968
0.4538197381
0.5899849976
0.801772107
1.045489917
1.1562397
1.151137661
1.148910168
1.148380805
0.1165867985
0.3092218829
0.3885066467
0.4631332282
0.5522227802
0.6790507479
0.8703866659
1.088069885
1.157349761
1.151826536
1.149318281
1.148703502
0.1636123096
0.4293995242
0.5939912732
0.6286043247
0.6936496662
0.8051921256
0.9757334044
1.167144911
1.158416108
1.152579604
1.149881001
1.149194362
0.1837903155
0.4530132399
0.7308691567
0.8702866762
0.8862423888
0.9685622803
1.120456442
1.168450157
1.159381208
1.153349032
1.150522876
1.149797783
0.216852513
0.4854314131
0.759388313
0.9681103004
1.087634681
1.144405217
1.168521855
1.169406553
1.160176829
1.154052508
1.151153092
1.150410421
0.2586613393
0.5238079599
0.78721227
0.9798094279
1.092108347
1.146874527
1.169615259
1.170001435
1.160775208
1.154655971
1.151758514
1.151009737
0.292904959
0.5527329157
0.8034108835
0.9863516406
1.095222745
1.148400999
1.170186684
1.170274408
1.161148533
1.155093712
1.152232454
1.151486915
0.3086452395
0.5636813633
0.8123218964
0.9914259918
1.097411288
1.149268946
1.17035705
1.170281672
1.16138692
1.15545932
1.15265257
1.151910384
0.3205248357
0.5727381329
0.8186157806
0.9953147471
1.09894332
1.14968332
1.170226902
1.170086359
1.161444348
1.155659213
1.152914562
1.15217848
0.3310395416
0.5805656
0.8228376623
0.9980610691
1.099965264
1.149779105
1.169879723
1.169746193
1.161439854
1.155828057
1.153143098
1.152406057
0.3403490175
0.5873561353
0.8257995274
0.9997368579
1.100534313
1.149632424
1.169380314
1.169308483
1.1613021
1.155847194
1.153215409
1.152476044
0.348724413
0.5933877754
0.8281031791
1.000570959
1.100683183
1.149285576
1.168776341
1.168809005
1.161166582
1.155885591
1.153298108
1.152547738
0.3564698506
0.5989196117
0.8300599031
1.00083631
1.100473152
1.148773874
1.168103774
1.168274336
1.160921322
1.155781147
1.153228501
1.152466064
0.3637862466
0.6040768335
0.8317877277
1.000744481
1.099989684
1.148135784
1.167391553
1.167724034
1.160728393
1.155742983
1.153215726
1.152433248
0.3707295348
0.6088927035
0.8333261252
1.000432156
1.099317722
1.147412042
1.166664909
1.167173548
1.16042716
1.155554973
1.153044468
1.152242272
0.3772962778
0.6133820658
0.834700311
0.9999914945
1.098534838
1.146645181
1.165946725
1.166634651
1.160220383
1.155474763
1.152971572
1.152142323
0.3835088811
0.6175767701
0.8359491763
0.9994996274
1.097714163
1.14587898
1.165257905
1.166116275
1.159891413
1.155230505
1.152729126
1.151874892
0.3894129699
0.6215314009
0.8371314704
0.9990345674
1.096925552
1.145154127
1.164614872
1.165624835
1.159691562
1.155125556
1.152616637
1.151730404
0.3950727906
0.6253186616
0.8383324172
0.9986826817
1.096231338
1.144499915
1.164023842
1.165160157
1.159353464
1.154853624
1.152337374
1.151424217
0.4005693217
0.6290567946
0.8396724995
0.9985273914
1.095669508
1.143921307
1.163475261
1.164718169
1.159154104
1.1547211
1.152189478
1.151241971
0.40605237
0.6329292888
0.8412805025
0.9986168633
1.095233618
1.143390941
1.162943624
1.164281467
1.158831992
1.154465658
1.151925812
1.150954335
0.411697366
0.6370971529
0.8432299911
0.9989352194
1.094868896
1.142855827
1.162395133
1.163840961
1.158573635
1.154264567
1.151711057
1.150705151
0.417587704
0.6416182702
0.8454993969
0.999401589
1.094487591
1.142249742
1.161803432
1.163377098
1.158338979
1.154093703
1.151538476
1.150516378
0.4236788389
0.6464174271
0.8479635153
0.9998901437
1.093992101
1.1415098
1.161192977
1.162937286
1.157931782
1.153789876
1.151234241
1.150177318
0.04402101734
0.05528835658
0.1828731372
0.0865606791
0.04523984539
0.1107570907
0.2498494516
0.186091933
0.1188746302
0.08857816624
0.1440603451
0.07039175691
0.06748213774
0.08381776624
0.160694669
0.1479113749
0.03043961826
0.05343766551
0.02770101634
0.03649170126
0.09487329456
0.05720300194
0.1580132647
0.3565503337
0.2814818402
0.1115258708
0.09942706747
0.03919508654
0.1998698403
0.1671429748
0.08715509963
0.09611775196
0.007587006856
0.01873906148
0.0324100995
0.0793157098
0.01121045007
0.01283131506
0.03626243962
0.01143435909
0.01133645972
0.01303155247
0.01128338148
0.01192213991
0.01905520536
0.01415489925
0.02756127274
0.02140256818
0.01182061106
0.007917212582
0.02107109281
0.01107930015
0.01130961097
0.1897816219
0.2412411434
0.03815213726
0.01384214899
0.01869127682
0.01096202742
0.01494465163
0.02822812687
0.05567598601
0.01161856949
0.008291067697
0.008388735845
0.01178090366
0.01174904229
0.035342548
0.02985644419
0.01117015408
0.0109639975
0.01123417867
0.01128458258
0.007849512261
0.01129402776
0.01155416327
0.01208037088
0.01168096474
0.01141285715
0.01170692267
0.01160881978
0.01165148797
0.01177684504
0.01175156522
0.01175340711
0.01195025903
0.01255385818
0.01214540928
0.01138888653
0.0110557852
0.01113388249
0.01222073742
0.01151069328
0.01130689364
0.2583953565
0.3155505747
0.3366338723
0.4074919906
0.4346598205
0.5283979669
0.07031359596
0.1218775593
0.1160428758
0.2748137131
0.3362497922
0.2591236639
0.354573191
0.4118694355
0.3354237647
0.4318739229
0.4988713385
0.4269948081
0.5234625851
0.6082970037
0.5473833377
0.1293031914
0.2441020081
0.2151169258
0.4237697601
0.521729647
0.3718442932
0.531536262
0.5661692397
0.4443537486
0.5805526421
0.6331885108
0.5275653056
0.654671009
0.7272344331
0.6350519397
0.1072667279
0.09341951446
0.1778916771
0.377308244
0.3617138489
0.4465173595
0.6560835745
0.5905610268
0.7243951998
0.8030736993
0.6171091765
0.8006666395
0.8202607083
0.6734809464
0.8329708956
0.8925810963
0.7660998164
0.1366376758
0.1130573117
0.2072567005
0.405131648
0.3832721906
0.4763979957
0.6856524312
0.6628903928
0.751980856
0.919929546
0.8825631154
0.9642952113
1.063230479
0.8765957029
1.074232016
1.103148782
0.9423978889
0.1818762372
0.1467060182
0.2482583189
0.4425982422
0.4138257431
0.5143413194
0.7183801761
0.693862218
0.7808659124
0.9367908474
0.9246051458
0.977607018
1.069245282
1.065049367
1.091139249
1.136539961
1.134319238
0.2265265695
0.1940640632
0.2860488116
0.4777066399
0.4524009029
0.5472956815
0.742802369
0.7258510393
0.8007537262
0.946130591
0.939905238
0.9848730158
1.073345831
1.070402153
1.094544548
1.138573089
1.137135404
0.2478204979
0.2343348145
0.305451283
0.4941209475
0.4840296934
0.5612017955
0.7532600838
0.7458352405
0.8103464297
0.9525634758
0.9478853087
0.9902739796
1.076312092
1.0741785
1.096933997
1.13983613
1.138950611
0.2599212522
0.2510053417
0.3176870897
0.5048519776
0.4969567177
0.5705957881
0.7605625554
0.7553412071
0.8172679045
0.9575456801
0.9539427423
0.9944497119
1.078473118
1.076919
1.098612024
1.140558674
1.140060319
0.27059174
0.2627112761
0.3285329528
0.5141109639
0.5072976454
0.5787152503
0.7657457345
0.7620190555
0.8219306038
0.9610899953
0.9585678895
0.9974806467
1.080004988
1.078911612
1.099753522
1.140898567
1.140675118
0.2801250815
0.2730749418
0.3381212911
0.5221281947
0.516222756
0.5857417947
0.769678118
0.7668205976
0.8251391283
0.9632985856
0.9617577761
0.9994078279
1.080971566
1.080298944
1.100433038
1.140948674
1.140936391
0.2887535103
0.2823586375
0.3467023538
0.5292047168
0.5239735571
0.5919351062
0.7729146647
0.7705377834
0.8275677616
0.9645142064
0.9636804248
1.000425888
1.08140851
1.081128848
1.100682676
1.140755151
1.140922342
0.2967350988
0.2908024093
0.3545786539
0.5356556085
0.5308671306
0.5975745922
0.7757638498
0.7736569954
0.8295948824
0.9651079298
0.9647095697
1.000810381
1.081391734
1.081443275
1.100554807
1.140353071
1.140673232
0.3042672285
0.298656482
0.3619933019
0.5416709072
0.53719771
0.6028203499
0.7783516956
0.7764342354
0.8313746501
0.9653322048
0.9651923494
1.000792494
1.081031373
1.081329876
1.100131444
1.139784272
1.140225263
0.3114353022
0.3060938291
0.3690293872
0.5473121211
0.5431167302
0.6077202819
0.7807140978
0.7789639692
0.8329581718
0.9653303452
0.9653498181
1.000525537
1.080434521
1.080901
1.099499094
1.139095301
1.139621953
0.3182581665
0.3131745756
0.3756895441
0.5525942944
0.5486674331
0.6122892182
0.7828676272
0.7812724346
0.8343704895
0.9651876775
0.9653059695
1.000109509
1.07969248
1.080259827
1.098736976
1.13833461
1.138910405
0.3247489618
0.3199127456
0.381987035
0.5575406451
0.5538618062
0.6165531583
0.7848427121
0.7833776608
0.8356459925
0.9649721703
0.9651388432
0.9996233579
1.078886423
1.079494424
1.09791906
1.137552299
1.138139551
0.3309358791
0.3263241593
0.3879628955
0.5622062149
0.558732473
0.6205619825
0.7866910617
0.7853153903
0.8368382217
0.9647544308
0.9649158145
0.9991438372
1.078093045
1.07868449
1.097116117
1.136797188
1.137359645
0.3368678498
0.3324415717
0.3936778423
0.5666528968
0.5633369503
0.6243825851
0.7884879152
0.7871425922
0.838024543
0.9646181017
0.9647099729
0.9987552822
1.077385363
1.077906008
1.096393401
1.136109632
1.136618208
0.3426117734
0.3383186933
0.3992052249
0.5709900781
0.5677427383
0.6281175637
0.7903478876
0.7889426736
0.8393171248
0.9646578874
0.9646088286
0.9985443315
1.076820305
1.077229847
1.095797123
1.135508399
1.135951672
0.3482871905
0.3440284888
0.4046773476
0.5753802393
0.5720766987
0.6319389232
0.7924184446
0.7908412794
0.8408480416
0.9649515151
0.9647064484
0.9985713351
1.076414784
1.076705166
1.095333138
1.134977695
1.135371031
0.3540724952
0.3497074354
0.4102801712
0.5799992031
0.5765080494
0.6360246519
0.794817916
0.7929858609
0.842710496
0.9655198559
0.9650697736
0.998837846
1.076132061
1.076335914
1.094957988
1.134468362
1.134851377
0.3600971735
0.355523138
0.416149223
0.5849563974
0.5812004675
0.6404714947
0.7975761693
0.7954755306
0.8449102187
0.9663097545
0.9657011521
0.9992780835
1.07589013
1.076072348
1.094590066
1.133910173
1.13433683
0.3664230997
0.3615513741
0.4223510968
0.5902884557
0.58621995
0.6453118493
0.8006548536
0.7983094707
0.8473883343
0.9672230157
0.9665295062
0.9997893162
1.075592332
1.075824457
1.094138994
1.133235658
1.133754752
0.3735070206
0.3677520471
0.429333114
0.596366653
0.5914917864
0.6508581633
0.8041984762
0.8013680272
0.8502369843
0.9682337594
0.9674259494
1.000320861
1.075155447
1.075486042
1.093521623
1.13237969
1.133033615
0.04175029947
0.03434688644
0.03605051018
0.07253431703
0.06866348033
0.05128099012
0.1663093689
0.146521908
0.1556986708
0.08096834341
0.03222210579
0.02091160001
0.028121624
0.04629675672
0.1474361508
0.1415654743
0.09828109885
0.2163647972
0.183000034
0.2204265287
0.1598147501
0.175403581
0.2092421963
0.1002687167
0.08681002229
0.1409395182
0.1210102106
0.1266571127
0.1165727079
0.1395687577
0.02358058198
0.03281360077
0.05476809778
0.05778536807
0.07372809148
0.06410197152
0.0481600825
0.05158237891
0.1276238692
0.1251555987
0.07407698448
0.1558261125
0.1397529705
0.14402993
0.1319815524
0.1350805795
0.1517373344
0.02082696112
0.02329739009
0.03234001854
0.01383588279
0.01322839289
0.01186277651
0.05022674819
0.03027826643
0.035104535
0.02565289395
0.01622208533
0.01824027812
0.05669037852
0.05257252385
0.03043910582
0.09082002708
0.07099923731
0.07500907411
0.06675683507
0.08634102728
0.04178113012
0.04543374296
0.0606332365
0.01595326569
0.01494334915
0.03699779849
0.03660305141
0.2296804731
0.2233041965
0.1353888387
0.3508588302
0.2910430968
0.2967514366
0.2433588418
0.2843012154
0.3278319807
0.1078995331
0.08749846544
0.09139050063
0.07926345727
0.08325203539
0.1032930942
0.04742900036
0.0645441219
0.06053357761
0.1861175009
0.165136843
0.1763401284
0.149353399
0.1564830519
0.1750995865
0.09457813684
0.1352550495
0.1292852791
0.0918413863
0.05802407614
0.06097408493
0.01656716792
0.01141417591
0.0121908705
0.0426278082
0.04068244708
0.04761386919
0.0460199448
0.03029400653
0.0759720937
0.06112032578
0.06328923595
0.01140399652
0.0148779254
0.01339438405
0.01872946481
0.01671553031
0.01203911058
0.03453953536
0.02581059292
0.02812010719
0.01728977952
0.01279179652
0.01364893387
0.01170144253
0.01200212736
0.01551624433
0.02580704275
0.01731502941
0.01885785699
0.0147840068
0.01596152135
0.02322122404
0.01337394669
0.01454483646
0.02318935634
0.2099169949
0.1965936388
0.1768734757
0.2255754131
0.2091259634
0.2234624523
0.03021093044
0.03223997998
0.04014815561
0.01495878324
0.02309831859
0.02093489246
0.02772360046
0.02566580845
0.01670489538
0.03704697165
0.03530253391
0.02587271074
0.05166119367
0.04426680276
0.04427864194
0.04129185801
0.05029371832
0.01872460071
0.01751287799
0.03345074033
0.02498290142
0.02718573263
0.0207675623
0.02287929386
0.03128454123
0.5615999447
0.6658357195
0.7757332144
0.8902087167
1.016766445
1.161131404
0.06286386363
0.08031596325
0.076559724
0.2251529329
0.2450602996
0.2255941926
0.2988721882
0.3179062131
0.2960663896
0.3788676543
0.4011659315
0.3788648186
0.4753816304
0.5039085619
0.4830020792
0.6428566291
0.7409542659
0.6976881079
0.8321367182
0.9368043456
0.9123486971
1.045489807
1.162486347
1.151372256
0.1208654494
0.1580153713
0.1529127216
0.3532824723
0.3721935865
0.3285523069
0.4295528451
0.4464553559
0.4069436134
0.4980604743
0.5177631947
0.4832395483
0.5825748635
0.6083711593
0.5782677116
0.7544730337
0.8425996812
0.7896309602
0.9186967406
1.01291668
0.9718313326
1.100622307
1.163739419
1.163131304
0.1682814024
0.2392862176
0.2350154998
0.434905676
0.5049449744
0.4992432514
0.6676332277
0.6652242516
0.6000513398
0.6812451901
0.6915515086
0.6419079812
0.7366160971
0.7561799274
0.7154390868
0.9056442267
0.9720316708
0.9031887663
1.042063702
1.120961721
1.063667407
1.167728839
1.164882425
1.164366972
0.1906364538
0.2589343529
0.2530562114
0.4601384943
0.530891924
0.5236426792
0.7376433986
0.8005637767
0.7943393771
0.951163823
0.9379338987
0.8667753779
0.9425972107
0.9540231728
0.8989904506
1.094848423
1.143364002
1.050629627
1.167706472
1.169923221
1.169201941
1.168983506
1.165835588
1.165408026
0.2270607524
0.2908226039
0.2817407116
0.4949042051
0.5654624383
0.5561510532
0.7667803904
0.8263769447
0.8199670071
0.9716565612
1.008547043
1.005784039
1.088913561
1.107484742
1.106393887
1.146362135
1.163123858
1.162266855
1.169142472
1.170962423
1.170502355
1.16976254
1.166529668
1.16624233
0.2686330334
0.3296848708
0.3201089567
0.5326311431
0.6015974491
0.5932342016
0.7927277909
0.847931839
0.8434561661
0.9816177408
1.016096502
1.014577705
1.092994198
1.110925836
1.110186132
1.148092797
1.16428142
1.163786775
1.169958532
1.171534115
1.171298302
1.170187618
1.166948703
1.166793853
0.2985971461
0.3590537259
0.3536624214
0.555925038
0.6224766079
0.6196203848
0.8058897736
0.8585771365
0.8563532115
0.9877413275
1.021216047
1.020063332
1.09584409
1.113263034
1.11276078
1.149102321
1.16486005
1.164631929
1.170315472
1.171724966
1.171668524
1.170317474
1.167126427
1.167090316
0.3117494698
0.3719320505
0.3688927279
0.5660714268
0.6319170555
0.6297561716
0.8141310489
0.866125234
0.8644441334
0.9925058138
1.025132673
1.024249297
1.09784846
1.11484143
1.114504219
1.149613965
1.165023009
1.164984885
1.170324125
1.17162768
1.171704683
1.170213876
1.167108398
1.167165239
0.3232789697
0.3831581151
0.3804853129
0.574805196
0.639592435
0.6378014387
0.819833927
0.8714731694
0.8703350449
0.9961087715
1.028084352
1.027431777
1.099243544
1.115879017
1.115662163
1.149779407
1.164891831
1.164988232
1.170076059
1.171323623
1.171495349
1.169938216
1.166938435
1.167067021
0.333471778
0.39301906
0.3906716616
0.5823517713
0.6460493359
0.6445313949
0.823668183
0.874927687
0.8742063734
0.998574159
1.030132857
1.02970381
1.100149122
1.116497424
1.116378454
1.149688025
1.164549132
1.164742971
1.169645816
1.170875703
1.171112979
1.169542893
1.166663986
1.166839059
0.3425205054
0.4017304349
0.3996443734
0.5889241948
0.6516030253
0.6502824442
0.8264210968
0.8771553126
0.8766775138
1.000013631
1.031333629
1.031106084
1.100609428
1.116749056
1.116718889
1.149387727
1.164050583
1.164316564
1.169088989
1.170330792
1.170611782
1.169069482
1.166316126
1.166524521
0.3507096103
0.4096365838
0.4077155894
0.5948111248
0.656549409
0.6553557997
0.8286186657
0.8787278031
0.8783751662
1.00068136
1.031837923
1.031766217
1.100661411
1.116667325
1.116716519
1.148913776
1.163437097
1.163755975
1.168446736
1.169724229
1.170032486
1.168548467
1.165925965
1.166150476
0.3583364163
0.4170243833
0.4152178189
0.6002427291
0.6610957973
0.659990656
0.8305117579
0.8799522897
0.8796698675
1.000840822
1.031844038
1.031878955
1.100374713
1.116305064
1.116418291
1.148303651
1.162742924
1.163098108
1.167751007
1.169083021
1.169405806
1.168003077
1.165507479
1.165744096
0.3655578673
0.4240034073
0.4222945721
0.6053131753
0.6653209057
0.6642932653
0.8321898427
0.8809567388
0.8807226807
1.000683428
1.031523222
1.031626612
1.099836476
1.115730199
1.115890054
1.147597579
1.161999428
1.16237542
1.167028617
1.168428841
1.16875582
1.167450075
1.165081376
1.165317111
0.3724074468
0.4305999396
0.4289858809
0.6100457815
0.6692440756
0.6682908047
0.8336845468
0.881795366
0.8815991721
1.000331353
1.030998645
1.031143518
1.099129743
1.115011218
1.115200833
1.146837578
1.161237
1.161618663
1.166303507
1.167779757
1.168102171
1.166903753
1.16465187
1.164888362
0.3788821467
0.4368098808
0.435291984
0.6144573459
0.6728833363
0.6719982999
0.8350229851
0.8825072073
0.8823386873
0.9998708335
1.030362829
1.030527697
1.098330694
1.114214435
1.114417349
1.146067308
1.160485672
1.160858015
1.16559775
1.167151125
1.167461579
1.166373531
1.164233861
1.164460102
0.3850127477
0.4426716233
0.4412356332
0.6185863867
0.6762783177
0.6754494144
0.8362488895
0.8831415406
0.8829869021
0.9993780805
1.029697011
1.029861915
1.097511639
1.113404714
1.113604922
1.145328879
1.159773319
1.160122855
1.164930663
1.16655547
1.166847797
1.165868584
1.163826339
1.164047427
0.3908496548
0.4482370467
0.4468706788
0.6224912884
0.6794882871
0.6786990221
0.8374265309
0.8837656809
0.8836059739
0.9989329434
1.029082445
1.029226698
1.096741354
1.112643196
1.112826055
1.1446555
1.159119527
1.15943784
1.164314758
1.166000233
1.166271326
1.16539109
1.16343677
1.163644544
0.396459444
0.4535648773
0.4522498011
0.626252186
0.6825995036
0.6818241989
0.8386497529
0.8844734077
0.8842823932
0.9986231647
1.028601941
1.028705363
1.096078186
1.111978704
1.112134052
1.144059363
1.158527525
1.158814883
1.1637495
1.165483663
1.165734467
1.164942053
1.163063763
1.16326378
0.4019373452
0.4587684429
0.4574690461
0.630005771
0.6857530769
0.6849508319
0.8400457908
0.8853811347
0.8851291914
0.9985267556
1.028320397
1.028370167
1.095550462
1.111429391
1.111556588
1.143521089
1.157980009
1.158246474
1.163218267
1.164993254
1.165229661
1.164509071
1.162694964
1.162887816
0.4074523677
0.4640307917
0.462694894
0.6339409641
0.6891250729
0.6882527401
0.8417358344
0.8865870888
0.8862545991
0.9986777688
1.028254744
1.028252412
1.095139192
1.110969212
1.111078987
1.142993082
1.157438824
1.157703406
1.162691036
1.164507011
1.164736685
1.164083692
1.162344119
1.162523665
0.4131773833
0.4695303861
0.468112574
0.6382013922
0.6928410592
0.6918745063
0.843771973
0.8881182233
0.8877066154
0.9990429352
1.028358727
1.028321526
1.094779314
1.110532328
1.110644005
1.142410444
1.156853948
1.157138305
1.162129322
1.163996846
1.164232963
1.163639021
1.16195453
1.162143712
0.4192050076
0.4753563716
0.4738057976
0.6428414641
0.6969302717
0.6958553644
0.8461181287
0.8899192595
0.8894443774
0.9995311283
1.028536938
1.028490441
1.094379864
1.110033088
1.11016791
1.141712392
1.156166569
1.156506551
1.161477229
1.163416891
1.163700336
1.163147489
1.161578037
1.161760427
0.4256086494
0.4815825326
0.4797217191
0.6479057726
0.7014181788
0.7000982021
0.8487404219
0.8919346545
0.8913394358
1.000054213
1.028700071
1.028638386
1.093865688
1.109404145
1.109561973
1.140844791
1.155268156
1.155811628
1.160673733
1.162733241
1.163170054
1.162583098
1.161100601
1.161393169
0.1750850612
0.1671763695
0.1720277173
0.08363791301
0.06747198404
0.06947033825
0.0386299437
0.03897096745
0.0488930909
0.1822123445
0.1838487695
0.1932054494
0.1344266741
0.140116036
0.1013246963
0.09855101541
0.08096037355
0.04498211084
0.04264823277
0.03467125375
0.02620827924
0.02471053957
0.03951921453
0.05005496012
0.04631085697
0.08961735897
0.1071832446
0.1043698998
0.03035224862
0.02849287837
0.2766896598
0.259735314
0.2420795358
0.2975529467
0.2780625248
0.2953575076
0.3585351843
0.3408551555
0.318689115
0.3897927171
0.3642879526
0.3819545057
0.4640679961
0.44668312
0.4171296539
0.5126118047
0.4782949318
0.4955013348
0.08774958309
0.08423360498
0.06673035742
0.1223548947
0.1034125369
0.1068702029
0.09558556113
0.09933948572
0.1194154901
0.2941852575
0.2674440428
0.2474551422
0.3059762792
0.2839854417
0.3136121727
0.2400850499
0.25972722
0.2804700693
0.373143943
0.3437451198
0.3246572805
0.3824859181
0.3627316076
0.3919617024
0.3151759678
0.3373931571
0.3576112286
0.4520659567
0.4253400758
0.4034750326
0.4728977392
0.4483887358
0.4751792205
0.4020841815
0.4240934147
0.449269188
0.5511352346
0.5272846178
0.4984751104
0.5865751403
0.5565843732
0.5811880349
0.5139385392
0.5341683396
0.5645652403
0.1671331435
0.1623700908
0.1265686932
0.1893365168
0.1925591399
0.2294991649
0.4934751158
0.4268447126
0.4102757771
0.4640285259
0.4469941128
0.5098436399
0.3501113378
0.394294022
0.4141268383
0.5426443036
0.4912389681
0.4768712676
0.5211109824
0.5060093279
0.5542698906
0.425457761
0.4630890121
0.4798881049
0.5966049329
0.5551960549
0.5377424584
0.5943618994
0.5739121069
0.6138394759
0.5051045268
0.5382553989
0.5595882008
0.6768052313
0.6410658318
0.6165643621
0.6944808583
0.6668940272
0.7009720923
0.6068507879
0.6358829232
0.6623826443
0.1023143227
0.09807070956
0.247958339
0.2434639557
0.172801833
0.3718495233
0.3102953015
0.3149704852
0.3015218949
0.3058904402
0.3667251355
0.5169774059
0.510792365
0.4405377492
0.6496309679
0.5806601252
0.5869764952
0.5688482368
0.5746669634
0.6434435398
0.7883113857
0.741537172
0.7182005792
0.7344820297
0.7347458877
0.8129059167
0.6080458587
0.6676170899
0.6732066249
0.8040045129
0.7456026992
0.7387379595
0.7676651652
0.7552006254
0.8105641339
0.6567473266
0.7039766416
0.7188269648
0.84780583
0.8002524858
0.7831154335
0.8484999408
0.8210706475
0.8681294569
0.738111058
0.7781727482
0.8044473323
0.1276414368
0.1198042535
0.2733115008
0.2656915413
0.1984740715
0.3971354253
0.3326057191
0.3400349289
0.3201450558
0.3259811011
0.3898523565
0.5472086434
0.5387505819
0.467936327
0.6777002667
0.6087828211
0.61706429
0.5937309855
0.6009946111
0.6700941676
0.813455495
0.8069552288
0.7447006875
0.915106981
0.8639015989
0.8695704591
0.8526407451
0.8582381974
0.9102090344
1.002737086
0.9994609262
0.9602811243
1.001979047
1.007061427
1.035569982
0.8697221883
0.9337144361
0.9362924469
1.077429714
1.012635151
1.003872006
1.04721684
1.02642511
1.087951022
0.9173866886
0.9706985231
0.9913017556
0.1695985949
0.1577759687
0.3102400218
0.3004077725
0.2376128123
0.4327722998
0.3665666651
0.3762155968
0.3482659814
0.3571478594
0.4230768101
0.5842734917
0.5748965335
0.5046283787
0.7104243279
0.6436268859
0.6524504555
0.62573349
0.634662912
0.7021717291
0.8382922527
0.8325301049
0.7740124626
0.9331429201
0.8856723014
0.8903374373
0.8751615307
0.8805674079
0.9290401642
1.012932435
1.010950007
0.9748482056
1.067986103
1.041797793
1.043296638
1.037958867
1.040037563
1.066609539
1.109371617
1.108474165
1.090077628
1.135875059
1.123592504
1.124358838
1.121806124
1.122744305
1.135137749
0.2167611528
0.2058470792
0.3467999541
0.3386978631
0.2777731163
0.4703619881
0.4040365456
0.4116879103
0.3859283491
0.3952437357
0.4616716698
0.6150888331
0.6089199416
0.5406575399
0.7382889796
0.675059564
0.6806367088
0.6607769472
0.6684951019
0.7325480627
0.8539940794
0.8514266622
0.7974414969
0.944269555
0.9003165764
0.9024951901
0.8944339279
0.8978228981
0.9422815857
1.018830579
1.017511085
0.9832978023
1.072443934
1.047129163
1.048224338
1.044674531
1.045948674
1.0714651
1.112207219
1.111597456
1.093803734
1.138147116
1.126237062
1.126743957
1.125050257
1.125674399
1.137670217
0.244510891
0.2407634687
0.3657536953
0.3625088534
0.3021593241
0.4911770919
0.42611046
0.4291516324
0.418257972
0.4229306158
0.48808491
0.6274752173
0.6250564274
0.5586231834
0.7509885735
0.6895924178
0.6919319289
0.6842776904
0.6870536257
0.7485155541
0.8626242921
0.8606679728
0.8082017884
0.9510963966
0.9083121511
0.9100312751
0.9045474634
0.9064847236
0.9495379258
1.023304386
1.022294752
0.989046815
1.075656199
1.051066113
1.051885171
1.049241346
1.050186462
1.074946401
1.11413092
1.113718436
1.096412852
1.139578542
1.127973826
1.128300564
1.127199431
1.127607984
1.139284826
0.2570468357
0.2540754155
0.3777252169
0.3748751703
0.3147617335
0.5023166956
0.437756636
0.4404555075
0.4321058835
0.4349735229
0.4996855789
0.6359300469
0.6339714926
0.5683741772
0.7589758699
0.6979536267
0.6996937034
0.694091613
0.6960919262
0.7572403476
0.8690682316
0.8676663016
0.8157764289
0.9564339686
0.9145287045
0.9158034453
0.9116413282
0.9131407823
0.9552323398
1.026722707
1.025956687
0.9935132561
1.077996486
1.054015822
1.054627219
1.052647503
1.053356595
1.077479081
1.115418148
1.115145311
1.098247705
1.140419065
1.12907638
1.129275811
1.128591354
1.128848918
1.14025364
0.2680403225
0.265414443
0.3882481582
0.3857447871
0.3259463436
0.5119229699
0.4480494417
0.450418823
0.4430697964
0.4456004118
0.5096524653
0.6429524381
0.6413078046
0.5767958947
0.7645959205
0.7043157203
0.705693702
0.7013259015
0.7028627779
0.7633577249
0.8733979216
0.872490704
0.8209336943
0.9603382217
0.918951617
0.9197879138
0.9169640898
0.918012127
0.959497932
1.029219932
1.028680332
0.9968302223
1.07967641
1.056185237
1.056615308
1.055191907
1.055710902
1.079312034
1.116236172
1.116070024
1.099513127
1.14084356
1.12972501
1.129830144
1.1294493
1.129598363
1.14076923
0.2778372179
0.275487278
0.3975005977
0.3952937616
0.3358298434
0.5202256551
0.4570730326
0.4591539803
0.4527101224
0.454926467
0.5182582368
0.6489199577
0.6475106765
0.5840750598
0.7687775099
0.7094462971
0.7105927554
0.7070034015
0.7082517692
0.7678272909
0.8761529659
0.8755730394
0.8244315587
0.9628556178
0.9217495315
0.9222510553
0.9205272911
0.9211779287
0.9623438568
1.030831875
1.030508295
0.9990215955
1.080781487
1.057641783
1.057898743
1.057001034
1.057342818
1.080557294
1.116667195
1.116593574
1.100304766
1.140960674
1.130025271
1.130052433
1.12991481
1.129979443
1.140956364
0.2866680282
0.2845362561
0.4057602443
0.4037667332
0.3446359802
0.5275057606
0.4650482837
0.4669136505
0.4611732474
0.4631361342
0.5257630267
0.6541357564
0.6528862356
0.5904485077
0.7721505142
0.7137921356
0.7147953562
0.711695638
0.7127601256
0.7713592851
0.8779984856
0.8775936822
0.8270084553
0.9642816367
0.9234164211
0.9237174077
0.9226905514
0.9230762468
0.9640054339
1.031660459
1.031517422
1.000241576
1.081345773
1.058428955
1.058532095
1.058114442
1.058290397
1.081252867
1.116747112
1.116758287
1.100658448
1.140824904
1.130026902
1.129984552
1.13006151
1.130052616
1.140880345
0.2947886802
0.2928111362
0.4133854291
0.4115257386
0.3526588705
0.5340887681
0.4722771988
0.4740018217
0.4687370986
0.470523209
0.5324928837
0.6588652641
0.657718732
0.5962054567
0.775078984
0.7176585797
0.7185725891
0.7157722741
0.716725602
0.7743768978
0.8793728316
0.8790595958
0.8291149434
0.9650019453
0.9244333108
0.9246239541
0.9239840415
0.9242210727
0.9648701976
1.031891368
1.031878699
1.000759801
1.081432732
1.058649891
1.05863393
1.058601617
1.058639899
1.081450419
1.116517132
1.116600568
1.100618044
1.140471342
1.129764697
1.129663175
1.129926319
1.129852559
1.140577826
0.3024204009
0.3005494375
0.4205621703
0.4188055497
0.3601761813
0.540203568
0.4790142523
0.4806365991
0.4756984406
0.4773684353
0.5387122059
0.6632467746
0.6621810919
0.6015421909
0.7777268069
0.7212047601
0.722048869
0.7194676272
0.7203444515
0.7770875203
0.8804777895
0.8802213604
0.8309494745
0.9653017199
0.9250871002
0.9252126563
0.9247948557
0.9249483286
0.9652556188
1.031715798
1.031789008
1.000825302
1.081147647
1.058450535
1.058351876
1.05859382
1.058531814
1.081247611
1.116039853
1.11617862
1.100260263
1.139939939
1.129285374
1.129138111
1.12954892
1.129422485
1.140086752
0.3096771963
0.3078953247
0.4273489657
0.4256881125
0.3673043017
0.5459362036
0.4853604334
0.4868894212
0.4822346487
0.4838087467
0.5445372561
0.6673194433
0.6663296775
0.6065270316
0.7801440865
0.724479741
0.7252584012
0.7228756799
0.7236855216
0.7795605154
0.8813944344
0.8811805914
0.8325795714
0.965346989
0.9255176183
0.9255998773
0.9253253399
0.9254263803
0.9653537551
1.031280196
1.031407322
1.000609799
1.080600782
1.057966695
1.057814642
1.058237115
1.05810801
1.080756669
1.115384555
1.115561416
1.099672449
1.139276496
1.12864422
1.128465374
1.128981618
1.128816499
1.139451933
0.3165850847
0.314889563
0.4337516264
0.4321881175
0.3740596612
0.5513076608
0.4913403803
0.4927845548
0.4883955114
0.4898769843
0.549998517
0.6710971833
0.6701794793
0.6111772497
0.7823478424
0.7274979885
0.728215274
0.7260205425
0.7267665438
0.7818160312
0.8821644263
0.8819836894
0.8340321809
0.9652329503
0.9257965763
0.9258494546
0.9256730309
0.9257380311
0.9652726106
1.030689496
1.03084697
1.00022325
1.07988715
1.057305406
1.057123229
1.057652692
1.057482317
1.080076624
1.114618479
1.114816827
1.098935696
1.138529042
1.127897935
1.127701768
1.12828079
1.12809116
1.138720924
0.323156744
0.3215438151
0.4397807381
0.4383058626
0.3804445435
0.5563330716
0.4969953764
0.4983607343
0.4942083298
0.4956113288
0.5551065672
0.6746079794
0.6737530589
0.6155135519
0.784363471
0.7302831305
0.7309485168
0.7289179029
0.729606505
0.7838751587
0.8828303828
0.8826709356
0.8353376351
0.9650293479
0.9259784903
0.9260160889
0.925896568
0.9259389657
0.965085165
1.030028726
1.030196196
0.9997475772
1.079089802
1.056554847
1.056363095
1.056936411
1.056746354
1.079292813
1.113807257
1.114010815
1.098124991
1.13774739
1.127103869
1.12690475
1.127503408
1.127303644
1.137943133
0.3294159317
0.3278780846
0.4454884586
0.4440888207
0.3864962533
0.5610634094
0.5023456179
0.5036406536
0.4997069583
0.5010346022
0.5599053018
0.6779019419
0.677095579
0.6195805913
0.7862375528
0.7328810502
0.7335090539
0.7316024013
0.7322458402
0.7857791498
0.8834497687
0.8832955453
0.8365445478
0.9648049682
0.926123777
0.9261633325
0.9260518394
0.9260870305
0.9648591044
1.029378115
1.029535416
0.9992588915
1.078286203
1.055795797
1.055614398
1.056171681
1.055981966
1.078483687
1.113014444
1.113207671
1.097311873
1.136981171
1.126318804
1.126130359
1.126706951
1.126511196
1.13716865
0.3354055932
0.3339301537
0.4509249857
0.4495878835
0.3922697337
0.5655581924
0.5074335754
0.5086725401
0.504919482
0.5061831164
0.5644527969
0.6810488295
0.6802710191
0.6234405045
0.7880383769
0.7353579889
0.7359696289
0.7341299655
0.7347453806
0.7875903395
0.8841020876
0.883930599
0.8377233175
0.9646395819
0.926308852
0.9263729415
0.9262061099
0.9262537771
0.9646706095
1.028820643
1.02894681
0.998839247
1.077550753
1.055107844
1.054956292
1.055438313
1.055268853
1.07772454
1.112296774
1.112466684
1.09656367
1.136273797
1.125593879
1.125426857
1.125946282
1.1257671
1.13644324
0.3411871792
0.3397580189
0.456171946
0.4548709753
0.3978342633
0.5699081138
0.5123273362
0.513535086
0.5098995047
0.5111165629
0.5688260593
0.6841599022
0.6833772259
0.6271836033
0.7898693422
0.7378156897
0.7384447409
0.7365812858
0.7371953888
0.789401502
0.8848950342
0.8846771502
0.838976985
0.9646266968
0.9266315483
0.9267466784
0.9264467279
0.9265320532
0.9646106375
1.028433865
1.028511362
0.9985766004
1.076946516
1.054563572
1.054456319
1.054814389
1.05468305
1.077083046
1.111690243
1.111830908
1.09593337
1.135650971
1.124962929
1.124820996
1.125265909
1.125111125
1.135798514
0.3468597562
0.3454472767
0.4613793567
0.4600689359
0.403301001
0.5742677042
0.5171644221
0.5183900088
0.5147411678
0.5159499808
0.5731673291
0.6874017061
0.6865692443
0.6309648624
0.7918736676
0.7404056328
0.7410936785
0.7390840853
0.7397364567
0.7913482647
0.8859430885
0.8856522836
0.840436903
0.9648521153
0.9271934543
0.9273805477
0.9268777342
0.927026007
0.9647703776
1.028262071
1.028284629
0.9985412892
1.076502431
1.054204668
1.054144234
1.054360638
1.054276614
1.076598958
1.111191561
1.111308099
1.095438519
1.135106136
1.124425671
1.124302287
1.124684447
1.124552752
1.135236872
0.3525894649
0.3511557952
0.4667432444
0.465371534
0.4088465507
0.5788134546
0.522139449
0.5234297891
0.5196244918
0.5208762793
0.5776523623
0.6909360766
0.6900184963
0.6349702811
0.7941840031
0.7432815335
0.744057958
0.7418011091
0.7425298387
0.7935733384
0.887313899
0.886940463
0.8422121221
0.9653539515
0.9280549793
0.928317681
0.9275863546
0.9278109556
0.9652034899
1.028290802
1.02826814
0.9987516631
1.076195285
1.054018835
1.053992862
1.054093601
1.05405195
1.076262736
1.110753143
1.110861157
1.095047694
1.134597512
1.12394163
1.123821325
1.124181104
1.124061115
1.134724706
0.358509922
0.3570506354
0.4723992702
0.470925028
0.4146120465
0.5836694904
0.5273887814
0.5287802885
0.5247262081
0.5260610617
0.5824328153
0.6948400351
0.6938229168
0.6393146201
0.7968525421
0.7465194731
0.7473917626
0.7448555477
0.7456783218
0.7961545752
0.8889906307
0.8885458279
0.844330371
0.9660965698
0.92919882
0.9295213383
0.9285964652
0.9288906345
0.9658934385
1.028445482
1.028400626
0.9991573796
1.075952306
1.053937456
1.053922357
1.053971493
1.053953393
1.076012578
1.110295859
1.110416798
1.094686713
1.134058576
1.123440247
1.123302982
1.123698381
1.12357165
1.134200367
0.3646354443
0.3632184437
0.4784104413
0.4767452979
0.4206161851
0.5888339616
0.5329276329
0.5344995148
0.5301274889
0.5315891915
0.5875727619
0.6991154698
0.6979571475
0.643996167
0.7998238015
0.7500798408
0.7510777841
0.7482675571
0.7491901434
0.7990775757
0.8908970148
0.8903851215
0.84672133
0.9669790032
0.9305313369
0.9309020551
0.9298504432
0.9301939223
0.9667571216
1.028622572
1.028576049
0.9996533775
1.075673143
1.053856234
1.053831438
1.053904356
1.053884513
1.075753734
1.109736658
1.109887
1.094260826
1.133416371
1.122840883
1.122672031
1.123157774
1.123004987
1.133591297
0.37087408
0.3697271762
0.4852076963
0.4827011024
0.4267481408
0.5941435284
0.5386072582
0.540992836
0.5357687124
0.537530227
0.5931283595
0.7040246208
0.7022255555
0.6488367904
0.8028669797
0.753744744
0.7553157701
0.7519275393
0.7530745587
0.802333237
0.8930793735
0.892255479
0.849166802
0.9678305675
0.9318657134
0.9324662887
0.9312185552
0.9316489674
0.9677120025
1.028754019
1.028655804
1.000085265
1.075247965
1.053651552
1.053641431
1.053778114
1.053758374
1.075404284
1.108995892
1.109185569
1.093672763
1.132602536
1.122066933
1.121854867
1.122479327
1.122302111
1.132847192
0.1591430735
0.1633977504
0.1705455124
0.1493575754
0.1556285303
0.1523763922
0.1631538764
0.1591236045
0.1520796159
0.06738090521
0.06650047276
0.08495499449
0.04802455975
0.05252969148
0.05353933528
0.04874424292
0.02342878505
0.03224434968
0.03034512065
0.03596247698
0.03423861605
0.02584752402
0.09776229286
0.1199516813
0.1140547747
0.1916834423
0.2118815276
0.1990299241
0.2325092683
0.2200897656
0.207533369
0.1639323575
0.1752220666
0.1692839329
0.1898982434
0.1825696464
0.1688228892
0.06489793707
0.06699667658
0.1038794357
0.05926928212
0.0565811557
0.1245702706
0.13071292
0.1315270534
0.1326247361
0.1323673627
0.1289054929
0.1079891185
0.129964184
0.1333553504
0.1309225978
0.1125626603
0.1414773233
0.1394386137
0.1337411258
0.1276909789
0.1185179024
0.1180291362
0.1109908518
0.1135538417
0.1253419496
0.07733492195
0.09471591195
0.09158013806
0.1267701562
0.1329397254
0.134411394
0.03208367556
0.0397754123
0.03766961434
0.04425845114
0.04094887053
0.03443359401
0.03257424616
0.04093942462
0.03902982207
0.02948963569
0.03082579257
0.03989502263
0.02214009988
0.02061954244
0.1124768427
0.1096382419
0.09279362587
0.03287825718
0.03160036771
0.5996274781
0.6485671213
0.616718967
0.694020869
0.7544309714
0.7077908411
0.8255972535
0.8789803969
0.8214260438
0.9944765268
1.036502288
0.9606948874
1.145133845
1.153117877
1.143354376
1.147334482
1.154998373
1.154620456
1.148672157
1.156087792
1.15588108
1.149409475
1.156628442
1.156540112
1.149733168
1.156792159
1.156787684
1.149762339
1.15668869
1.156747044
1.149561893
1.156381141
1.156488897
1.149170332
1.155910545
1.156056624
1.148623397
1.155312303
1.155486313
1.147960166
1.154621781
1.154814019
1.147221746
1.15387514
1.154076262
1.14645113
1.153109823
1.153310424
1.145691876
1.15236336
1.152554435
1.144982781
1.151668097
1.15184266
1.144348379
1.151042121
1.151197808
1.14378565
1.150479205
1.150620586
1.143259861
1.149945288
1.150083655
1.142713348
1.149385822
1.149536457
1.142081004
1.148744392
1.148920644
1.141322193
1.147993142
1.14818624
0.1062848007
0.07167545593
0.06977767712
0.07388186646
0.07306401791
0.09543779966
0.2008159047
0.1955773972
0.1907138508
0.2322415112
0.1996848119
0.1968683299
0.2159267878
0.2222589778
0.2295670329
0.1997731425
0.1945704317
0.1977940437
0.06704969025
0.06086876419
0.1328283706
0.1818336551
0.1691711563
0.2595285826
0.2738413103
0.2510712772
0.1781211674
0.1904949833
0.1833356154
0.6091895171
0.58137246
0.551839202
0.6978700463
0.6578563103
0.6305738811
0.8137473449
0.7626513174
0.7367464969
0.9531364812
0.8873967612
0.8823608412
1.133351818
1.043360091
1.064319444
1.154176096
1.153685758
1.145779342
1.155625146
1.155340508
1.147735783
1.156414258
1.156272131
1.148902699
1.156749177
1.156706256
1.149522925
1.156769081
1.156798033
1.149765158
1.156557565
1.156642127
1.149733055
1.15616397
1.156292267
1.149481915
1.155625167
1.155786507
1.149048063
1.154976325
1.155160682
1.148468196
1.154253166
1.154451044
1.147782088
1.153492449
1.153694504
1.147031357
1.15273203
1.152928924
1.146259405
1.152007805
1.15219123
1.145509259
1.151346345
1.151511213
1.144817244
1.150754649
1.150901794
1.144202208
1.150212491
1.150349757
1.143653021
1.149673879
1.149814603
1.143128
1.149079232
1.14923863
1.142565477
1.148371404
1.148562511
1.141900122
1.147503762
1.147728567
1.141070865
0.01024474984
0.006647036303
0.000536901112
0.01062785291
0.006318534142
0.0005366245743
0.01072332715
0.00653909539
0.000536375305
0.01021570608
0.006413522152
0.0005368460471
0.01058915806
0.006247744945
0.0005367406701
0.01066535152
0.006433856128
0.0005374729312
0.01071244063
0.006501147717
0.0005374233151
0.01042828419
0.01042133334
0.01005259842
0.006120812712
0.01077286628
0.00668352577
0.0005350639636
0.01074779501
0.006764997585
0.0005351390004
0.01054816708
0.006219729397
0.0005329074128
0.01050183374
0.006218625718
0.0005349840943
0.01048822098
0.006162277807
0.0005345559285
0.01002931336
0.006195310266
0.0005360933209
)
;

boundaryField
{
    topAndBottom
    {
        type            calculated;
        value           nonuniform List<scalar> 
24
(
1.148380805
1.148703502
1.149194362
1.149797783
1.150410421
1.151009737
1.151486915
1.151910384
1.15217848
1.152406057
1.152476044
1.152547738
1.152466064
1.152433248
1.152242272
1.152142323
1.151874892
1.151730404
1.151424217
1.151241971
1.150954335
1.150705151
1.150516378
1.150177318
)
;
    }
    inlet
    {
        type            calculated;
        value           nonuniform List<scalar> 0();
    }
    outlet
    {
        type            calculated;
        value           nonuniform List<scalar> 
32
(
1.157931782
1.153789876
1.151234241
1.150177318
0.3735070206
0.429333114
0.596366653
0.6508581633
0.8041984762
0.8502369843
0.9682337594
1.000320861
1.075155447
1.093521623
1.13237969
1.140844791
1.155268156
1.160673733
1.162733241
1.162583098
1.161100601
0.4852076963
0.540992836
0.7040246208
0.7553157701
0.8930793735
0.9324662887
1.028754019
1.053641431
1.108995892
1.121854867
1.147503762
)
;
    }
    wing
    {
        type            nutkWallFunction;
        blending        stepwise;
        Cmu             0.09;
        kappa           0.41;
        E               9.8;
        value           nonuniform List<scalar> 
13
(
0.0002028334209
0.0001963995016
0.0002014339065
0.0001978892991
0.0001951513231
0.0001993278668
0.0002005359819
0.0002043357907
0.0002037917322
0.0001905293621
0.0001896848176
0.000191712048
0.0001934104306
)
;
    }
    front
    {
        type            empty;
    }
    back
    {
        type            empty;
    }
    procBoundary3to1
    {
        type            processor;
        value           nonuniform List<scalar> 
136
(
0.01210802317
0.01210802317
0.02171338069
0.01230485644
0.01826207911
0.01970503804
0.0217309544
0.02556804724
0.01035723206
0.008409352136
0.009942599281
0.01916324548
0.01200140873
0.01406733612
0.01031465215
0.01170110341
0.03901776384
0.03148909906
0.06132575068
0.04279759319
0.1077071721
0.07088089113
0.1561281143
0.1207652712
0.1804478403
0.1648841911
0.1946407919
0.1841354432
0.2075236496
0.1979866339
0.2187612135
0.2105038453
0.2285203287
0.2213190535
0.2372727079
0.2307837103
0.2453957287
0.2393532428
0.2530436556
0.2473499699
0.2602544397
0.2548862061
0.2670806094
0.2619946607
0.273580443
0.2687340599
0.2798156958
0.2751609199
0.2858492705
0.28133836
0.2917849113
0.2873297855
0.2977921482
0.2932560019
0.3039926791
0.2992760563
0.3104424496
0.3054573528
0.317609747
0.3117662149
0.02060516485
0.02784668922
0.03419709855
0.0384424128
0.04606551472
0.04606551472
0.01285771907
0.01492468716
0.03206505322
0.02852808169
0.02394371791
0.02394371791
0.02007589587
0.01355910102
0.01696190844
0.02115191751
0.03624514326
0.0337837408
0.05367156078
0.0474492707
0.09469101848
0.08231179922
0.1453014694
0.1335548825
0.1766424213
0.1722983942
0.1912293533
0.1877246892
0.2044133551
0.2012380665
0.2161117905
0.213362837
0.2261928823
0.2237935168
0.2351533053
0.2329921563
0.2434118258
0.2413981509
0.2511732436
0.2492752129
0.2584901109
0.2567009935
0.2654062251
0.2637111713
0.2719822964
0.2703674711
0.2782766761
0.2767267169
0.2843514872
0.2828528941
0.2902899266
0.2888187553
0.2962464733
0.2947691259
0.3023464643
0.3008639315
0.3085998178
0.3071818314
0.3149370983
0.3137862214
0.02784668922
0.02959465982
0.03496282671
0.03867219632
0.04306825139
0.01591912157
0.02309903466
0.04075352838
0.05232371959
0.04668093849
0.009942599281
0.006050008571
0.006050008571
0.006029071389
0.0005355631127
0.0005355631127
)
;
    }
    procBoundary3to2
    {
        type            processor;
        value           nonuniform List<scalar> 
51
(
0.7529731149
1.023164138
1.15517354
1.15517354
1.150635851
1.148721483
1.148301998
0.01358392235
0.1393848094
0.1393848094
0.02137697772
0.08219433289
0.144128226
0.1615254626
0.01092705108
0.0479539899
0.01086014112
0.1678199566
0.185082249
0.1038147079
0.03097772547
0.06291971848
0.06291971848
0.2116587829
0.1967165924
0.1495244522
0.03981001861
0.2276650681
0.2445947482
0.3025845307
0.3248124798
0.4012877574
0.4309949374
0.6416570769
0.8772293305
1.14672383
0.1371330014
0.1551100186
0.2819621242
0.2627124048
0.3737882998
0.3482570888
0.4970667669
0.4629904176
0.1265147038
0.5299122123
0.5759827444
0.178749272
0.01072790553
0.006605636801
0.0005371906702
)
;
    }
}


// ************************************************************************* //
