/*--------------------------------*- C++ -*----------------------------------*\
| =========                 |                                                 |
| \\      /  F ield         | OpenFOAM: The Open Source CFD Toolbox           |
|  \\    /   O peration     | Version:  v2012                                 |
|   \\  /    A nd           | Website:  www.openfoam.com                      |
|    \\/     M anipulation  |                                                 |
\*---------------------------------------------------------------------------*/
FoamFile
{
    version     2.0;
    format      ascii;
    class       surfaceScalarField;
    location    "0.6";
    object      phi;
}
// * * * * * * * * * * * * * * * * * * * * * * * * * * * * * * * * * * * * * //

dimensions      [0 3 -1 0 0 0 0];
oriented        oriented;


internalField   nonuniform List<scalar> 
6430
(
-0.007779435168
0.933302649
-0.01576791576
0.9327713141
-0.02392239906
0.9315874636
-0.008586554645
0.9297103819
-0.02404151892
-0.4592721681
0.4605519606
-0.009866347193
-0.4570510718
0.01129153106
0.4586568929
-0.01289735213
-0.4494033085
0.01454490886
0.4483834725
-0.006558678624
-0.00697012665
-0.2048795492
0.004725748762
0.2037070828
-0.003560384042
-0.1945449215
0.002503836143
0.1942723929
-0.002247189797
-0.2026298017
0.002749347357
0.2020784923
-0.002210372203
-0.2166895835
0.00553814721
0.2179660305
-0.003407522908
-0.003407071363
-0.052606589
0.002796521398
0.05269960595
-0.00288953834
-0.004269074876
0.9375717238
-0.008669040499
0.9371712797
-0.01333761048
0.9362560336
-0.009116387548
0.9348094847
-0.009320325782
-0.4638798321
0.4652369796
-0.01047353494
-0.4620516482
0.01198930587
0.4636920713
-0.01362972894
-0.4487289097
0.01542216355
0.4519196229
-0.008984817226
-0.009635716308
-0.2012484278
0.009462357446
0.2011761207
-0.00939898588
-0.1922141799
0.008304285787
0.1916708903
-0.007772877207
-0.2048038692
0.006278467789
0.2044467229
-0.005928681713
-0.2222946431
0.005932299853
0.2235802183
-0.003612329266
-0.003605545788
-0.05497497601
0.005989524803
0.1103947628
-0.05494710726
-0.003226195352
-0.00323600896
-0.00444285041
0.9420145743
-0.009012072882
0.9417405022
-0.01383667144
0.9410806322
-0.009466971785
0.9400300898
-0.009590304722
-0.4666788562
0.4681092234
-0.01089733902
-0.4653442841
0.01244604831
0.4669945236
-0.01409628778
-0.4571560244
0.0158718272
0.4632005629
-0.01096245867
-0.01096143802
-0.2033023845
0.01493752042
0.2049148762
-0.01655880098
-0.1910140434
0.0195695162
0.1913153215
-0.01988455251
-0.2016337637
0.018628439
0.2004669698
-0.01747291715
-0.2231932217
0.01183301635
0.2206691747
-0.00931192171
-0.1136338878
0.009749343984
0.2273473073
-0.009894201545
-0.1135685619
-0.004497688732
0.946512263
-0.009107921271
0.9463507347
-0.01394095226
0.9459136632
-0.009550360491
0.9452108659
-0.009571367824
-0.469530554
0.4709560789
-0.01097588536
-0.468620723
0.01249207983
0.4702146279
-0.01408598475
-0.4677022636
0.01577905224
0.4695719427
-0.008885224702
-0.008763631187
-0.212839702
0.01635268597
0.216538368
-0.02005742553
-0.1947683951
0.0293185787
0.1969863604
-0.03154979502
-0.1982162372
0.03508133887
0.1983024333
-0.03518210753
-0.214217594
0.03280610596
0.2128321752
-0.03143135433
-0.2228014255
0.02751744126
0.2201086321
-0.02483062009
-0.004447919769
0.9509601828
-0.008990632436
0.9508934474
-0.01371639514
0.9506394259
-0.009406386694
0.9502219448
-0.009321087338
-0.4723289309
0.4736946144
-0.01077207018
-0.4717582787
0.01220745149
0.4732475926
-0.01369676536
-0.4712939967
0.01525602129
0.4729270883
-0.008495728856
-0.008393384027
-0.2304813779
0.009441854198
0.2348951681
-0.01385683271
-0.207304854
0.02946153692
0.211927738
-0.0340934949
-0.2022156179
0.04516865768
0.2048278861
-0.04779445468
-0.2119488699
0.0526787773
0.2128196844
-0.05356317382
-0.2120631975
0.0515284947
0.2103865842
-0.04986285103
-0.00431434522
0.955274528
-0.008703710907
0.9552828131
-0.01323146666
0.9551671816
-0.009070702028
0.9549649738
-0.008903793663
-0.4749918619
0.4762675023
-0.01034634243
-0.4746700843
0.01167212863
0.4760269599
-0.0130290042
-0.4744641969
0.0144275826
0.4759032506
-0.007999776859
-0.007866859413
-0.2369917785
0.008751569203
0.2373733443
-0.009133135002
-0.2285029855
0.01308029143
0.2345676343
-0.01914673795
-0.2162458602
0.0358157835
0.2209981543
-0.04057560209
-0.2183213267
0.0518972089
0.220809369
-0.05439517756
-0.2111758051
0.0550865918
0.2130133146
-0.05693338143
-0.004116908993
0.959391437
-0.008288585783
0.9594544899
-0.01255437475
0.9594329706
-0.008594085219
0.9593775817
-0.008372897444
-0.4774686001
0.4786398121
-0.009765297204
-0.4773102946
0.01096858291
0.4785247837
-0.01218307201
-0.4772468378
0.01341565052
0.4784955283
-0.007404122677
-0.007260218309
-0.2384192145
0.008045639183
0.2387376343
-0.008364059002
-0.2378217263
0.00931287126
0.2381330533
-0.009624198248
-0.2363493107
0.01053106937
0.2371352964
-0.01131697866
-0.2292350441
0.02211724888
0.2322764241
-0.02516097164
-0.2195900405
0.03057597223
0.2215106297
-0.0324998398
-0.003875023937
0.963266461
-0.007786139316
0.9633656053
-0.01175156023
0.9633983915
-0.008026723563
0.9634286735
-0.007775928438
-0.4797343636
0.4807970357
-0.00908939567
-0.479665766
0.01016820902
0.4807401655
-0.0112426085
-0.479652277
0.01231678327
0.4807223247
-0.006757466032
-0.006629364956
-0.2396080995
0.007309830636
0.2398729787
-0.007574709778
-0.2389667839
0.008346696267
0.2392147996
-0.008594711986
-0.237906378
0.009305179278
0.238129715
-0.009528516304
-0.2342516387
0.009998998257
0.2342290874
-0.009976446949
-0.2244471301
0.01031975982
0.224850627
-0.01072325668
-0.003606582016
0.966873043
-0.007233251164
0.9669922745
-0.01088105246
0.9670461928
-0.007412001247
0.9671103062
-0.007150683883
-0.4817827212
0.4827400439
-0.008369324033
-0.4817454262
0.009329100164
0.4826894929
-0.01027316684
-0.4817111414
0.0112046989
0.4826242745
-0.006112622818
-0.006005209155
-0.2405966685
0.006588448489
0.2408171521
-0.006808932027
-0.2398817411
0.007439947947
0.2400811413
-0.007639348154
-0.2387154255
0.008201255953
0.2388864098
-0.00837224024
-0.2341363602
0.008690430057
0.2340995112
-0.008653581065
-0.2258374383
0.009015881619
0.2261063591
-0.009284802451
-0.00332583466
0.9701988777
-0.006658673315
0.9703251131
-0.009986900723
0.9703744202
-0.006783665545
0.9704321866
-0.006525115628
-0.4836205244
0.4844771372
-0.007640278368
-0.483570665
0.008489600102
0.4843970072
-0.009315942312
-0.4834665253
0.01012234409
0.4842448019
-0.005496665299
-0.005403955338
-0.2414201642
0.005904540161
0.2416041453
-0.006088521304
-0.2406203374
0.006607732454
0.2407824184
-0.006769813514
-0.2393389777
0.007220518524
0.2394721016
-0.007353642494
-0.2339822022
0.007571099752
0.2339428364
-0.007531733955
-0.2267713461
0.00788914407
0.2269529386
-0.008070736576
-0.003045044324
0.973243922
-0.006086820114
0.9733668889
-0.00910496547
0.9733925656
-0.006167863988
0.9734143903
-0.005919305173
-0.4852598882
0.4860232525
-0.006931228232
-0.4851676134
0.007680872084
0.4858898969
-0.008403155533
-0.4849651314
0.009101395319
0.4856318256
-0.004927260096
-0.004840829399
-0.242108043
0.005273507118
0.2422621563
-0.005427620359
-0.2412231956
0.005858134701
0.2413564352
-0.005991374268
-0.2398265851
0.006357711353
0.2399313627
-0.006462488943
-0.23383035
0.006611557181
0.2337958243
-0.006577031494
-0.2274018653
0.006919596694
0.2275242558
-0.007041987204
-0.002772572264
0.9760164943
-0.005534115719
0.9761284324
-0.008258683112
0.976117133
-0.00557997261
0.9760824128
-0.005346732947
-0.486717078
0.4873955118
-0.006258406368
-0.4865631428
0.006919106507
0.4871941843
-0.007550147983
-0.4862492986
0.008154713438
0.4868214681
-0.004403979995
-0.004322903007
-0.2426853826
0.004699346825
0.2428152643
-0.004829228476
-0.2417207383
0.005189232791
0.2418314931
-0.005299987666
-0.2402114084
0.005601042251
0.2402944945
-0.005684128352
-0.2337042458
0.005786940484
0.2336781817
-0.005760876464
-0.2278262546
0.006083571147
0.2279084071
-0.006165723719
-0.002514604974
0.9785310992
-0.005012561305
0.9786263887
-0.007464767136
0.9785693388
-0.005030535741
0.9784646789
-0.00481649759
-0.4880095599
0.4886116704
-0.005632646286
-0.4877824389
0.006214731026
0.4883340926
-0.006766384741
-0.4873520642
0.007290627743
0.487844392
-0.003928026817
-0.003854928635
-0.2431728181
0.004180943164
0.2432829075
-0.004291032589
-0.2421357715
0.004594475026
0.2422287474
-0.004687450973
-0.2405171873
0.004936907043
0.2405834692
-0.005003188957
-0.2336144648
0.005074984131
0.2335981439
-0.005058663228
-0.2281104033
0.005359483851
0.2281651046
-0.005414185196
-0.002274748904
0.9808058481
-0.004528964055
0.9808806039
-0.006732160026
0.9807725348
-0.004525776954
0.980590005
-0.004331709101
-0.4891549456
0.4896891859
-0.005060017246
-0.4888486597
0.005573141858
0.4893315836
-0.006056065782
-0.4883016911
0.006511711023
0.4887266584
-0.003500096337
-0.003436581932
-0.2435868502
0.003717471574
0.2436807045
-0.003811325882
-0.2424853207
0.004069048948
0.2425640212
-0.004147749451
-0.2407616454
0.004355806374
0.2408148123
-0.004408973245
-0.233563848
0.004460243603
0.2335571897
-0.004453585258
-0.2282987742
0.004732552683
0.2283346503
-0.004768428715
-0.00205592508
0.9828617732
-0.004088765678
0.9829134445
-0.006067874843
0.982751644
-0.004068866584
0.9824872305
-0.003896233789
-0.4901700176
0.4906444862
-0.004543335207
-0.4897824029
0.004996387238
0.4902061027
-0.005420087075
-0.4891220552
0.005817304177
0.4894902559
-0.003120724189
-0.003064780606
-0.243940636
0.003308366156
0.244021164
-0.003388894138
-0.2427820342
0.003609460844
0.2428491371
-0.003676563694
-0.2409581418
0.003851132957
0.241001024
-0.003894015148
-0.2335507679
0.00393192319
0.2335529186
-0.00393407395
-0.2284213457
0.004192609786
0.228444254
-0.00421551813
-0.001859299248
0.9847210725
-0.00369394629
0.9847480915
-0.005473925665
0.9845316233
-0.003660817672
0.9841840258
-0.003509903314
-0.4910707824
0.4914930796
-0.00408311493
-0.4906021714
0.004484181425
0.490975078
-0.004857088027
-0.4898335658
0.005204675357
0.4901540057
-0.002787548416
-0.002737566869
-0.2442448737
0.002950296738
0.2443144366
-0.003019859688
-0.243035603
0.003210009635
0.2430931884
-0.003267595097
-0.2411169238
0.003414895313
0.2411517028
-0.003449674332
-0.2335711733
0.003479066689
0.233580921
-0.003488814396
-0.2284985045
0.003728981237
0.2285124455
-0.003742922243
-0.001685386199
0.9864064587
-0.003345240515
0.9864079458
-0.004950663765
0.9861370466
-0.003301317164
0.9857067069
-0.003172027701
-0.491872054
0.4922492629
-0.003678526116
-0.4913243222
0.004034949303
0.4916539239
-0.004364550943
-0.4904535476
0.004670134826
0.4907338935
-0.002496744821
-0.00245373589
-0.2445082868
0.002638625786
0.2445688041
-0.002699143026
-0.2432536467
0.002864224779
0.2433033638
-0.002913941907
-0.241245945
0.003038920274
0.2412743194
-0.003067294632
-0.2336199928
0.00309146759
0.2336360287
-0.003107503464
-0.2285442218
0.003331524798
0.2285519397
-0.003339242656
-0.001534238235
0.9879406969
-0.003042529517
0.9879162371
-0.004497302703
0.9875918197
-0.002989736406
0.9870804768
-0.002881336131
-0.4925875542
0.4929261878
-0.003328370022
-0.491963408
0.00364685205
0.4922564674
-0.00393991148
-0.4909965885
0.00421025104
0.4912429655
-0.002246557796
-0.002210070244
-0.2447381379
0.002371019612
0.2447912314
-0.002424113075
-0.2434423573
0.002568557144
0.2434855764
-0.002611776219
-0.2413514814
0.002718516198
0.2413748092
-0.00274184397
-0.2336920733
0.002763055691
0.2337131593
-0.002784141725
-0.2285681251
0.002994360569
0.2285715338
-0.002997769257
-0.001405304324
0.9893460012
-0.002784465352
0.9892953981
-0.004111317743
0.9889186721
-0.002723017008
0.9883282049
-0.002636028858
-0.4932298231
0.4935361687
-0.003029362599
-0.4925326184
0.003316067937
0.4927952348
-0.003578684356
-0.4914749879
0.003820147211
0.4916941062
-0.002036542986
-0.002002722557
-0.2449403801
0.002144349324
0.2449872923
-0.002191261601
-0.2436068584
0.002318633882
0.2436447109
-0.002356486437
-0.2414385491
0.002448350941
0.2414579182
-0.00246772006
-0.2337826346
0.002487520689
0.2338076446
-0.002512530752
-0.2285769997
0.002711080631
0.228577479
-0.002711559897
-0.001298174152
0.9906441754
-0.002570269298
0.9905674933
-0.003791061155
0.990139464
-0.002501542737
0.9894736391
-0.002434952667
-0.4938108959
0.4940900529
-0.002780699772
-0.4930438692
0.003041145095
0.4932815552
-0.00327883109
-0.4919018436
0.003496837173
0.4920999558
-0.001863761811
-0.001831187538
-0.2451197892
0.00195685348
0.2451616512
-0.00199871553
-0.2437514428
0.00211219134
0.2437849294
-0.002145677966
-0.2415111959
0.00222558112
0.2415275121
-0.002241897327
-0.2338874091
0.002261433027
0.233915383
-0.002289406991
-0.2285757615
0.002478258277
0.2285743143
-0.002476811122
-0.001212912865
0.9918570882
-0.002399311435
0.9917538919
-0.003535311271
0.9912754638
-0.002317571128
0.9905300929
-0.002274193927
-0.4943402254
0.4946011774
-0.002578523233
-0.4935078866
0.002818807587
0.4937256721
-0.003036593059
-0.492289464
0.003235259728
0.4924700909
-0.001721187269
-0.001694699323
-0.2452808027
0.001805497069
0.2453188269
-0.001843521315
-0.243879939
0.001946126679
0.2439099688
-0.00197615652
-0.2415728176
0.002046670932
0.241586852
-0.002060705287
-0.2340027745
0.00208083601
0.2340329015
-0.002110962975
-0.2285680026
0.002291744486
0.2285653809
-0.002289122794
-0.00114684488
0.9930039331
-0.002268047533
0.9928750945
-0.003339869173
0.9923472854
-0.002184448391
0.9915312932
-0.002156621089
-0.4948340381
0.4950754972
-0.002425907519
-0.493934263
0.002648242458
0.4941361819
-0.002850161322
-0.4926433924
0.003034126836
0.4928103516
-0.001609954895
-0.001591131188
-0.2454279254
0.001687884367
0.2454629991
-0.001722958124
-0.2439958141
0.001817206697
0.2440231788
-0.001844571403
-0.2416263246
0.001907949947
0.2416387402
-0.001920365537
-0.2341256313
0.001941709442
0.2341572013
-0.001973279399
-0.228556495
0.002147260623
0.2285533041
-0.002144069678
-0.001107948662
0.9941118818
-0.002185573209
0.993952719
-0.003215675206
0.9933773874
-0.002095702759
0.9924831518
-0.002071831089
-0.495293726
0.4955130835
-0.0023150603
-0.4943315321
0.002526320248
0.4945225359
-0.002717324016
-0.4929721741
0.002890927104
0.4931292689
-0.001529295129
-0.001518726705
-0.2455644731
0.001602666574
0.2455973874
-0.001635580838
-0.244102132
0.001723691418
0.2441275474
-0.001749106796
-0.241674284
0.001807429439
0.2416856919
-0.001818837331
-0.234253383
0.001841948844
0.2342858344
-0.001874400252
-0.2285434614
0.002042651534
0.2285401711
-0.00203936118
-0.001065380505
-0.002112629174
-0.003112649515
-0.002041053996
-0.00198880336
-0.4957299177
0.4959450535
-0.002256189756
-0.4947078436
0.00245499422
0.4948909826
-0.002638133208
-0.4932841549
0.002804569851
0.4934325326
-0.001481405289
-0.00147154227
-0.2456934648
0.001549269786
0.2457249783
-0.001580783279
-0.244201704
0.001664823616
0.244225852
-0.001688971618
-0.2417191868
0.001744393504
0.2417302757
-0.001755482386
-0.2343840447
0.001781057873
0.2344169528
-0.001813966016
-0.228530526
0.001977574029
0.2285273206
-0.001974368718
0.002754948095
-0.002859375111
-0.05250216198
0.002991836806
-0.003105618564
-0.05486119425
0.005295505101
-0.2154339651
-0.003246084303
-0.003305039141
0.1056244697
-0.002741927316
-0.1052045254
0.005076931119
0.02189382437
-0.2207511592
-0.01981098364
-0.003626324575
0.1100624207
-0.002989637963
-0.1096222885
0.0055413426
-0.002804608428
0.005204220507
0.106021379
0.05346055333
0.002907651521
-0.003024124264
-0.05334408058
0.02640480802
-0.0002964537576
-0.02694751108
0.0008391568249
-0.02778208784
-0.0008193589535
0.001203258565
0.02739818823
0.005303901759
-0.005688816604
-0.113248973
-0.001353908421
-0.02800782704
0.001579647614
0.02721968621
-0.0008577162733
-0.02771587835
-0.002608960619
0.04754803737
0.003752169726
-0.02578427432
-0.02290697216
-0.0002172584725
0.0006468752452
0.02597519124
0.002921032269
0.05356980349
-0.003030282428
-0.02253629936
0.02237823562
-5.919473037e-05
0.02484222094
-0.004701795817
-0.01221959308
-0.01052979266
0.02674237439
-0.0003420471341
-0.02291438991
8.163678791e-05
0.005162591033
0.02469573202
-0.02427181454
-0.001204208755
0.001625040277
0.02385098301
-0.05212647824
0.003321366907
0.05225730717
-0.003452195833
0.0526176453
0.003358348062
-0.05252082367
-0.001753394626
-0.00170177506
-0.0519082537
0.003160040252
0.05196176838
-0.003213554931
0.003275976916
-0.003347096393
-0.05205535876
-0.0007659190486
-0.02472971978
0.001223824292
-0.02496622427
-0.001121118516
0.00138312465
0.02470421814
-0.05150522126
0.00299105141
0.05158556179
-0.003071391934
0.003138679031
-0.003232355297
-0.05181457743
0.0029385622
-0.003004338403
-0.05143944506
-0.0009366744976
-0.02527786218
0.001248312405
0.02465525775
-0.0005125912645
-0.02507934099
0.02422918641
-0.0006950471671
0.00335508953
0.05268928572
-0.001730891254
-0.001695838699
0.05314149373
0.01375084341
-0.05293507076
-0.005233398329
-0.00872386805
-0.01234108179
0.02560031051
-0.02478059794
0.01152136922
0.01223520219
-0.01573122878
-0.008845055188
0.02377828395
-0.0237094342
0.004838719852
-0.02379801464
-0.005563863897
0.005484308067
0.02387757047
0.02380267396
-0.0002451918526
-0.02432340115
0.02752251879
-0.02189792768
-0.0004620000693
-0.00568184374
-0.02377020732
0.005654036422
-0.006524517061
0.0128917219
0.02115531395
0.02308438427
-0.0004859190663
0.02457751822
0.02475536329
-0.02482572334
0.008642848345
-0.006745187343
-0.2250921074
0.2268496207
0.009112680413
-0.005350274454
-0.1126425585
-0.1126655664
0.005540328923
0.1105116166
0.1118570388
0.005817417082
-0.006317064985
-0.1113573909
-0.006128015331
0.09524023646
-0.09591677572
0.006804554607
-0.002529012729
0.003807492776
0.04626955733
-0.004770187606
-0.02644000862
0.003679970548
0.02753022568
-0.02642136547
0.001972743275
0.02674465393
-0.002296031733
0.0267371861
0.001672298103
-0.00153497346
-0.02687451074
0.02680207974
-0.004488871526
0.08108038629
-0.009722566005
-0.07748583561
0.02630812217
0.0008772462071
-0.0004942970854
-0.02669107129
-0.02473563627
0.004239619575
0.02663359128
-0.006137574585
-0.03223857157
0.02384954032
0.03398934178
0.02393766572
0.0544711157
-0.01896950158
-0.006297786101
0.003444421721
0.05469249986
-0.003544422162
-0.05459249942
0.001624134351
0.0265541535
-0.001441101756
0.02601486399
0.001723455965
-0.001582989421
-0.02615533053
-0.0004280596678
0.02458884012
-0.0250528225
0.0008920420437
0.0246431799
0.02166237165
-0.02192557274
-0.0001648585811
0.02044758232
-0.00387308089
-0.01570281832
-0.0008716831075
-0.008468618156
0.04950028647
-0.04905738891
0.008025720594
0.002434876552
0.02378735844
-0.02000336937
0.02547895566
0.0004890518234
-0.0001057555263
-0.02586225195
-0.03089970911
0.0260672253
6.229619651e-05
-0.02557569475
0.001761986273
0.02560381488
-0.001790106401
0.001944078658
-0.002356517306
-0.02600892682
-0.006007632242
-0.02463687802
0.004204501639
-0.0005169682701
-0.02604752321
0.000955142978
0.02560934851
-0.02588504821
0.001622372531
0.02577790684
-0.001515231162
0.001699381468
-0.001645023513
-0.02563005271
0.0008451284826
0.02590856267
-0.0004455689851
0.003614500851
-0.004602274153
-0.02374786297
-0.001194253003
0.001608618222
0.0241744749
0.0020462006
0.02596886028
-0.002000196893
0.02689247867
0.009275121307
-0.009775411982
-0.02639218799
-0.001990717387
0.02532411421
-0.0202137105
-0.003119686321
-0.004445851314
0.008509095868
0.01638433776
0.0208080221
-0.0003399034458
-0.0170367254
0.02225616401
-0.004484608633
-0.0007348299712
0.01934373149
-0.004553212771
-0.01866359961
0.02381066704
-0.005028055538
-0.02389282296
0.005110211468
0.02510696811
-0.0001449807286
0.01403529065
-0.0008797348714
-0.02315105623
-0.006121013128
0.005859893491
0.02341217587
-0.004156465237
-0.0121592383
-0.0007210218646
-0.006344186421
-0.02301137368
0.006204503873
-0.01478346208
-0.02212387926
-0.0261895558
0.001667345179
0.0261000394
-0.001577828779
0.001562899634
-0.00150022508
-0.02594772276
-0.02649205221
0.0009335808206
-0.02569520681
0.003022917921
0.02691190846
-0.02575336468
0.001745792534
0.02590676405
-0.001899191904
0.001587396003
-0.001648001437
-0.02612895037
-0.02394646499
0.02311358537
-2.483664823e-05
0.002333452015
-0.02628072577
8.087617697e-07
-0.02776679006
0.002384363718
0.02216508331
0.0001136312899
9.952102377e-05
-0.0001088084495
0.02628697671
0.0005642061232
-0.02281463199
0.02257784903
0.0001279745112
-4.309375466e-05
-0.02378845036
0.0008313839726
4.267648352e-05
-0.02548214869
0.001543327775
0.02548470956
-0.001545888643
0.001690408448
-0.001846693636
-0.02559707949
-0.02482317655
0.0027424706
-0.02625193167
0.001166171543
0.02593088861
-0.02559309671
0.001488269346
0.02555784641
-0.001453019051
0.001520043828
-0.00150189678
-0.02550029574
-0.02470927952
0.0243107449
-0.0001140566465
0.0004445924726
-7.681843268e-05
-0.02507705356
0.0008622045348
-0.02549695305
-0.001168838958
0.02384356366
0.001554461702
-0.02381985886
0.02313865433
-0.000487634432
-0.0002041611228
0.0068407075
-0.007393689909
-0.02422761553
0.02570772215
-0.02517960755
0.006312592908
0.02670752818
0.01052156319
0.0002151035186
0.004324032421
-0.004539135941
-0.01873580927
-0.004389109416
0.004994490577
0.02379625779
0.01964199334
-0.004744113154
0.02090870683
-0.002215965386
-0.02068345883
-0.02177209418
0.02149776652
2.913581145e-05
0.0002076053955
-0.02193730603
-4.239355319e-05
-0.0247284111
0.0006126153378
-0.01833062989
-0.000481202978
0.01391880203
-0.001027080136
-0.00501241589
0.01954689408
-0.0006156761581
0.02238262305
-0.006239724989
-0.001474002396
0.0222495401
0.002308846573
-0.02093793968
0.01945227696
1.166032227e-05
7.390777464e-05
0.02494547129
-0.02498047161
0.02255292791
0.0001988148552
-2.445730264e-05
0.02243207889
0.0001613768623
-4.052783852e-05
0.01502326072
-0.01503284008
9.57936345e-06
-0.004799811926
0.003666613154
-0.03108542622
4.888523764e-06
-0.02219974008
0.01998543182
0.0276469814
-0.02073993455
0.02720368972
0.001556668055
-0.001447158712
-0.02731319906
-0.0001242742207
0.02324078252
-0.02400664681
0.0008901385117
0.0006176591292
-0.0001486370639
-0.02552184456
0.02574343597
-0.02620973652
0.001083959677
0.02532659377
0.001308884246
9.087350965e-05
-0.01122545157
-0.003514383441
-0.0009629833043
-0.009874033615
-0.001351417954
0.01202329573
-0.001585449281
-0.01056212067
0.01719878688
-0.00432935493
-0.01704751993
0.004178087982
0.003068292221
0.003698615122
0.01855720686
-0.02238452568
0.02223985996
3.891019582e-05
5.702178958e-05
0.0001363015613
0.0004817465513
0.002391325354
-0.000112550413
0.02199375727
-0.02213684563
6.626992532e-05
0.02183150578
4.819484676e-05
0.02228644147
9.661379375e-05
4.902362696e-05
6.601965068e-05
8.357619298e-05
-0.02231625645
-0.004485757781
0.002304595568
-0.001482197689
0.002400296261
0.01954693407
-0.02105629137
2.715961429e-05
2.833620323e-05
0.02158463494
4.270971844e-05
4.070913415e-05
0.02506716787
0.001868044126
-0.003437208702
0.003324769016
-0.003490349327
0.0008374594437
-0.01713263051
-0.003918539432
0.01676132313
-0.01367240113
-0.002251462554
0.01385674033
0.01007107977
-0.001561983897
-0.002240623105
-0.00136069826
-0.002988915852
-0.001418136505
-0.005023435882
0.01740556628
-0.02045790111
-0.005325008748
0.02075947398
-0.01981504374
-0.005127466003
-0.0001727848248
0.000551341843
-0.0220934479
-1.664294964e-05
1.431325565e-06
-0.0005419200837
-0.01830589358
0.02395746291
-0.004935928218
-0.0007156411167
-0.01302247941
-0.004575861774
-0.0007075523872
-0.01859234031
-0.005379168665
0.01101652882
-0.005651406217
-0.001142709482
-0.01199202171
-0.001030457704
0.005433830473
-0.006062581098
0.02556042881
-0.0005797042565
0.01977291098
-0.01504339037
0.0002599282864
0.004420893192
-1.200659576e-05
0.004546554025
0.007070961611
-0.00690821214
-0.2050600798
-0.004008122557
0.1934348122
-0.1960428781
0.006590531662
-0.00330562939
-0.1952702854
-0.002228914226
0.199196264
-0.1993379996
0.002352825026
-0.002424008791
-0.2024492366
0.2158012561
-0.2144468766
0.003939306122
0.02144208257
-0.02078407575
-0.2019149509
-0.01870845106
0.1923240595
-0.1929764321
0.01934967035
0.001131818564
0.1947936734
-0.01818858241
-0.1927451789
-0.01791800805
0.1999950703
-0.1998290127
0.01774359276
0.00236659152
0.199564087
-0.01840945698
-0.2043190764
0.2219749795
-0.2205237408
0.02044223817
0.004107359517
0.2172307898
0.2192696235
0.005654712172
-0.003479414487
-0.003478890639
0.1088495537
-0.00419704813
-0.1084883728
0.003835867236
-0.1074148068
-0.004070503075
0.003716282735
0.1077690271
0.0530195956
0.002856774017
-0.002974293425
-0.05290207619
0.05243036854
-0.05233543972
0.003181048103
-0.05208882622
0.003077252518
0.05217161395
0.0137350693
-0.01488095168
-0.202165545
-0.01664201188
0.1918199963
-0.1915341829
0.01634318169
0.008781378623
0.1918351253
-0.01665198494
-0.1910175093
-0.01496802814
0.1972301888
-0.1980870491
0.01581317901
0.006721252204
0.1995431548
-0.01384041378
-0.2027715663
0.2179578186
-0.2200123518
0.01069379903
0.005549995015
0.2223566025
-0.007090988326
0.224827148
0.005844050803
0.2243315075
-0.004220338931
-0.1115190432
-0.1114064006
-0.004276713017
-0.1106697606
-0.004319088649
0.003954135027
0.1110347143
0.1108715984
0.005964314504
-0.003224312007
-0.003216838113
0.05539388094
-0.003542986607
-0.05521221289
0.003361318558
-0.05481112463
-0.00346817273
0.003348316364
0.054930981
0.01668404486
-0.01986105854
-0.2096696989
-0.0274175091
0.1972435986
-0.1951320056
0.02529336443
0.01889745289
0.1924788926
-0.02907853572
-0.1931210605
-0.03100338504
0.1956067595
-0.1955026876
0.0308847364
0.0194134993
0.1964325334
-0.03060982364
-0.1986238363
-0.02683534235
0.2099237631
-0.2115482745
0.02844933428
0.01406211694
0.2157234378
-0.02501775821
-0.2160441645
-0.020211836
0.2251582087
-0.2265288894
0.0215777425
0.008475409708
0.2281235549
-0.01780090297
-0.2252161695
0.01151289083
-0.01658904811
-0.225407523
-0.03080818333
0.2115526605
-0.2070986643
0.02634543122
0.02661811538
0.1999321242
-0.0348705384
-0.2032529689
-0.04405242636
0.2017883921
-0.1992814978
0.04153171165
0.03444819168
0.1962250741
-0.04602015667
-0.2002621897
-0.0489758132
0.208580798
-0.2080306648
0.04841164234
0.03396746046
0.2087504758
-0.04927847994
-0.211659705
-0.04700363364
0.2186744548
-0.2206540523
0.04897202031
0.02884835603
0.2238203541
-0.04461357741
-0.2144636145
0.008919651058
-0.00931770813
-0.2365937214
-0.01882480894
0.2337888178
-0.2277521177
0.01278617373
0.02447685005
0.2165300686
-0.02470888476
-0.2226227121
-0.0404218482
0.2178935917
-0.2130708687
0.03559080592
0.04199648912
0.2049477074
-0.04477146012
-0.2119056368
-0.05482270173
0.2167482743
-0.2139013438
0.05196457577
0.05148684789
0.2097588163
-0.05706068278
-0.2160947017
-0.05663331601
0.2118549806
-0.2128348495
0.05760243869
0.05365482416
0.2165363791
-0.05784359325
-0.2099757764
0.008227926425
-0.008560631463
-0.2380865095
-0.009560122631
0.2380152747
-0.2376829436
0.009227791447
0.00990799576
0.2369607167
-0.009890047071
-0.2374918019
-0.01371995711
0.2371058168
-0.234114177
0.01072840312
0.03061230348
0.223090688
-0.01879594019
-0.2312744967
-0.03196854302
0.231113496
-0.2272747062
0.02812589568
0.04864151553
0.2199943237
-0.0349090085
-0.2262989829
-0.03940806698
0.2152237077
-0.2135549074
0.03773420421
0.05524650149
0.2116853979
-0.04155679445
-0.2174463019
0.007492600198
-0.007769201402
-0.2393314983
-0.008581686219
0.2391765409
-0.2389094904
0.008314635723
0.008998337446
0.2383298086
-0.008843960018
-0.2387045101
-0.009598723227
0.2381915396
-0.2379453179
0.009352501551
0.01023346304
0.2374034231
-0.009838237005
-0.2376668642
-0.01036202611
0.2365875709
-0.2364787039
0.01025315916
0.01826133521
0.2349676723
-0.01034562906
-0.2342680358
-0.01066780654
0.2201351974
-0.2197409772
0.01027358632
0.02870693873
0.2170894904
-0.01112288682
-0.2239920499
0.006765027167
-0.006994979633
-0.2403667161
-0.007658117643
0.240113092
-0.2398971585
0.007442184157
0.008093576521
0.2394296606
-0.007868426798
-0.2396714319
-0.008463325622
0.2390353459
-0.2388434858
0.008271465585
0.009074100924
0.2384226179
-0.008645733093
-0.238533018
-0.008995938033
0.2368838872
-0.2368262244
0.008938275215
0.009906811359
0.2366797577
-0.008961482386
-0.2341708158
-0.009322138581
0.2215787883
-0.2212376937
0.008981043991
0.009938956417
0.2205160008
-0.00961893762
-0.2255406393
0.006072696278
-0.006264442851
-0.2412284176
-0.006809394335
0.2408743819
-0.2406982028
0.006633215244
0.007234862211
0.2403181777
-0.006979943939
-0.2404497878
-0.007455657037
0.2396991821
-0.2395472745
0.007303749428
0.008020508254
0.2392160936
-0.007597227852
-0.2391974068
-0.007836374325
0.2370369519
-0.2370084761
0.007807898504
0.00864151032
0.236932807
-0.007796771213
-0.2340218053
-0.008156686027
0.2228132473
-0.2225240345
0.00786747327
0.008687754606
0.2219069153
-0.008357041991
-0.2265709901
0.005428022778
-0.005588398304
-0.2419476675
-0.006039367693
0.2414988483
-0.2413537978
0.005894317222
0.006440094588
0.2410420197
-0.006179184002
-0.2410833793
-0.00656466677
0.2402292648
-0.2401073244
0.006442726358
0.007076930411
0.2398427702
-0.006675850261
-0.2397154016
-0.006839652224
0.2371045797
-0.2370934157
0.006828488168
0.007547883374
0.2370601683
-0.006803447875
-0.2338665544
-0.00715043644
0.2238452401
-0.2236053793
0.00691057561
0.007612716449
0.2230896749
-0.00728559106
-0.2272667107
0.00483726937
-0.004972129508
-0.2425505225
-0.005348289299
0.2420159871
-0.2418954444
0.00522774656
0.005719788118
0.2416371949
-0.005464145694
-0.2416048819
-0.00578000719
0.240657514
-0.2405586631
0.005681156313
0.00624211817
0.240344858
-0.005867985087
-0.2401234305
-0.005980687727
0.2371235175
-0.2371218656
0.005979035813
0.006603375882
0.237112761
-0.005952324064
-0.2337326094
-0.006280210704
0.2246928337
-0.2244969362
0.006084313115
0.006691347163
0.2240734897
-0.006371004936
-0.2277354603
0.00430473207
-0.004418841219
-0.2430587089
-0.004735262113
0.2424483604
-0.2423472068
0.004634108483
0.005073931593
0.2421312883
-0.004832288141
-0.2420387455
-0.00509350792
0.2410063591
-0.2409256174
0.005012766226
0.005507104278
0.2407514519
-0.005163586561
-0.2404471087
-0.005241974998
0.237117671
-0.2371205105
0.005244814536
0.005786793792
0.2371236642
-0.005223188376
-0.2336332514
-0.005529460858
0.2253809923
-0.2252224678
0.005370936416
0.005897598979
0.2248788059
-0.005590066709
-0.2280497974
0.003829308236
-0.003926466266
-0.2434896922
-0.004194823283
0.2428132053
-0.2427275468
0.004109164715
0.004497497399
0.242545338
-0.004276828146
-0.2424033158
-0.004494455918
0.241292389
-0.2412260218
0.004428088784
0.004860055167
0.241083211
-0.004550617308
-0.240705484
-0.004606246584
0.2371021409
-0.2371063511
0.004610456777
0.005078400757
0.2371142543
-0.004597228907
-0.2335728657
-0.004881620489
0.2259360089
-0.2258083451
0.004753956646
0.005209237487
0.2255312386
-0.00492157076
-0.2282588239
0.003406978134
-0.003490194836
-0.2438574193
-0.003719450267
0.2431235887
-0.2430504958
0.003646357365
0.003986795124
0.2428954592
-0.003789255281
-0.2427122292
-0.003971603584
0.2415282066
-0.2414733749
0.003916771906
0.004292577948
0.2413556174
-0.00401684265
-0.2409129027
-0.004057571766
0.2370860386
-0.2370897867
0.004061319803
0.004464469572
0.237097915
-0.004057625107
-0.2335507145
-0.00432115803
0.2263823961
-0.2262797269
0.004218488812
0.004611690213
0.2260568714
-0.00434687981
-0.2283956239
0.003035810938
-0.00310754854
-0.244173136
-0.003304798457
0.2433895947
-0.2433267848
0.00324198864
0.003539145715
0.2431939038
-0.003364597461
-0.2429758039
-0.003518217687
0.2417236371
-0.2416781069
0.003472687493
0.003798828273
0.2415805113
-0.003554849152
-0.2410802923
-0.003586012543
0.2370744478
-0.2370767525
0.003588317291
0.003935375859
0.237082586
-0.003593983902
-0.233563202
-0.003838551961
0.2267418746
-0.2266590801
0.003755757458
0.004095379042
0.2264796268
-0.003854437551
-0.2284826189
0.002711970758
-0.00277423857
-0.244446019
-0.002945127776
0.2436191297
-0.2435648012
0.00289079924
0.003149470738
0.2434501336
-0.002996660858
-0.2432021136
-0.003126775354
0.2418864384
-0.2418484379
0.003088774845
0.003371397853
0.2417671346
-0.003156604602
-0.2412161158
-0.003181829949
0.2370698886
-0.2370702962
0.003182237518
0.003480924297
0.2370725902
-0.003196410355
-0.2336054124
-0.003424193456
0.2270328329
-0.2269656436
0.00335700415
0.003650454303
0.2268204016
-0.003433259247
-0.228535156
0.002433635679
-0.002488148725
-0.2446836249
-0.002637380821
0.2438185887
-0.2437712453
0.002590037415
0.002811756532
0.243671598
-0.002682098943
-0.2433976392
-0.002793031464
0.2420228565
-0.2419909337
0.002761108712
0.003002554662
0.241922804
-0.002817503514
-0.2413270094
-0.002839282381
0.2370733512
-0.2370717174
0.00283764858
0.003091369395
0.2370699868
-0.002859211404
-0.2336721443
-0.003072618601
0.2272704271
-0.2272153212
0.003017512723
0.003267641733
0.227096716
-0.00307695699
-0.2285637867
0.002197855566
-0.002245981955
-0.2448922537
-0.002377370264
0.2439932284
-0.2439516435
0.002335785296
0.002522749039
0.2438643968
-0.002416473292
-0.2435677553
-0.002511785691
0.2421379882
-0.2421109573
0.002484754742
0.002687912615
0.2420534601
-0.002532057211
-0.2414182775
-0.002552094613
0.2370849402
-0.2370812956
0.002548449919
0.002760911337
0.2370754955
-0.002576224968
-0.2337585042
-0.002777535319
0.2274669688
-0.2274211003
0.00273166678
0.002941797708
0.2273229899
-0.00277864033
-0.2285758947
0.002000846482
-0.002043719763
-0.2450769159
-0.002160454496
0.244147426
-0.2441105681
0.002123596601
0.002278332435
0.2440335299
-0.002194953108
-0.2437169442
-0.00227761481
0.2422360322
-0.2422129146
0.002254497206
0.002422390799
0.2421639484
-0.002294621605
-0.2414941891
-0.002314136159
0.2371043274
-0.2370987726
0.002308581311
0.002483388863
0.2370890721
-0.002341457016
-0.2338600882
-0.00253261587
0.2276323767
-0.2275934725
0.002493711742
0.002667157896
0.2275108916
-0.002531572475
-0.2285768049
0.00183992252
-0.001878639594
-0.2452420856
-0.001983697423
0.2442851176
-0.2442520408
0.001950620656
0.002076372775
0.2441832445
-0.002014506205
-0.2438491302
-0.002087131566
0.2423205923
-0.2423005398
0.002067078983
0.002203309465
0.2422583039
-0.002101667849
-0.2415582813
-0.002121579426
0.2371310522
-0.2371237153
0.002114242524
0.00225541936
0.2371103411
-0.002151233171
-0.2339731208
-0.002333870579
0.2277746116
-0.2277408561
0.002300115105
0.002440804465
0.2276698305
-0.002331481585
-0.2285703916
0.00171386775
-0.001749458651
-0.2453923345
-0.001845584898
0.24440991
-0.2443797482
0.001815423083
0.001913844528
0.2443173997
-0.00187353984
-0.2439678591
-0.001938487371
0.2423948193
-0.2423770753
0.001920743343
0.002027257791
0.2423400055
-0.001951246155
-0.2416135658
-0.001972227984
0.2371644828
-0.2371555384
0.001963283571
0.002073076999
0.2371388112
-0.002003488051
-0.2340943713
-0.002179018988
0.2279001038
-0.227869996
0.002148911198
0.002259023419
0.2278073327
-0.002175921838
-0.2285595922
0.001621359611
-0.001654618697
-0.245531214
-0.001744101975
0.2445249254
-0.2444969281
0.001716104678
0.001787648338
0.2444394684
-0.001769943478
-0.2440762905
-0.001829345607
0.2424615334
-0.2424454116
0.001813223786
0.001890670959
0.2424120983
-0.001840948975
-0.2416626806
-0.001863559208
0.2372039133
-0.2371935269
0.001853172808
0.001932387657
0.2371738046
-0.001895838066
-0.2342211041
-0.002065466007
0.2280141426
-0.2279864561
0.00203777951
0.00211785868
0.2279295057
-0.002062165874
-0.2285467616
0.001560210262
-0.001591883373
-0.2456617917
-0.001676806799
0.2446329887
-0.2446064745
0.001650292555
0.00169613301
0.2445524838
-0.001701218651
-0.2441772921
-0.001757162377
0.2425234568
-0.2425082645
0.001741970008
0.001791612123
0.2424773507
-0.001768252562
-0.2417080966
-0.00179317685
0.237248839
-0.237237103
0.001781440864
0.001831220821
0.2372146413
-0.001826034872
-0.2343511867
-0.001990572778
0.2281208867
-0.2280946973
0.001964383314
0.002015423246
0.2280413709
-0.001987413145
-0.2285336856
0.001527481185
-0.001558692204
-0.2457868652
-0.001640659662
-0.244710998
0.001615215428
0.001638589369
0.244659223
-0.001664050258
-0.244273526
-0.001718568365
-0.2425687004
0.00170340972
0.001729307463
0.2425385429
-0.001730339226
-0.2417527835
-0.001761678748
-0.2372855965
0.001747499595
0.001769048824
0.2372608481
-0.001794918144
-0.2344826201
-0.001949241041
-0.2281974186
0.001923603574
0.001951701975
0.2281467588
-0.001947112303
-0.2285205596
-0.05199904587
0.003048898689
-0.0517290621
0.002910007662
0.05181010585
-0.05223152703
0.002651558049
0.05231975892
-0.002739789936
-0.0547041187
0.003337415793
-0.0536765187
0.02309982474
0.05451435968
-0.05408507293
0.02130868815
0.05463801128
-0.02186162652
0.05220187136
-0.05204180998
-0.004010331097
-0.1070758636
0.003671387869
-0.00369652579
0.003377856516
0.1064032804
0.004998748627
-0.003091674805
-0.003125962014
-0.002531633811
0.004689230073
0.1045270772
0.1059857834
-0.004023296165
0.1070198084
-0.004361191974
-0.1066689475
-0.004324993095
-0.1103112483
0.003966480741
-0.004230525549
0.003869406777
0.1092106724
0.01485208809
-0.0035358721
-0.01279775175
-0.1073006188
-0.002959426417
0.005430535989
0.1077505415
-0.1085047141
0.1088863984
-0.004612209791
0.1104957707
-0.004708838673
-0.1101119251
0.1073838976
-0.004434592296
-0.004574689339
-0.1081270729
-0.002921848109
-0.1068621314
0.005391012218
0.0528817337
-0.05277841782
0.003255032185
0.003209003389
0.05254273206
0.002891616602
0.05312065585
-0.002992676849
0.001372131009
-0.02748825812
0.02757337021
-0.02783963025
0.001638391051
0.02714100901
0.001271518029
0.0271560597
-0.02740088803
0.00144808689
-0.001014839271
0.001332044963
0.02683885401
0.02694755509
-0.005315929757
0.0959827616
-0.09485734166
0.00419050982
-0.005998332622
0.006427475451
0.09481109363
0.005701054178
0.1123438896
-0.006187905005
0.08409230935
-0.009010255678
0.09273603106
-0.008646445642
-0.08940551518
0.007967611512
0.05238393184
0.006660984418
-0.05280460243
0.002168214123
-0.02779167744
0.02746791897
-0.0272386467
0.001938941849
0.00164667856
0.001451420879
-0.001441239206
-0.02560327838
-0.02655046568
0.001175780215
0.002608734702
-0.002696944591
-0.05214331714
-0.0516546368
0.002864136906
-0.001054397766
0.001298987432
0.02299619286
0.00170273118
0.02712102483
-0.001620066283
0.003685239262
0.05425441552
-0.02716000393
-0.02702748113
0.02668351059
0.001104373667
-0.0005669779704
0.001040752035
0.01230255713
-0.01257089878
-0.05381673128
-0.0532550989
0.01332942361
0.003249642089
0.05298718114
-0.006869874008
0.03500336712
-0.0151710886
-0.01766420032
-0.004022239493
0.003802898537
0.01741812784
0.01226046259
-0.001291564621
0.02467037092
-0.02482129242
0.001775961775
-0.002446422436
0.002259836987
0.02485695637
0.02371340715
-0.003465975239
0.05239204232
0.003331240087
-0.05189108366
0.02622310717
-0.002036608489
0.02618268839
-0.05169278268
-0.001888510535
0.02644246684
-0.02648599443
0.001715825698
0.00180493658
0.02639091387
0.003374466071
-0.001772352096
-0.001730895326
-0.003231420209
0.05200521012
0.003187978466
-0.05178926795
0.05173979306
-0.001619045683
-0.0517964252
-0.001539052504
-0.05169150644
-0.001648991166
0.003281151062
-0.001610491911
0.003231002424
0.001059842913
-0.02517694735
0.02510674954
-0.02543827598
0.001391369358
0.001509281413
0.02508150225
-0.02520165056
0.001503272955
-0.001668008586
0.001657075717
0.02509243512
0.02459067125
-0.003163293014
0.05166708162
0.003081773187
-0.05129517296
0.05147142974
-0.001649141343
-0.05122899869
-0.001594238429
-0.05169509209
-0.001746292398
0.00321268464
-0.001690554462
0.003065188828
-0.002904037219
0.05139010305
0.002842808519
0.05118040153
-0.001475739148
-0.05120457338
-0.001508719884
0.002942003641
-0.001477906137
0.002892661635
0.001189792381
-0.02560545002
0.02537656266
-0.02557339237
0.001386622091
0.001423224506
0.05276573248
0.003415074118
-0.001722841392
-0.001768679487
0.02614685073
-0.02619571574
0.001772320976
0.001704632416
0.02636196877
0.02678351182
-0.02645264728
0.008944256771
0.00204757196
0.02614547937
0.004773241022
-0.00202487412
-0.002917705184
0.003744051819
-0.02382690973
0.02316550558
-0.02320859002
0.003787136257
0.002409873512
0.02559435192
0.02255475872
-0.02219791666
-0.005438093869
0.02266784385
0.02387761716
-0.005438140558
0.005850787813
-0.02373377962
-0.005887215508
0.0219230489
-0.02172366731
0.02473289166
0.02491083345
-0.2256726648
-0.007764724757
0.2266921253
0.006851595479
-0.008192752837
0.006586213358
-0.1118455681
0.005286035181
0.1122605871
0.2254028482
-0.1119854304
-0.004913669067
-0.004774352537
-0.1119221491
0.2267508039
0.1108805107
-0.004703828604
-0.00458167945
-0.1116240898
-0.1114115672
0.005383416201
-0.1114303101
-0.006908191959
0.1120214371
0.006395735371
-0.007017375234
-0.05541478927
0.005909942878
0.006983261136
-0.04437027236
-0.006481877521
-0.05204788697
0.1107600896
-0.05541318562
-0.05538101806
0.1106564522
0.05482746451
-0.003603137387
-0.003780231002
-0.05517594122
-0.002505704418
-0.04438743943
0.002522871489
0.02765265745
0.00284447283
-0.02681715973
-0.002433292921
0.002246320121
-0.002036354935
0.02689582621
0.001885182654
-0.02724514133
0.02745510652
-0.02669670023
-0.02735447616
0.02709102073
0.001739021407
0.001760336873
0.0329393351
-0.004930017321
-0.0305150222
0.05102864711
-0.05090248079
0.006534818092
0.007464378916
0.05000351907
-0.1010082502
0.1025923974
0.01061786215
-0.04825075364
-0.04041051588
-0.02611999356
0.02578707334
0.0005699579741
0.0009443222119
0.02863686933
0.02192019917
-0.00492594183
0.006256717885
0.02730609328
0.03099664879
-0.001933248829
-0.003480448307
0.05454077074
0.003410793277
0.05446796412
-0.001664089982
-0.02730930678
-0.0274183476
0.01942146784
0.0273474758
-0.05444720324
0.05458802034
0.00346973781
-0.001746245758
0.00341800913
-0.001399360518
0.02634947128
0.001604042738
-0.02675429264
0.02639568416
-0.02605347947
0.0257793743
0.001426164363
0.001620305115
-0.02455337744
0.008593981341
-0.04868700984
-0.008964360402
0.0430645157
-0.020291526
0.0038527386
-0.02205398645
0.04422036229
0.02091954845
0.003057450605
-0.004640943668
-0.01997993726
-0.02392479182
-0.03906695023
0.01205259053
0.004666050014
-0.002413908327
-0.005100954673
0.005669925127
8.455882556e-05
-0.0006535292884
0.002107998775
-0.002884921032
-0.002036500318
0.02575180466
-0.02525623007
0.02547956674
-0.0252703747
-0.02599701162
-0.003056205921
0.002293730641
-0.002811175515
0.00362308316
0.02566886401
0.02578304883
0.001307132695
-0.02613503855
-0.0009837429942
0.001328515845
-0.001533511998
0.02570092692
-0.02579786054
0.02559286439
-0.02600595901
-0.0254061168
0.00157811695
-0.000427084236
0.0008386938608
-0.02543811814
-0.003199945515
0.02608410339
0.003084702406
-0.02564722153
0.02577204503
-0.02619345743
0.02693960864
0.005891180513
0.005583095911
-0.02108973087
-0.004962881998
0.02149940009
0.004772416773
-0.00510267366
0.005212909176
-0.005228114972
0.02277807936
0.02292540883
0.02105694269
-0.005602652831
-0.005924256588
-0.001507737766
0.02606872466
-0.02660527497
0.02642958217
-0.02673501686
-0.02621802678
-0.001288157307
0.00149804378
-0.001286488397
0.0009372494262
0.02648961504
0.02665833346
0.002286831365
-0.02592224691
-0.002786844174
0.002206530941
-0.001878750433
0.02609496002
-0.02624990012
0.02657768063
-0.02586226066
-0.02673633973
0.001780282745
-0.00162184244
0.02551231357
-0.02532717849
0.02536241177
-0.02536979418
-0.02553913998
-0.002169814312
0.001733907259
-0.001910635467
0.002167790961
0.02534959062
0.02577565914
0.00135515147
-0.02596463907
-0.001164132452
0.001366399221
-0.001454503494
0.02553444377
-0.02562452049
0.02553641622
-0.02572238807
-0.02544846646
0.001474571852
0.02298756805
0.004932331366
-0.004905400309
0.00468437834
-0.003312455159
0.01996553264
-0.02168761831
0.02305954149
-0.02221021213
0.02240412025
0.004636465619
-0.006515722957
0.02763409539
0.006528608978
-0.02811987326
0.02786086819
-0.02737041084
-0.001199118045
0.02712237018
0.001343193657
-0.0008527362998
0.0003046903416
0.006685311635
0.02675804733
0.0264490678
-0.005457939085
-0.003463427033
0.007335916836
0.003876809035
-0.003664822994
0.004383572587
-0.02300242366
0.001571331146
0.01274883443
-0.01203008484
0.01346349538
0.01966335422
0.007717828209
0.003272611408
-0.009063375771
-0.01044887608
0.4582616384
-0.01185127244
-0.01345544699
0.4557987145
-0.005871081663
-0.007281631233
0.2098924266
-0.2100431571
0.007208356603
-0.02736939043
-0.4596868222
-0.03069505573
0.4630124876
-0.03408981107
-0.4574462712
-0.03778193352
0.4611383937
-0.01589032157
-0.0222429437
0.2068027554
-0.2073478317
0.02198030067
0.005739886484
0.2088726287
-0.00470776375
0.2027663533
0.00564082737
-0.1995663023
0.1985339259
-0.003684229784
-0.200799811
-0.002335079094
-0.0008712707336
0.001687983324
0.1934457893
-0.1949523077
0.1943551764
-0.0002835236753
-0.1950189948
-0.002196869387
-0.001787925077
0.0001148723773
0.2037445071
-0.2074516765
0.2084940249
-0.00283606645
-0.2067006852
-0.00296963226
-0.002913755328
0.05280875285
-0.05254345235
0.05264217372
-0.003012476692
-0.05244752611
-0.002985464576
-0.01076220237
-0.4645282585
-0.01227729681
0.466043353
-0.0139295096
-0.4629308283
-0.01572372924
0.464725048
-0.01025456788
-0.01071344579
0.2097834477
-0.2083960439
0.0123406738
0.009321628605
0.2069363059
-0.01122991426
0.20146855
0.01092837803
-0.1966395418
0.1967192465
-0.01132023012
-0.196888811
-0.009160051306
-0.01055187912
0.01095373605
0.1912565541
-0.1929772602
0.1924567548
-0.01004349477
-0.1935302215
-0.007231346959
-0.008121291218
0.008810839389
0.2037489826
-0.2101261683
0.2093747986
-0.007375992526
-0.2103715512
-0.005688552636
-0.01101163535
-0.4675920623
-0.01251799712
0.469098424
-0.01414419653
-0.4665005874
-0.01588626152
0.4682426524
-0.01058013161
-0.009812571399
0.2202735482
-0.2169021458
0.01330799866
0.0130551183
0.2116592064
-0.0180177081
0.2070314538
0.01589276371
-0.1993500511
0.201162485
-0.01984046439
-0.1980320153
-0.01788747052
-0.02309704545
0.02240836899
0.1919900763
-0.1916616514
0.1919173216
-0.02336694024
-0.1917306199
-0.0198294454
-0.02156082876
0.02259869357
0.1994167849
-0.2052542273
0.2037847447
-0.02010219736
-0.2067879006
-0.01594879975
-0.01363019463
0.01606234995
0.2182320081
-0.224907869
0.2223714024
-0.01109672625
-0.007528619533
-0.008975014375
0.009036199586
0.2272861126
-0.2048160709
0.205791036
-0.009949979432
-0.01129707085
-0.10743044
-0.01094421984
-0.4706146185
-0.01239036905
0.4720607678
-0.01393401986
-0.4699357199
-0.01556585662
0.4715675567
-0.008683792485
-0.008604118185
0.2353394817
-0.2328740978
0.009046529881
0.01248208049
0.2241404905
-0.01962427647
0.2207398118
0.01541786646
-0.2098247494
0.2138124
-0.02361917206
-0.206383368
-0.02350710499
-0.03343759775
0.03060194805
0.199809446
-0.1954311168
0.1977411761
-0.03576133943
-0.193726596
-0.03326849612
-0.03944259268
0.03876358012
0.1989666357
-0.2012458704
0.2014022973
-0.03961350375
-0.2016526384
-0.03478930325
-0.03783887197
0.03869706592
0.2119619673
-0.2168852413
0.2159905635
-0.03695511616
-0.2182838025
-0.03004214729
-0.03182951145
0.03467689112
0.2172534285
-0.206387633
0.2068934162
-0.03234229126
-0.2062003362
-0.02502312138
-0.01061833483
-0.4734961491
-0.01196832887
0.4748461431
-0.01339082056
-0.4731268126
-0.01487165977
0.4746076518
-0.008264393332
-0.008144374967
0.2370783832
-0.236690226
0.008531493863
0.008922284732
0.235859016
-0.01051122473
0.2361778062
0.009228268471
-0.2286743557
0.2341456975
-0.01598406462
-0.2232963338
-0.0192379374
-0.03218919457
0.02704662252
0.2170628308
-0.2084530583
0.2132006915
-0.03694593405
-0.2042651574
-0.03829201245
-0.04829798138
0.04503805941
0.2080753731
-0.2056736688
0.2083894167
-0.05102673145
-0.2035959508
-0.04988608937
-0.05648157823
0.05506013746
0.2142278917
-0.2162370535
0.2170497899
-0.05730722096
-0.2157206991
-0.05409261332
-0.0540309128
0.05473589787
0.2096704597
-0.2118059042
0.214385401
-0.05662078446
-0.2095906829
-0.05208822548
-0.01010489144
-0.4761719293
-0.01133902447
0.4774060624
-0.01262235917
-0.4760062302
-0.01393817893
0.47732205
-0.007711571136
-0.007570195076
0.2384945011
-0.2381663892
0.007899814581
0.00837100351
0.2374589489
-0.008947236547
0.2377377432
0.008582837687
-0.2372546378
0.2376223593
-0.00931495812
-0.2368690907
-0.009518682067
-0.0126306077
0.0100559918
0.237142091
-0.2299215357
0.2357789677
-0.01848945667
-0.2240441469
-0.02502762593
-0.0347856612
0.02972730683
0.2260510039
-0.2198043898
0.2244065026
-0.03939426926
-0.215533037
-0.04485540419
-0.04975006225
0.04706716075
0.2234840164
-0.2202910973
0.2215746012
-0.05104201711
-0.2191274356
-0.0555688535
-0.05393535944
0.05174915047
0.215191479
-0.2218478562
0.2236900958
-0.0557852308
-0.2196151263
-0.05917487617
-0.009467448917
-0.4786093481
-0.01057889859
0.4797207978
-0.01171988088
-0.4785546285
-0.01287171549
0.4797064631
-0.007082694519
-0.006945769626
0.2396873615
-0.2394127643
0.007218002905
0.007723753085
0.2388163872
-0.008164409989
0.2390410294
0.007861014963
-0.2386238489
0.2389263792
-0.008466940297
-0.2383061706
-0.008681737332
-0.009359034581
0.009065191066
0.2384268968
-0.2379137126
0.2382028551
-0.009648177105
-0.2376066531
-0.009931257713
-0.01048644132
0.01021173327
0.2374100044
-0.2368973362
0.2371622265
-0.01075133155
-0.2341049592
-0.01410923438
-0.01451232447
0.01251451242
0.2342741827
-0.2268270333
0.2288731206
-0.01655908928
-0.2247917599
-0.02719903777
-0.02191601495
0.02026995293
0.2231551836
-0.2271232543
0.2277800758
-0.02257435867
-0.2262651998
-0.03336108374
-0.008761613926
-0.4807996111
-0.009752355652
0.4817903529
-0.01075761638
-0.4807806379
-0.01175852046
0.481781542
-0.00643287546
-0.006314461692
0.2406891014
-0.240460073
0.006535998762
0.007037843275
0.2399593489
-0.007378123186
0.2401251262
0.007125975599
-0.2397501399
0.239999052
-0.007627035275
-0.2394888358
-0.007836013872
-0.008346189151
0.008111633526
0.2394493552
-0.2389749038
0.2392037894
-0.008575074778
-0.2387324048
-0.008837210979
-0.009223519208
0.009015108867
0.2383381253
-0.2378404258
0.2380323393
-0.009415432706
-0.237632624
-0.009736318131
-0.009621555633
0.009648669136
0.2342019739
-0.2285472657
0.2284622789
-0.009536568913
-0.2286418949
-0.009881817683
-0.01033724677
0.009974980561
0.2252128932
-0.2283976283
0.2285080825
-0.01044770104
-0.2282658661
-0.01085501886
-0.008031164302
-0.482750129
-0.008908556949
0.4836275217
-0.009789729057
-0.4827130741
-0.01065644431
0.4835797893
-0.005798058884
-0.005700636291
0.2415307052
-0.2413393517
0.005881342705
0.006358724877
0.240918825
-0.006624110339
0.2410270746
0.006414187795
-0.2406776764
0.2408831903
-0.006829624215
-0.2404622194
-0.007024389001
-0.007413931866
0.007224788061
0.2402702851
-0.2398181726
0.2400015163
-0.007597275568
-0.2396245955
-0.007832925327
-0.008105426506
0.007945022679
0.2390468136
-0.2385279576
0.238670113
-0.008247581892
-0.238374937
-0.008525260851
-0.0083562098
0.008394622754
0.2340610982
-0.2282505025
0.2281936161
-0.008299323408
-0.2283141776
-0.00858990589
-0.008962477947
0.008718763947
0.2263500731
-0.2287507906
0.2288091288
-0.009020816231
-0.2286823497
-0.009353243293
-0.007307866669
-0.4844768434
-0.008082071771
0.4852510485
-0.008852678001
-0.4843861911
-0.009603355451
0.4851368686
-0.005206747129
-0.005116937876
0.2422383472
-0.2420777996
0.005267475194
0.005710598766
0.2417246466
-0.005918967115
0.241779405
0.005743707473
-0.2414446511
0.2416151298
-0.006089445849
-0.2412662032
-0.006266969158
-0.006568435028
0.006414226514
0.240936627
-0.2404966294
0.2406453536
-0.006717159293
-0.2403401376
-0.006926305314
-0.007121311542
0.006995993318
0.2395974199
-0.2390396535
0.2391462354
-0.007227893395
-0.2389252215
-0.007468074479
-0.007280474538
0.007319158903
0.233904152
-0.2280626561
0.2280319219
-0.007249740336
-0.2280997735
-0.007494616583
-0.0077995875
0.007634961574
0.2271175645
-0.2289370553
0.2289673362
-0.007829868461
-0.22890117
-0.008106621859
-0.00661313075
-0.4860006924
-0.007294979133
0.4866825408
-0.007968225047
-0.4858351084
-0.008618039812
0.4864849231
-0.004660235885
-0.004575276896
0.2428353896
-0.2426999756
0.004701855341
0.005109875195
0.2424019791
-0.00527311386
0.2424091309
0.005126139239
-0.2420821216
0.2422243859
-0.005415378118
-0.2419334621
-0.005576279911
-0.005811724068
0.005684607388
0.2414835519
-0.2410494437
0.2411715826
-0.005933862949
-0.2409213144
-0.006119503544
-0.006259092999
0.006160262825
0.2400301929
-0.2394242505
0.2395046803
-0.006339522803
-0.2393380203
-0.006548719129
-0.006362219224
0.006394860733
0.2337631828
-0.2279763902
0.2279694309
-0.00635525995
-0.2279889817
-0.006564440009
-0.00681106358
0.006700210206
0.2276351092
-0.2290309257
0.2290447327
-0.006824870654
-0.2290137249
-0.00705918793
-0.005960781007
-0.4873432409
-0.006560788675
0.4879432486
-0.007149043284
-0.4870894886
-0.007712044677
0.48765249
-0.004159874276
-0.004082766493
0.2433417048
-0.2432268546
0.004189881787
0.00456055309
0.2429741833
-0.004687840387
0.2429392222
0.004563882516
-0.2426154612
0.2427349857
-0.004807364904
-0.2424907259
-0.004953963786
-0.005138383951
0.005032489433
0.2419373877
-0.2415053697
0.2416067898
-0.00523980407
-0.2413992079
-0.005406149529
-0.005503803032
0.00542534309
0.2403729544
-0.2397150595
0.2397760714
-0.005564814845
-0.2396497054
-0.005749482488
-0.005573944619
0.005597623066
0.2336545033
-0.2279800149
0.2279932257
-0.00558715546
-0.2279714813
-0.005769410053
-0.005965447033
0.005891182665
0.2279826715
-0.2290692216
0.229072675
-0.005968900419
-0.2290635804
-0.006171364904
-0.005359772784
-0.4885253333
-0.005887913234
0.4890534738
-0.006402480326
-0.488176733
-0.0068912701
0.4886655228
-0.0037084136
-0.003640155665
0.2437733113
-0.2436753566
0.00373135353
0.004062665041
0.243459983
-0.004164864532
0.2433881089
0.004059663101
-0.2430647617
0.2431659118
-0.004266014609
-0.2429593889
-0.004396405375
-0.004545048508
0.004455948947
0.242317847
-0.2418853454
0.2419703587
-0.004630061832
-0.2417965425
-0.004776253891
-0.004845943985
0.004783259766
0.2406461534
-0.2399361232
0.2399826713
-0.004892492146
-0.2398863315
-0.005052980606
-0.004897906376
0.004911762888
0.2335842873
-0.2280585208
0.2280880456
-0.004927431117
-0.2280327163
-0.005084467747
-0.00524244888
0.005193143858
0.2282144096
-0.2290719267
0.2290685332
-0.005239055306
-0.2290738508
-0.005412261188
-0.004812540843
-0.4895665984
-0.005277840938
0.4900318985
-0.00572866023
-0.489121168
-0.006154053035
0.4895465608
-0.003304572455
-0.003244877444
0.2441431092
-0.2440591206
0.003322989564
0.003616199705
0.2438745832
-0.003701401953
0.2437705517
0.003611554738
-0.2434459537
0.2435321752
-0.003787623448
-0.2433563333
-0.003900946306
-0.004024809784
0.003949213612
0.2426396173
-0.2422047169
0.2422765051
-0.004096597942
-0.2421298862
-0.004222580179
-0.004274252513
0.004223880052
0.2408651847
-0.2401051176
0.240140841
-0.004309975986
-0.2400669778
-0.004447112975
-0.004317271481
0.004321629125
0.233552832
-0.2281967816
0.2282390467
-0.004359536555
-0.2281573984
-0.004492968501
-0.004623211129
0.004591032225
0.2283668292
-0.2290508027
0.2290427401
-0.004615148458
-0.2290578556
-0.004761375906
-0.00432252995
-0.4904849505
-0.004733375171
0.4908957958
-0.005129443848
-0.489943778
-0.005500953887
0.490315288
-0.002948269814
-0.00289599402
0.2444617236
-0.2443892792
0.002963366537
0.003221188551
0.2442302868
-0.003292396101
0.2440983635
0.003215196528
-0.243771634
0.2438456299
-0.003366391998
-0.2436948578
-0.003465670352
-0.003569420011
0.003504860836
0.2429136963
-0.2424749396
0.2425359072
-0.003630387591
-0.2424114783
-0.003740025008
-0.003777356562
0.003736675931
0.2410417046
-0.2402350525
0.2402626272
-0.003804931257
-0.2402056586
-0.003923409002
-0.003816931225
0.003812759085
0.2335570908
-0.2283811592
0.2284330607
-0.003868832693
-0.2283314172
-0.003983815967
-0.004091070051
0.004070717529
0.2284646065
-0.2290133696
0.229002103
-0.004079803474
-0.2290239441
-0.004204943642
-0.003888877682
-0.4912968623
-0.004252804705
0.4916607893
-0.004602048936
-0.4906628753
-0.004927869021
0.4909886954
-0.002636924023
-0.002590486853
0.2447379411
-0.2446750386
0.002649068153
0.002874812377
0.244537208
-0.002934504845
0.2443812005
0.002867740947
-0.2440518665
0.2441158106
-0.002998448996
-0.2439856113
-0.003086114896
-0.00317337348
0.003117911643
0.2431486503
-0.2427049094
0.2427569655
-0.003225429651
-0.242650775
-0.003321729438
-0.00334765776
0.003314632221
0.2411847284
-0.2403356004
0.2403570383
-0.003369095678
-0.2403127848
-0.003472489899
-0.003386914639
0.003375476142
0.2335923595
-0.2286000691
0.2286590204
-0.003445865916
-0.2285426577
-0.003546225758
-0.003634933446
0.003622769659
0.2285246093
-0.2289647904
0.2289513671
-0.003621510179
-0.2289777573
-0.003729955293
-0.003510318993
-0.4920172125
-0.003834149448
0.492341043
-0.004143633603
-0.4912942793
-0.004430871104
0.4915815168
-0.002366651239
-0.002326914874
0.2449792263
-0.2449241074
0.002378516766
0.002572852723
0.2448037142
-0.002625587085
0.2446270003
0.002567390853
-0.2442947344
0.2443504329
-0.002681285592
-0.2442371406
-0.002756736839
-0.002833083586
0.002785120918
0.2433513265
-0.242901714
0.2429464369
-0.002877806471
-0.2428552777
-0.00296037822
-0.002980113038
0.00295312244
0.24130131
-0.2404140495
0.2404308915
-0.002996955013
-0.2403961768
-0.003085167382
-0.00302076741
0.003003361044
0.233653435
-0.2288439919
0.2289079636
-0.003084739127
-0.2287810968
-0.003170398595
-0.003247555555
0.003241071057
0.2285584241
-0.2289087818
0.2288939513
-0.003232724999
-0.2289233218
-0.003324702654
-0.003184971359
-0.492659525
-0.003474956668
0.4929495103
-0.003751107577
-0.4918518564
-0.004006381469
0.4921071303
-0.002136524845
-0.002101879037
0.2451917947
-0.24514294
0.002149000928
0.002313247806
0.2450369981
-0.002362102361
0.2448424083
0.002310925428
-0.2445069233
0.2445558558
-0.002411034943
-0.2444564439
-0.002474592435
-0.002543784856
0.002502005221
0.243527356
-0.2430711963
0.2431098873
-0.002582475851
-0.2430311033
-0.002651869249
-0.002668762172
0.002646516687
0.2413970547
-0.2404759726
0.2404893974
-0.002682186946
-0.240461787
-0.002756029638
-0.00271166485
0.002689496699
0.2337353275
-0.2291055009
0.2291729212
-0.00277908512
-0.2290388086
-0.002850833976
-0.002921346061
0.002918782405
0.2285740975
-0.2288480219
0.2288323352
-0.002905659385
-0.2288635401
-0.00298225108
-0.002910756125
-0.4932362156
-0.003172609473
0.493498069
-0.003421243912
-0.4923485931
-0.003650446535
0.4925777958
-0.001945711981
-0.001912471908
0.245380435
-0.245336585
0.001956996417
0.002093541495
0.2452426025
-0.002139971513
0.2450326593
0.002094604579
-0.2446938252
0.2447371617
-0.002183307926
-0.2446492353
-0.002235851524
-0.00230033426
0.002263653353
0.2436813918
-0.2432181946
0.2432519291
-0.00233406875
-0.2431833223
-0.002391358779
-0.002407504869
0.002388973232
0.2414764498
-0.2405256529
0.240536571
-0.002418422889
-0.2405141855
-0.002479187488
-0.002452988772
0.00242714776
0.2338334857
-0.2293787396
0.2294483134
-0.002522562598
-0.2293096145
-0.002581655849
-0.002648908176
0.002648992038
0.2285773951
-0.2287845303
0.2287684192
-0.002632797074
-0.2288005654
-0.002695524789
-0.002685125084
-0.4937585143
-0.002924256582
0.4939976458
-0.003150588038
-0.4927958018
-0.003358549006
0.4930037628
-0.001789571219
-0.00175848607
0.2455495965
-0.2455097669
0.001800092845
0.001911886858
0.2454254017
-0.001956871472
0.2452022994
0.001916223259
-0.2448599604
0.2448987598
-0.001995670889
-0.2448201648
-0.00203851115
-0.002099949112
0.00206740258
0.2438174759
-0.2433468238
0.2433765494
-0.00212967475
-0.2433161866
-0.002176315154
-0.002192971558
0.002177290504
0.2415431932
-0.2405664557
0.240575602
-0.002202117849
-0.2405569298
-0.002251423208
-0.002241178015
0.002212589102
0.233943972
-0.2296589619
0.2297296421
-0.002311858229
-0.2295884858
-0.002359883085
-0.00242610535
0.002427909865
0.2285725098
-0.2287198526
0.2287036405
-0.002409893274
-0.2287360621
-0.002460601606
-0.00250705459
-0.4942379302
-0.002727779978
0.4944586556
-0.002936370913
-0.4932024295
-0.003127229312
0.4933932879
-0.001661546955
-0.001638983833
0.2457044726
-0.2456678546
0.001677249665
0.00176459737
0.2455904962
-0.001809697943
0.2453558863
0.001772638582
-0.2450095723
0.2450448805
-0.001845006198
-0.2449734924
-0.001879601246
-0.001939287575
0.001910001352
0.2439392551
-0.2434607357
0.2434873003
-0.001965852189
-0.2434334508
-0.002003441401
-0.002021366675
0.002007799468
0.2416004192
-0.240601119
0.2406090986
-0.002029346303
-0.2405928973
-0.002068927011
-0.002072283457
0.002041741949
0.234063443
-0.2299422432
0.2300131192
-0.002143159443
-0.2298713274
-0.002181878785
-0.002248394975
0.002251209736
0.2285625662
-0.2286551799
0.2286391386
-0.002232353723
-0.22867129
-0.002273012658
-0.002374849885
-0.4946809905
-0.002581990711
0.4948881313
-0.002777340983
-0.4935772534
-0.002955746705
0.4937556591
-0.001566213114
-0.00155135612
0.2458483072
-0.2458140721
0.001587124545
0.001650108432
0.2457422486
-0.001697702429
0.2454973193
0.001663382201
-0.2451465469
0.2451791967
-0.001730352181
-0.245113319
-0.001756186088
-0.001817027079
0.00179022061
0.2440499853
-0.2435631869
0.2435873557
-0.001841195899
-0.2435384806
-0.001869277664
-0.001891040692
0.001878936696
0.2416508442
-0.2406319166
0.2406392464
-0.001898370501
-0.2406244669
-0.001927815218
-0.001944593029
0.001912763439
0.2341890309
-0.2302251816
0.230295519
-0.002014930424
-0.2301546318
-0.002043829177
-0.002113768353
0.002117020963
0.2285500515
-0.2285915346
0.2285758847
-0.00209811838
-0.2286073035
-0.002128300846
-0.002288665286
-0.4950993913
-0.002484949862
0.4952956759
-0.002670257584
-0.4939292622
-0.002839982689
0.4940989873
-0.001501061575
-0.00149380719
0.2459841813
-0.2459516104
0.001527639271
0.001567135819
0.2458838379
-0.001619275985
0.245629735
0.001586928352
-0.245274035
0.2453047801
-0.001650021078
-0.2452429014
-0.001666714439
-0.001731265274
0.001706221876
0.2441525908
-0.2436571216
0.2436796068
-0.001753750481
-0.2436342848
-0.001771943588
-0.001799924208
0.001788666891
0.2416969492
-0.2406608343
0.2406679979
-0.001807087813
-0.2406536763
-0.001825995283
-0.001856195798
0.001823581531
0.2343184487
-0.2305050289
0.23057425
-0.001925416893
-0.2304354924
-0.00194393682
-0.002019946892
0.002023206535
0.2285369114
-0.2285297015
0.2285145837
-0.002004829132
-0.228544958
-0.002024104655
-0.002217769678
-0.4954944803
-0.002420954555
-0.002605898955
-0.494265424
-0.002774120187
-0.001464913952
-0.001457954482
-0.246083475
0.00149418744
0.001515322309
0.2460181288
-0.001572361949
0.2457559975
0.001541342745
-0.2453949251
0.2454244188
-0.001601855663
-0.2453651786
-0.001610529763
-0.001679589904
0.00165566526
0.2442497766
-0.2437453432
0.2437668212
-0.001701067822
-0.2437236748
-0.001710640019
-0.001745793176
0.001734634909
0.241741434
-0.2406899087
0.2406975537
-0.001753438116
-0.2406824917
-0.001762899374
-0.001805400633
0.001772438129
0.2344499153
-0.2307797406
0.2308471503
-0.001872810344
-0.2307115659
-0.001882140725
-0.001964193105
0.001967174439
0.2285243393
-0.2284700208
0.2284555373
-0.001949709589
-0.2284847743
-0.001959615237
-0.05235289444
-0.002954006778
0.00282345404
-0.002906951113
-0.05226939736
-0.05242063526
-0.05482964564
-0.003223080185
0.003100030504
-0.00321495239
-0.05471472375
-0.0547508017
0.004991057564
-0.002669625837
-0.1048743991
0.1057679089
-0.1053871066
0.004610255224
0.1061268877
0.004717952374
0.02327669313
-0.002981999905
-0.1086082936
0.1097644471
-0.1088856825
0.02239792855
0.1101912711
0.005114518606
0.1065205306
0.004810577536
-0.00529564229
0.00489516081
0.1069210121
-0.002852240786
0.1064347516
-0.05318726671
0.05329907671
-0.003135934259
0.003027598257
-0.003142408699
-0.05307245627
-0.05323833043
-0.002616256234
0.05205837973
0.05191880354
-0.002701274556
-0.003073550308
0.05368392738
-0.05341187281
0.05352971993
-0.003191397429
-0.003143078525
-0.0249209732
0.1106201096
0.005111490393
-0.005512751646
0.005082959192
0.111049902
0.1109631794
0.05425859229
0.003803316006
-0.003610089201
0.003844159553
0.05402452194
-0.002550948039
0.04521041616
-0.004417681929
0.02866881363
-0.03687570202
0.03848767475
-0.006029654655
-0.006361206434
0.024613251
0.02334479878
0.004684429693
0.01090677283
-0.01148676587
-0.200990582
-0.006739240844
0.002576566716
-0.003518300014
0.003737502292
0.002719733575
-0.002018471482
0.1979569647
0.1977830931
-0.1956158512
-0.002730864312
0.001466476764
-0.001118843931
0.001014857979
-0.001196933134
0.1970104818
0.1966120586
-0.206156766
-0.002978571512
0.00168315362
-0.002490609442
0.003606636833
0.2102397337
0.2111941269
-0.1976200457
-0.02006265881
0.01365073857
-0.01274642035
0.0144938488
0.0118363492
-0.1938189822
-0.01100462565
0.1946092704
-0.19552976
0.1938855727
0.1965709109
-0.002652700651
-0.1938845754
-0.01784486953
0.01031478741
-0.009854447641
0.009673788477
-0.199667267
-0.009843529116
0.1962881531
-0.1964781323
0.196177172
0.1967657065
-4.437520448e-06
-0.2095367073
-0.01924896897
0.01042444809
-0.0114715933
0.01304093455
-0.2187129297
0.2152260956
-0.2136591811
0.216416892
0.2123269449
-0.004171790943
-0.05274746929
-0.003081994365
0.05285517023
0.002945564125
-0.003050859695
0.00314774907
-0.05225218637
0.05256454431
-0.05246765493
0.05266359805
0.05237272557
-0.05228093763
-0.003107406051
-0.1971693587
-0.01575438085
0.01308101091
-0.01354188551
0.01237486884
0.01376209236
-0.1915569947
-0.01375201577
0.1935914114
-0.1933831798
0.1941680973
0.1934955827
-0.01121953049
-0.1920164602
-0.01637950555
0.01352597764
-0.01309845618
0.01248853788
-0.1988881407
-0.01169825993
0.1944357661
-0.1950577201
0.1938566601
0.195656573
-0.009455909654
-0.2082161858
-0.01242040026
0.01072998971
-0.009578466923
0.008213570688
-0.2216418341
0.2140838506
-0.2154534658
0.2123512128
0.2162754494
-0.006557660979
0.05501082126
-0.05488870025
-0.003362700152
0.05513751245
-0.003496613421
0.05506489427
-0.2034990946
-0.02275449193
0.01914970721
-0.02149615358
0.01650368453
0.02348626244
-0.1935580549
-0.02507316824
0.1986081527
-0.1966296253
0.2011359993
0.1951659682
-0.02131605696
-0.1925782628
-0.03024128542
0.02621806513
-0.02689343235
0.0270839994
-0.1958157899
-0.02678498492
0.1934243732
-0.1932482886
0.1940531133
0.1934272444
-0.02320203347
-0.2025374761
-0.02973812252
0.02600530616
-0.02477011486
0.02312718413
-0.2135275723
-0.02115675911
0.2069433557
-0.2085968668
0.2056426315
0.2104570057
-0.01825113088
-0.2201345802
-0.02317442608
0.01897598275
-0.01674445276
0.01474412277
-0.2280761553
-0.01319922122
0.2236789092
-0.225682922
0.2220762169
0.2276975318
-0.009083385469
-0.2060789962
-0.01792538611
0.01113070675
-0.01141957631
0.2076747825
-0.2045838319
0.2108044761
0.20157785
-0.105177351
-0.2183187725
-0.02157123176
0.01849633164
-0.02300872094
0.0138249154
0.02725794501
-0.2032167903
-0.03114985265
0.2121555269
-0.2079144474
0.2169229349
0.2042367383
-0.02730618738
-0.2006857476
-0.03846184749
0.03460501399
-0.03756251078
0.03998192133
-0.1974333305
-0.04184456022
0.1993883915
-0.1969828536
0.2024452354
0.195218101
-0.03754052208
-0.2021744082
-0.04745617891
0.04315484364
-0.04394162207
0.0442618876
-0.2080992664
-0.04420702309
0.204821557
-0.2045156119
0.2057626417
0.204807729
-0.03933525444
-0.2156123601
-0.04939963882
0.0439177352
-0.04355162504
0.04299440859
-0.2223606371
-0.04129803637
0.2194688685
-0.22003724
0.2190292084
0.2208743402
-0.03612783593
-0.2079317522
-0.04628202157
0.0385175266
-0.03956431447
0.2201494741
-0.2171271274
0.2229026205
0.2139756325
-0.2364646872
-0.009722111578
0.009491547039
-0.01181109312
0.009075631816
0.01769913202
-0.2219620042
-0.02349308241
0.2336641967
-0.227777974
0.236727685
0.222156581
-0.02160905574
-0.2184299733
-0.03032856625
0.02905867196
-0.03429534223
0.03912074459
-0.2087286624
-0.04347301988
0.2152434729
-0.2104269196
0.2204986916
0.2061378305
-0.0412455079
-0.2116977948
-0.04861692501
0.0473143214
-0.05063445284
0.05345546239
-0.2115475199
-0.05582174039
0.2123761696
-0.2095673807
0.2157129982
0.2073493658
-0.05325805597
-0.218040406
-0.05815903297
0.05770102322
-0.05870393874
0.0580969018
-0.2144854161
-0.05645781537
0.2174153408
-0.2180343379
0.2168476362
0.2185789581
-0.05677502952
-0.2170695957
-0.06039876182
0.0567740145
-0.05946839694
0.2284284533
-0.2271045796
0.2292597425
0.2252521286
-0.2379725004
-0.008894301623
0.008753475116
-0.009103616191
0.008404708843
0.00945477162
-0.2373318441
-0.009805871075
0.2378380604
-0.237486905
0.2381715502
0.2371169986
-0.009684864422
-0.2372803956
-0.01021630459
0.01015558197
-0.01165701563
0.01666063625
-0.2285432268
-0.02223375256
0.236859225
-0.2318563795
0.2373713349
0.2260783327
-0.02427045033
-0.2292158221
-0.02368732508
0.02746062048
-0.03227434859
0.03661351766
-0.2235377242
-0.04035641706
0.2279382077
-0.2236042956
0.2323736399
0.2194899551
-0.04351589272
-0.2230521427
-0.03665340773
0.04317777504
-0.04466200124
0.04524217228
-0.2123029811
-0.04650087045
0.2171614722
-0.2165881085
0.2182372708
0.2165153605
-0.05112323665
-0.2251443254
-0.04268246137
0.04876228625
-0.05022280368
0.2297217664
-0.2298014825
0.2295291342
0.2296820296
-0.2392144725
-0.008043564761
0.007968503577
-0.008256596807
0.007678034621
0.008542059607
-0.2386275074
-0.008824042625
0.2390741651
-0.2387887023
0.239345236
0.2384881503
-0.008767492242
-0.2384754317
-0.009100933137
0.009101655839
-0.009374232381
0.009641603039
-0.2376828631
-0.009904057854
0.2382250271
-0.2379576564
0.2384765955
0.2376735403
-0.009932293273
-0.237407102
-0.010063759
0.01016091762
-0.01040579316
0.01061681665
-0.2363490233
-0.01074649731
0.2371179736
-0.2369069501
0.2373073737
0.2365248219
-0.01113342315
-0.2287498881
-0.01023763585
0.01074035037
-0.01061711773
0.01081605473
-0.2189758624
-0.01158106759
0.2217630624
-0.2215640432
0.2217990128
0.2197420792
-0.01838219546
-0.2281067791
-0.01128197379
0.01241791996
-0.0127447126
0.2289485136
-0.229036891
0.2289669666
0.2292869852
-0.2402362046
-0.007220994488
0.007187090519
-0.007424243098
0.006945500703
0.007656893649
-0.2396695617
-0.00788449047
0.2400801464
-0.2398474959
0.2403013361
0.2396027987
-0.0078717325
-0.2394200984
-0.008072923872
0.008106567187
-0.008322876174
0.008533298659
-0.2386395389
-0.008737245606
0.2391470211
-0.2389365986
0.2393455628
0.2387134855
-0.008798187938
-0.2382101135
-0.008810556553
0.008932138349
-0.009109912552
0.009250304339
-0.2367586178
-0.009317910997
0.2377726352
-0.2376322434
0.2379003538
0.237477867
-0.009569809121
-0.2283847404
-0.008890919606
0.009286752959
-0.009209214436
0.009290514268
-0.2208834228
-0.009644785168
0.222008441
-0.2219271412
0.2220985654
0.2218561516
-0.009607558558
-0.2286020998
-0.009699187542
0.009972531238
-0.0100665485
0.229011619
-0.2289995892
0.2290209267
0.2289846599
-0.2410791358
-0.006451510207
0.006441126216
-0.006637071788
0.006239783217
0.006827770632
-0.2405130196
-0.007012953849
0.2409028301
-0.2407121313
0.2410845352
0.2405118093
-0.007029946192
-0.2401752681
-0.007144813421
0.007192456551
-0.007366208294
0.007533981734
-0.2393864981
-0.007694758091
0.2398782617
-0.2397104883
0.2400371977
0.2395331457
-0.00777461812
-0.2388022541
-0.00772019524
0.007845351305
-0.007977492449
0.008073805657
-0.2369740341
-0.008108247624
0.2382187302
-0.238122417
0.2383064335
0.2380166033
-0.008353395597
-0.228143407
-0.007753137753
0.008068954655
-0.008018745551
0.008128504931
-0.2222220051
-0.008430534344
0.2224105242
-0.2223007649
0.2225248598
0.2221964141
-0.008403674136
-0.2288588461
-0.008399365847
0.008651451361
-0.008701168661
0.2290337343
-0.2290318257
0.2290335356
0.229027619
-0.2417778654
-0.005743995011
0.005750513703
-0.005913249303
0.005582251186
0.006070712284
-0.2412016902
-0.006222819845
0.2415802337
-0.2414227707
0.2417305559
0.2412576606
-0.006254556015
-0.2407867395
-0.006313758908
0.006369572189
-0.006510958075
0.00664664546
-0.2399786682
-0.006775301653
0.2404664462
-0.2403307588
0.2405954137
0.2401878228
-0.006860095312
-0.2392454978
-0.006768372768
0.006893283397
-0.006992545792
0.007058619631
-0.2370787926
-0.007073242672
0.2385249574
-0.2384588835
0.2385850728
0.2383862424
-0.007300534559
-0.2280074274
-0.006785002173
0.007035645016
-0.007011150453
0.007134811371
-0.2233536685
-0.007386522182
0.2228878482
-0.2227641872
0.2230134216
0.2226429596
-0.007370967956
-0.2289926922
-0.007306623823
0.007535668362
-0.007561024299
0.2290218969
-0.2290274693
0.2290148105
0.2290313968
-0.2423604556
-0.005102399791
0.005121302776
-0.005257372477
0.004979911147
0.005388463374
-0.2417692817
-0.00551462601
0.2421422974
-0.2420112065
0.2422676442
0.2418740641
-0.005552520513
-0.2412880666
-0.005575287
0.005635956014
-0.005752439984
0.005863576919
-0.2404545472
-0.005967692792
0.2409458759
-0.240834739
0.2410517452
0.2407180283
-0.006050573621
-0.2395797082
-0.005937982307
0.006060930395
-0.006135958324
0.006181139011
-0.2371183953
-0.006184609345
0.2387346139
-0.2386894332
0.2387756674
0.2386397295
-0.006389226478
-0.2279678746
-0.005955930799
0.00615403595
-0.00615247961
0.006280787211
-0.2242906085
-0.006487114841
0.2233964678
-0.2232681602
0.2235248501
0.2231403288
-0.006483091355
-0.2290555115
-0.006379073857
0.006587465965
-0.006598244749
0.2289856707
-0.2289965875
0.2289736888
0.229006337
-0.2428495311
-0.004528699013
0.004552544979
-0.004667090383
0.004433058219
0.004777104673
-0.2422415837
-0.004882727727
0.2426124554
-0.2425024411
0.2427178649
0.242387612
-0.00492219403
-0.2417037808
-0.00492504986
0.004984085528
-0.005081076448
0.005172972461
-0.2408407176
-0.005257872308
0.2413408694
-0.2412489734
0.2414285857
0.2411527
-0.00533607745
-0.2398330763
-0.005216841732
0.00533202655
-0.005389031523
0.005419829436
-0.237122581
-0.005417758975
0.2388776681
-0.2388468702
0.2389056409
0.2388129787
-0.005598706341
-0.2280108761
-0.005245028563
0.005396507073
-0.005414157454
0.005541073935
-0.2250551843
-0.005708357471
0.2239076043
-0.2237806878
0.2240335121
0.223653039
-0.005714804271
-0.2290741559
-0.005589761532
0.005775483374
-0.00577696429
0.228932215
-0.2289468795
0.2289168146
0.2289607281
-0.2432630163
-0.004019783257
0.004044382791
-0.004141487354
0.003942799522
0.004234567135
-0.242638314
-0.004323799948
0.2430089951
-0.2429159153
0.2430983766
0.2428189569
-0.004362973031
-0.2420518181
-0.004354896216
0.004409268733
-0.004490728114
0.00456727058
-0.2411563531
-0.004636939288
0.2416689853
-0.2415924428
0.2417421778
0.241512387
-0.004710117629
-0.240026224
-0.0045913711
0.004696269841
-0.004739822553
0.004760814867
-0.2371104324
-0.004756733629
0.2389751461
-0.2389541538
0.2389942318
0.2389310611
-0.004915584863
-0.2281210797
-0.004633547536
0.004745311973
-0.004778346156
0.004900327244
-0.2256735374
-0.00503513494
0.224403677
-0.2242816959
0.2245240861
0.2241582819
-0.005050845121
-0.2290638025
-0.00491562377
0.005079549267
-0.005074818643
0.2288668263
-0.2288840592
0.228849099
0.228900739
-0.2436150527
-0.003569999863
0.003593294236
-0.003676171724
0.003506426688
0.003755520348
-0.2429745131
-0.003831503048
0.2433461103
-0.2432667616
0.2434224678
0.2431842254
-0.00387015971
-0.2423453677
-0.003855365855
0.003904114926
-0.003972977557
0.004037092486
-0.2414159032
-0.004094564196
0.2419432868
-0.2418791719
0.2420046929
0.2418121756
-0.004163594234
-0.2401742979
-0.004048203321
0.004142282179
-0.004175739096
0.004190125197
-0.2370937683
-0.004186143561
0.2390417743
-0.2390273882
0.2390548908
0.2390115884
-0.004325775794
-0.2282839797
-0.004105062539
0.004184026049
-0.004228959104
0.004344173772
-0.2261713464
-0.004452554259
0.2248750431
-0.2247598284
0.2249884694
0.2246428078
-0.004476557214
-0.229033761
-0.004337062937
0.004481348998
-0.004472369885
0.2287934493
-0.2288123652
0.2287742163
0.2288309325
-0.2439168795
-0.003176280342
0.003197671371
-0.003268920981
0.00312289886
0.003337080352
-0.243261603
-0.003402262213
0.2436348721
-0.2435667128
0.2437005804
0.2434959431
-0.003437161666
-0.2425944722
-0.003420900292
0.003464369897
-0.003522934909
0.00357693648
-0.2416304445
-0.003624598945
0.2421738529
-0.2421198513
0.2422256401
0.2420634962
-0.003686742776
-0.2402884948
-0.003579139173
0.003663186695
-0.003689054303
0.003699061615
-0.2370794764
-0.003696337772
0.2390878023
-0.239077795
0.2390969804
0.2390668576
-0.003815868657
-0.2284869359
-0.003649705728
0.003702448971
-0.003756324205
0.00386419106
-0.2265717711
-0.003951500071
0.2253176399
-0.225209773
0.2254236916
0.2251000325
-0.003978573257
-0.2289902141
-0.003841980785
0.003969512463
-0.003957623512
0.228715011
-0.2287349634
0.2286948757
0.2287547124
-0.2441775225
-0.002833856698
0.002853586245
-0.002915298088
0.002788767749
0.002974283029
-0.2435084915
-0.00303059268
0.2438840259
-0.243825041
0.2439409684
0.2437639363
-0.003059553677
-0.2428070652
-0.003044873376
0.003084056017
-0.003134155661
0.003179891386
-0.2418086952
-0.003219634068
0.2423686862
-0.2423229505
0.2424125877
0.2422753085
-0.003273071606
-0.2403772038
-0.003175577567
0.003251021485
-0.003271186999
0.003278369703
-0.237071201
-0.003277464929
0.2391203672
-0.2391131845
0.2391270272
0.2391054148
-0.00337686536
-0.2287194121
-0.003258095003
0.003290517809
-0.00335090956
0.003451572145
-0.2268948991
-0.00352231668
0.2257309889
-0.2256303264
0.2258298981
0.2255279202
-0.003548272115
-0.2289375279
-0.003419053163
0.003532863366
-0.003519024176
0.228633668
-0.2286541826
0.2286130759
0.2286745896
-0.2444042964
-0.002540296183
0.002556111997
-0.002609975502
0.002499487409
0.002661398199
-0.2437222663
-0.002710377151
0.2441005778
-0.2440491551
0.244150319
0.2439959881
-0.002734452563
-0.2429895478
-0.002723654491
0.002756689833
-0.002799800698
0.002838756811
-0.2419576034
-0.002872087177
0.2425342368
-0.2424952807
0.242571691
0.2424547641
-0.002918323066
-0.2404467836
-0.002832506865
0.002897786551
-0.002913678675
0.002919125738
-0.2370705956
-0.002920247535
0.2391444735
-0.2391390264
0.2391496152
0.2391332292
-0.003002752266
-0.2289729437
-0.002925076314
0.002938956742
-0.003003936867
0.003097940424
-0.2271574708
-0.003155790825
0.2261167219
-0.2260227184
0.2262091583
0.2259271412
-0.003180316261
-0.2288788576
-0.003061639426
0.003161153407
-0.003146059768
0.2285509769
-0.2285717138
0.2285302293
0.2285924156
-0.2446032406
-0.00229197665
0.00230225505
-0.002349639843
0.002252409679
0.002394814811
-0.243908728
-0.002437730319
0.2442902897
-0.2442451147
0.2443340983
0.2441984756
-0.002457674039
-0.2431472352
-0.002452560361
0.002478129679
-0.00251547756
0.002548881732
-0.2420828069
-0.002577032128
0.2426758326
-0.2426424284
0.242708027
0.2426077344
-0.002617169865
-0.2405021153
-0.00254412745
0.002598254991
-0.002610972857
0.002615446045
-0.2370781457
-0.002618595944
0.2391636298
-0.2391591566
0.2391679522
0.2391544969
-0.002686846596
-0.2292409737
-0.0026448658
0.002641772712
-0.002709825215
0.002797939186
-0.2273731651
-0.002845874424
0.2264777582
-0.2263896442
0.2265645592
0.2263001221
-0.002868607285
-0.2288165105
-0.002762695201
0.002847671656
-0.00283184695
0.2284680182
-0.2284887325
0.2284473336
0.2285094752
-0.244779226
-0.002084658557
0.002090198613
-0.00213226296
0.002045942005
0.002172309868
-0.2440726284
-0.002210249507
0.244457873
-0.2444178261
0.2444968111
0.2443765792
-0.002224554809
-0.2432845688
-0.002226570843
0.002245801836
-0.002278441572
0.002307341831
-0.2421889087
-0.002331347752
0.2427979034
-0.2427690031
0.2428258298
0.242739059
-0.002364012889
-0.2405469805
-0.00230457089
0.002349087059
-0.002359496647
0.002363543818
-0.2370936857
-0.002368630692
0.239180312
-0.2391762649
0.2391843225
0.2391721536
-0.00242253415
-0.2295182387
-0.002411704168
0.002395233262
-0.002465158493
0.002548265115
-0.2275530239
-0.002588713781
0.226817465
-0.2267343583
0.2268994725
0.2266500612
-0.002606859734
-0.2287522594
-0.0025153752
0.002588123551
-0.002571963786
0.2283855945
-0.2284061128
0.2283651422
0.2284266986
-0.2449365675
-0.001915564483
0.001916885877
-0.001954693524
0.001877099665
0.001990628903
-0.2442180994
-0.002024570314
0.2446074849
-0.2445715495
0.244642541
0.2445346727
-0.002032547703
-0.2434054098
-0.002042547174
0.002056224601
-0.002085085038
0.002110392618
-0.2422797915
-0.002131140883
0.2429042598
-0.2428789522
0.2429287916
0.2428528241
-0.002155802909
-0.2405844046
-0.002110160542
0.002146229056
-0.002155031619
0.002159066344
-0.2371168071
-0.002165974561
0.2391963586
-0.2391923239
0.2392004406
0.2391883186
-0.002206123101
-0.2298004541
-0.002222106488
0.002195123396
-0.002265935392
0.002344887194
-0.2277059596
-0.002379783738
0.2271392682
-0.2270603164
0.2272172769
0.2269803939
-0.002391780749
-0.2286874463
-0.002315325309
0.002377665535
-0.002361471306
0.2283042934
-0.2283244863
0.228284207
0.2283447734
-0.2450794371
-0.001783340558
0.001778944069
-0.0018135006
0.001742495888
0.001846257644
-0.2443489223
-0.001877083586
0.244743014
-0.2447102569
0.2447750965
0.2446767843
-0.001878478813
-0.243513204
-0.001898816436
0.00190568767
-0.001931591401
0.001954106306
-0.2423588155
-0.001972366078
0.2429982602
-0.2429757453
0.2430201871
0.242952608
-0.001988989475
-0.2406168724
-0.00195884064
0.001985512741
-0.001993286557
0.001997618184
-0.2371469754
-0.002006181192
0.2392131536
-0.239208822
0.2392175966
0.2392045905
-0.002033577779
-0.2300839411
-0.002074178753
0.002037109456
-0.002107931356
0.002183438385
-0.2278390952
-0.002214339159
0.2274462163
-0.2273707092
0.2275209487
0.2272944215
-0.002219447201
-0.2286231729
-0.002160052377
0.002211365179
-0.002195399468
0.2282246206
-0.2282443639
0.22820501
0.2282642251
-0.2452112869
-0.001686233213
0.001675360071
-0.001707450306
0.001641465404
0.001737803851
-0.2444684548
-0.001766277134
0.2448677942
-0.2448374407
0.2448976657
0.2448065587
-0.00176123413
-0.2436110423
-0.001793185998
0.001792582397
-0.001816269025
0.001836715358
-0.2424289458
-0.001853181172
0.24308292
-0.2430624737
0.2431029578
0.2430415804
-0.001862089177
-0.2406464909
-0.001848134441
0.001865017606
-0.001872262057
0.001877131705
-0.2371834861
-0.0018871725
0.2392317501
-0.2392268804
0.2392367884
0.239222169
-0.0019030819
-0.2303656392
-0.00196569121
0.001919245756
-0.001989365994
0.002062066311
-0.2279582642
-0.002090258148
0.2277410106
-0.2276683102
0.2278130989
0.2275949782
-0.002088262442
-0.2285603552
-0.002046768653
0.002086968236
-0.002071438822
0.2281469784
-0.2281661858
0.2281279114
0.2281855275
-0.2453351196
-0.001621942337
0.001604264241
-0.001634603738
0.001572207492
0.001663257973
-0.2445796575
-0.001690074965
0.2449847657
-0.2449561114
0.2450131159
0.2449270843
-0.001679048232
-0.2437017733
-0.001723120165
0.001714776328
-0.001736942817
0.001756016291
-0.2424929144
-0.001771366307
0.2431610525
-0.243141979
0.2431799023
0.2431226263
-0.001773103184
-0.2406752027
-0.001775541597
0.001782513723
-0.001789718555
0.001795368569
-0.2372257073
-0.001806764323
0.2392530917
-0.2392474417
0.239258991
0.239242014
-0.001812515582
-0.230643106
-0.001894494722
0.001839502319
-0.001908358317
0.00197876933
-0.2280682136
-0.002005253036
0.2280259432
-0.2279555322
0.2280958318
0.2278845853
-0.001996363828
-0.2284996056
-0.001972581881
0.002002027215
-0.001987049072
0.2280715544
-0.2280902022
0.228053043
0.228108989
-0.2454536654
-0.001587886819
0.001565189469
-0.001594436096
0.001534321768
0.001622016468
-0.244685217
-0.001647797445
0.2450965714
-0.245068991
0.2450411755
-0.001629671175
-0.2437881868
-0.00168509716
0.001671546777
-0.001692912442
0.001711422669
-0.2425535778
-0.001726545266
0.2432356121
-0.2432171019
0.2431985698
-0.001719599947
-0.2407054318
-0.001739191933
0.001737894821
-0.001745772987
0.001752455726
-0.2372733016
-0.001764750607
0.2392783697
-0.2392716869
0.2392651405
-0.001759984586
-0.230915413
-0.001858868639
0.001797455375
-0.001865718041
0.001935602352
-0.2281723922
-0.001960628763
0.2283040081
-0.2282341238
0.2281653931
-0.001941541057
-0.2284407056
-0.001933664681
0.001956849043
-0.001942017331
0.2279981482
-0.2280164531
0.2280346413
0.002990485845
-0.05192434289
0.05218604572
-0.05210251099
0.05200146924
0.002829390726
-0.0519208523
-0.00296753615
0.002866494403
-0.002770502171
-0.05217340513
-0.05208380434
0.003322825084
-0.05460893465
0.05477436464
-0.05466649194
0.05455586553
0.02243974639
-0.05389578718
-0.0033162183
0.003205591887
-0.003094790324
-0.05460392219
-0.05402580231
0.05181035489
0.1050365808
0.004357429082
-0.00483378833
0.004483262543
-0.002572375541
-0.004135809247
0.1063180368
0.003803555806
-0.1055214554
0.1058689087
-0.1062351465
0.1065919069
0.004244017461
0.00389310676
0.1081691757
0.00501115094
-0.1077497907
-0.01562960113
0.01491309435
-0.004184796097
-0.01429347676
0.1094425159
0.01373735917
-0.1085465942
0.1091662118
-0.1081476531
-0.1099230976
0.1103287776
0.02164104273
0.02097163355
-0.004504705937
0.107756373
0.004132230566
-0.1069678921
0.107358347
-0.1077486079
-0.004973734469
0.004538767468
-0.004929028357
0.004168067561
0.005340529153
-0.002876292365
0.1073325129
0.003254625204
-0.05265857696
0.05299628329
-0.05288406678
0.05311538122
0.05277018475
0.003102416686
-0.003215395187
0.003101513155
-0.002993966946
-0.05296491006
0.1103802912
0.006703636459
-0.005936946797
0.006407559342
0.1099096787
-0.005841552145
0.09471569898
-0.00601775321
0.1127994243
0.005562218507
-0.1125371685
0.1129269747
-0.008572214633
0.08682297184
-0.1039648331
0.1049939975
0.007494035995
0.05259962977
-0.02580257541
-0.001361051862
0.001439812472
-0.001368727265
0.001215441031
0.02614991071
-0.05200002373
-0.0027807252
0.002657312951
-0.00273853314
0.002820155279
-0.05158213045
0.05183744059
-0.05175581845
-0.002771731563
0.02625803879
0.00149001644
-0.001346621194
0.001820385658
-0.001257400497
-0.001785224862
-0.02699232033
-0.0536723035
-0.01292439759
0.0043176
-0.004460183572
0.004612188115
-0.053094046
0.05349076116
-0.05333875662
0.05322194478
-0.003308209267
0.01422288182
0.0030435121
-0.003606666117
0.002658459334
-0.001216530986
-0.009087864315
0.001753299666
-0.02647895722
0.0262814219
-0.02628151686
0.02629547253
0.02621527288
-0.001797139302
0.001702665724
-0.02627807635
0.02624113449
-0.02626131016
0.02624477598
0.0262692137
-0.00168793516
0.00536796306
-0.02623751443
0.02647700071
-0.02634243598
0.02669738943
0.02626747381
-0.002992667346
-0.00467967866
0.004302845505
0.1112573438
-0.1107364393
0.1111397199
0.005461555127
0.1114744423
0.005037014856
0.1118873057
0.004970552843
-0.003666369827
0.05499722092
-0.05478819896
0.05496598869
-0.05512118968
-0.004040059386
0.003683147294
-0.003838348284
0.003504426996
0.003378901215
-0.002555924478
0.05356507487
-0.03986653036
-0.005474002843
0.004402133048
-0.005780988655
0.006674175544
-0.05049468367
-0.007081972655
0.04718993839
-0.04629675151
0.04532353477
-0.00700287139
0.0271493557
-0.006457737177
0.003659205649
0.02053295421
-0.03014600055
0.02231844034
-0.0220288801
-0.00212434809
-0.113217943
-0.006039435536
0.005799823082
-0.006090791398
0.003805032455
-0.1081253376
0.1088212751
-0.1084956572
0.1091782517
0.1081268085
-0.1078180487
-0.003775920039
0.1111934298
-0.1108516241
-0.003931159165
0.003357108377
0.05527030883
0.003548619143
-0.1067313759
0.1074516999
-0.1071491651
0.1067996668
-0.00347546028
0.02037567784
-0.1097152926
0.1105114679
-0.1099467737
0.1095117864
-0.01323273904
0.005460478465
-0.005602121149
0.1092793657
-0.1057168284
0.008184664499
0.1122596718
-0.005157239194
-0.1115332757
0.004643459047
0.004862679371
0.215750011
0.2156680391
0.01521992007
-0.2080805661
0.2136224426
-0.2142975886
0.2133548915
0.214845305
-0.006426748406
0.01142345384
-0.207451822
0.2156152494
-0.2144513405
0.2172377811
0.2136865675
-0.01040561015
0.01362005029
-0.2140239825
0.2249197982
-0.2218828727
0.2284130906
0.2193261654
-0.01352185195
0.00939783492
-0.2284484513
0.2350650996
-0.2343512145
0.2355075113
0.2320085722
-0.01110737171
0.008663637825
-0.236278232
0.2367489801
-0.2363497356
0.237136099
0.2359340672
-0.008809052445
0.008054739491
-0.2378164199
0.2382090013
-0.237865833
0.2385386208
0.2375073257
-0.008225366708
0.007382040208
-0.2391167699
0.2394580109
-0.2391586652
0.2397302442
0.2388582512
-0.007560632265
0.006695575544
-0.2402101478
0.2405191332
-0.2402564331
0.2407406703
0.2400106214
-0.00687517669
0.006028550653
-0.2411281191
0.2414169486
-0.2411864569
0.241597655
0.2409867723
-0.00620489367
0.005404244751
-0.2418997932
0.2421736917
-0.2419761941
0.242324229
0.2418115885
-0.005568560913
0.004829281681
-0.2425493461
0.2428138328
-0.242644787
0.2429404112
0.2425068441
-0.004978772247
0.004305011782
-0.2430988081
0.2433584765
-0.243213339
0.2434655918
0.2430969843
-0.004439257674
0.003833409368
-0.2435659665
0.2438239767
-0.243698981
0.2439151746
0.24360023
-0.003953679612
0.003412528373
-0.2439652223
0.2442235676
-0.2441156117
0.2443016797
0.244031278
-0.003520915618
0.003041847737
-0.2443082281
0.2445681966
-0.2444746186
0.2446355691
0.2444021441
-0.003137255197
0.002718370238
-0.244604641
0.2448670203
-0.244785574
0.2449256016
0.244722833
-0.002800307866
0.002437899684
-0.2448625197
0.2451278074
-0.245056559
0.2451794093
0.2450017095
-0.002508585396
0.002198280218
-0.2450888106
0.2453568974
-0.245295142
0.2454040193
0.2452460993
-0.002259112934
0.001998177374
-0.2452888204
0.2455591473
-0.2455066819
0.2456036718
0.2454610178
-0.002048386703
0.001834459547
-0.2454671268
0.2457399958
-0.2456951075
0.2457816026
0.2456517969
-0.001874498154
0.001703261548
-0.2456286202
0.2459065425
-0.2458648279
0.2459448084
0.2458250127
-0.001734514593
0.001604954149
-0.2457775609
0.2460606416
-0.2460219006
0.24609641
0.2459849619
-0.001628069888
0.001537707529
-0.2459171104
0.2462058259
-0.2461691799
0.2462396579
0.2461342507
-0.001553655889
0.001501321202
-0.2460504744
0.2463474371
-0.2463110298
0.246273575
-0.001508997129
5.66109962e-05
0.01674754135
-0.01672251556
2.782551085e-05
0.01229462897
-0.01226584349
0.007920311175
-0.007892485664
-6.979526501e-05
0.01675814188
-5.975900385e-05
0.01228459271
0.007860552171
-0.0002679886814
-0.01252015119
0.0123261398
-0.0001083357163
-0.007931020775
0.007771367811
-0.003723316496
0.00361498078
-0.004914800912
0.01064282061
-0.01457307488
-0.002033091403
0.007759161435
-0.01064087094
0.003534636146
-0.005567727548
3.388109692e-05
0.01670930636
-0.01668089126
1.07871896e-05
0.01227621086
-0.01225311695
0.007965201417
-0.007954414228
-0.002708547867
0.001107160549
0.00082608828
-0.0001521966094
0.01680349117
-0.01681615314
-0.0001317014208
0.01232725277
-0.01234774796
0.007798078785
-0.007929780206
-0.0004753717604
-0.008497173605
0.008100862259
-0.0001592070949
-0.004364513439
0.004048348775
-0.001261727036
0.001102519941
-0.0002580060952
-0.01343112774
0.0132491019
-0.0001148842186
-0.008707286922
0.008564165048
-0.004378963653
0.004264079435
-0.0002296037839
0.01669319151
-0.0001803068465
0.01227795583
0.007617771939
-2.658389218e-05
-0.01645197814
0.01645372538
-2.55930679e-05
-0.01205656684
0.01205557601
-0.007839601161
0.007814008093
-4.447740627e-06
-0.01644672164
-6.000069218e-06
-0.01205501451
-0.00784560123
-4.703935083e-05
0.01645767098
-4.31315888e-05
0.01205166825
0.007770876504
9.751447683e-05
0.01648813101
5.591393251e-05
0.0120932688
0.007826790437
3.111023296e-05
-0.01671094931
1.85920671e-05
-0.01225332532
-0.007873893597
7.342026954e-05
0.01678424264
4.483493093e-05
0.01231317805
0.007905387102
-0.0003774377336
0.0136242196
-0.0001622413681
0.008848414952
-0.009063611314
0.004495216794
-0.004657458162
1.856477186e-05
-0.01656035019
0.01657092123
9.007040844e-06
-0.01213419486
0.01214375259
-0.007831251781
0.007840258822
-4.300269066e-05
-0.01655974106
-3.489724632e-05
-0.0121423003
-0.007866149027
-0.0002768887602
-0.0127244654
-0.0001125531822
-0.008095356352
-0.003835869678
5.181846439e-05
0.01659301054
3.051019277e-05
0.01216506086
0.007870769015
-5.938066661e-06
0.01661060893
-1.116033023e-05
0.01217028313
0.007859608685
-0.0003641135466
0.01171819186
-0.01196975447
-0.0001615754592
0.007215266707
-0.007417804792
0.003136273532
-0.003297848991
-0.002789776721
-0.01617240757
-0.001464556327
-0.01196609133
-0.007032283875
-6.936389184e-07
-0.01644113947
-1.597057631e-06
-0.01205411109
-0.007847198287
5.522582344e-06
-0.01643708269
3.244940776e-06
-0.01205183345
-0.007843953347
1.680927291e-05
-0.01652792319
0.01655002411
7.284946489e-06
-0.01213525526
0.01214477959
-0.007881313358
0.007888598305
9.650938589e-05
5.452292171e-05
-0.000114193361
-9.130782028e-05
5.896300842e-05
2.439310366e-05
-0.0008014670662
0.008916455675
-0.009466406562
-0.0002953967766
0.004699547558
-0.005205617846
0.001470394151
-0.001765790927
-0.0005437012335
-0.0002086671147
-0.0002573811722
-0.000116253141
-6.311660107e-06
0.0165577671
-5.572166374e-06
0.0121440401
0.007883026139
-1.861690639e-05
-1.687711151e-05
-0.0003206068592
-0.01294577863
-0.000147257943
-0.008268705267
-0.00398312762
-2.66125119e-05
0.01662521485
-2.690833231e-05
0.01217057895
0.007832700353
-0.0003461259822
0.01148461359
-0.0001442147578
0.007013355483
0.002992058775
-0.0008973525653
-0.0005854880645
-9.411295078e-05
0.009194189009
0.004759392938
-0.004853505889
-0.0001019347764
-0.001411885005
0.002037269619
-0.005164520554
-0.0002750251625
0.001211957344
-0.002348817186
0.000289223366
-0.000564248529
-4.063679144e-05
0.01628386753
-0.01628375858
-3.259344111e-05
0.01194466965
-0.011952713
0.007718353038
-0.007750946479
-0.0004050316386
0.009779195953
-0.01009518618
-0.0001531114895
0.005471727415
-0.005723647563
0.001921721936
-0.002074833426
-7.717201242e-05
0.0004414779357
0.0002120513527
-0.0004220405795
-0.0001559310097
2.503683949e-05
-0.01637221147
0.01638988435
1.340580155e-05
-0.01201690693
0.01202853796
-0.007804836411
0.007818242213
1.316216143e-05
-0.01642190865
6.976449316e-06
-0.01204564774
-0.007836976897
2.755094418e-05
-0.01635156757
1.520042305e-05
-0.0120045564
-0.007789635988
3.329818059e-05
0.01629959298
1.754407607e-05
0.01196042375
0.007735897114
-0.0005764115965
-0.0002809518145
-0.000417535672
-0.01110441392
0.0108143972
-0.0001799341152
-0.006639588448
0.006401986893
-0.002715567783
0.002535633669
-0.0006502580277
-0.0002764909911
-0.0006706948093
-0.0003171317888
-0.000866413798
-0.006549569309
-0.0001875125168
-0.003027718466
-0.0007517610456
0.00777315255
-2.450500666e-05
-2.220607184e-05
0.000204251879
0.0001217138747
-0.0007043600229
-0.01053353564
-0.0002780274637
-0.006149980121
-0.002352860889
2.367210911e-05
0.01640692138
1.271676367e-05
0.01203949331
0.007830958976
1.217234467e-05
6.017920649e-06
4.112357775e-05
-0.01632642122
2.176061449e-05
-0.01198519344
-0.007767875373
5.674794772e-05
3.197825942e-05
-0.0004347795518
-0.0001827727794
-0.0007990108418
0.007337889205
-0.0002223234065
0.003471661341
0.0008801965349
-0.0005723783644
-0.0001284354893
)
;

boundaryField
{
    topAndBottom
    {
        type            calculated;
        value           uniform 0;
    }
    inlet
    {
        type            calculated;
        value           nonuniform List<scalar> 0();
    }
    outlet
    {
        type            calculated;
        value           nonuniform List<scalar> 
30
(
0.9951772623
0.9949999677
0.9943774078
0.9934003597
0.2458180762
0.2447364423
0.2442969166
0.2425838591
0.2417645544
0.2372997756
0.2345158595
0.228223056
0.2285184309
0.4961740198
0.4956976652
0.495075927
0.4944336452
0.4935812809
0.2461167687
0.24548286
0.2451239
0.2438092337
0.2432539247
0.2407142845
0.2392866773
0.2309793634
0.228368743
0.228427258
0.2279807053
0.24638367
)
;
    }
    wing
    {
        type            calculated;
        value           nonuniform List<scalar> 
70
(
0
0
0
-3.388131789e-21
3.388131789e-21
0
0
0
0
0
1.694065895e-21
0
0
0
3.388131789e-21
-3.388131789e-21
0
0
3.388131789e-21
0
0
0
0
-5.082197684e-21
1.694065895e-21
0
6.776263578e-21
3.388131789e-21
0
0
3.388131789e-21
0
1.694065895e-21
0
3.388131789e-21
0
0
0
3.388131789e-21
1.694065895e-21
0
6.776263578e-21
-3.388131789e-21
-5.082197684e-21
0
1.694065895e-21
-1.694065895e-21
1.694065895e-21
0
3.388131789e-21
0
6.776263578e-21
3.388131789e-21
-1.694065895e-21
0
6.776263578e-21
0
0
-6.776263578e-21
0
0
0
0
3.388131789e-21
0
0
5.082197684e-21
0
1.694065895e-21
4.235164736e-22
)
;
    }
    front
    {
        type            empty;
        value           nonuniform List<scalar> 0();
    }
    back
    {
        type            empty;
        value           nonuniform List<scalar> 0();
    }
    procBoundary1to0
    {
        type            processor;
        value           nonuniform List<scalar> 
49
(
-0.9255232138
-0.9247828334
-0.9234329803
-0.9210047074
0.007764640387
-0.4579734327
-0.4556486754
-0.4497106674
-0.002495387066
-0.05197375731
-0.05132887435
-0.02272728547
-0.2142150769
-0.1060846111
-0.1041892864
-0.105659013
-0.05151105349
-0.02706543553
-0.02649113668
-0.05115727873
-0.456876138
-0.4541945399
-0.2062302873
-0.200064592
-0.1958446021
-0.1959856633
-0.2019789547
-0.2053613952
-0.02630319695
-0.0268215845
-0.05183378521
-0.1967656608
-0.1987753826
-0.1991748843
-0.1971355247
-0.2130572095
-0.2091312379
-0.1047047798
-0.1051873225
-0.02563920505
-0.02587366062
-0.05168536144
-0.1065134851
-0.2111750967
-0.216762638
-0.00778155414
-0.01628371087
8.401590422e-06
-0.01195501193
)
;
    }
    procBoundary1to3
    {
        type            processor;
        value           nonuniform List<scalar> 
136
(
-0.005614271003
-0.02424405205
-0.004907569592
-0.00640630326
-0.005611483689
-0.005451680509
-0.003626576287
-0.00244395104
0.0004400319414
-0.01315555578
0.0006119460052
-0.004980081327
-0.003086094815
-0.006309186095
0.0004504730268
-0.003753419157
-0.02105782022
-0.01496153877
-0.0490438437
-0.0281988973
-0.06123898327
-0.05444704164
-0.0424943199
-0.05960530848
-0.01130042685
-0.03312193463
-0.009708495239
-0.01087271214
-0.008399167137
-0.009359935583
-0.007299537439
-0.008104483082
-0.006367091948
-0.007050714437
-0.005574361138
-0.006158404213
-0.004897896495
-0.005396185586
-0.004317829841
-0.004743209407
-0.003821845475
-0.004185439792
-0.003398461136
-0.003709669205
-0.003040891813
-0.003304042336
-0.002742010612
-0.002961497038
-0.002494922973
-0.002674889763
-0.002295238878
-0.002440232806
-0.002140441751
-0.002253030753
-0.002027701651
-0.002108818339
-0.0019540705
-0.002005182287
-0.001916221868
-0.001941213514
-0.00437281896
-0.05043703255
-0.008628679528
-0.008149671992
0.05312660558
-0.006982987563
-0.00639509843
-0.00608637529
-0.01130671319
-0.01234671156
0.0244246463
-0.0048993244
-0.004936052254
-0.006310161049
-0.005791965642
-0.005408211651
-0.01451130584
-0.0129559614
-0.04259431767
-0.03550006976
-0.06080168372
-0.05848278737
-0.05014896178
-0.0559117947
-0.01265650409
-0.02232570653
-0.01007857826
-0.01046263036
-0.008703077317
-0.009025022915
-0.007555451925
-0.007825940886
-0.006587327939
-0.006815121197
-0.005762299796
-0.005955051786
-0.005057585769
-0.005222375464
-0.004453454021
-0.00459658117
-0.003937671087
-0.004060054499
-0.003498509552
-0.003601103187
-0.003125322809
-0.003212023217
-0.002811132579
-0.002884916703
-0.002551445476
-0.002612211283
-0.002341278389
-0.002389606169
-0.002175656209
-0.002212492558
-0.002052231435
-0.002078776644
-0.001968401294
-0.001986042347
-0.001923712392
-0.001931521372
0.01067926819
-0.009195815492
-0.01038269142
-0.009601379042
-0.007709733923
-0.00593439634
-0.005168241412
-0.008907495446
-0.008106968172
-0.00728694531
-0.01385872786
0.0002149028075
-0.009314978863
0.0002325124728
0.0001702109962
-0.005023716882
)
;
    }
}


// ************************************************************************* //
