/*--------------------------------*- C++ -*----------------------------------*\
| =========                 |                                                 |
| \\      /  F ield         | OpenFOAM: The Open Source CFD Toolbox           |
|  \\    /   O peration     | Version:  v2012                                 |
|   \\  /    A nd           | Website:  www.openfoam.com                      |
|    \\/     M anipulation  |                                                 |
\*---------------------------------------------------------------------------*/
FoamFile
{
    version     2.0;
    format      ascii;
    class       volScalarField;
    location    "3.11";
    object      p;
}
// * * * * * * * * * * * * * * * * * * * * * * * * * * * * * * * * * * * * * //

dimensions      [0 2 -2 0 0 0 0];


internalField   nonuniform List<scalar> 
3019
(
-798.5070579
-990.2265313
-1052.198518
-1033.032349
-992.5193134
-937.3932341
-853.9362983
-807.6244859
-746.6781868
-727.0972456
-713.9168586
-707.4810345
219.1300453
-428.1661001
-658.7693821
-747.7672697
-781.1925656
-779.5382869
-743.1231083
-721.1048658
-679.9656521
-668.8554627
-660.7343706
-656.8326118
181.598046
-189.8832088
-409.7120609
-532.6693974
-604.2446638
-639.1316115
-636.7670501
-635.3290971
-611.6436978
-607.9498488
-604.6239139
-603.093859
133.8339974
-89.65876734
-263.1376604
-385.8580424
-470.1357257
-522.9845865
-542.1355264
-554.8711415
-544.9024543
-547.2545963
-548.0101977
-548.467013
109.2234874
-41.60783235
-176.110668
-286.2451091
-371.4927221
-430.0762652
-460.4952706
-481.9281748
-482.1572537
-488.9637877
-492.8738748
-494.7556092
91.48061846
-19.49394842
-126.9867565
-222.1505417
-299.002267
-355.8976249
-391.3912368
-417.4676597
-424.6562147
-434.3999125
-440.4641646
-443.308776
75.24829551
-13.16706831
-100.758933
-179.6403224
-245.5317186
-297.7189869
-334.0675957
-361.5224537
-372.7996473
-384.2010321
-391.5442969
-395.0256098
57.48933141
-13.80417187
-84.1359681
-148.824993
-204.9246124
-251.3652427
-286.3553515
-313.2624505
-326.5873563
-338.6424536
-346.5828827
-350.3582586
44.19718741
-14.21177863
-71.77074174
-125.4521872
-173.1907322
-213.975396
-246.3002799
-271.6736431
-285.6624691
-297.6560844
-305.6897471
-309.5208176
34.28988551
-14.20953202
-62.03377999
-107.0233964
-147.722726
-183.2808485
-212.4581577
-235.7667334
-249.5096355
-260.9802859
-268.7658574
-272.4861603
26.87432937
-13.86838763
-54.03219617
-92.02400341
-126.799089
-157.6724845
-183.6198207
-204.6499174
-217.5891165
-228.2628508
-235.5849462
-239.0879222
21.24319791
-13.26275119
-47.24249217
-79.49663739
-109.2596912
-135.9905473
-158.8263682
-177.5570212
-189.3827371
-199.1154177
-205.8492168
-209.0727024
16.90459601
-12.46425983
-41.34347683
-68.81536567
-94.3074541
-117.3947954
-137.327863
-153.8447515
-164.4083295
-173.1435635
-179.2283847
-182.1416672
13.51719118
-11.5331946
-36.12743894
-59.55391769
-81.3764256
-101.2609386
-118.5320111
-132.974293
-142.2289505
-149.9668027
-155.3857494
-157.9796238
10.84211794
-10.51659999
-31.45410274
-51.41282154
-70.05534412
-87.11832775
-101.9702394
-114.498166
-122.4537207
-129.2278161
-133.9916076
-136.2705692
8.706530099
-9.449847858
-27.22262799
-44.17182086
-60.03376475
-74.60056831
-87.2606665
-98.03648695
-104.7346811
-110.59636
-114.7315664
-116.7080148
6.982491633
-8.358850297
-23.35734863
-37.66405049
-51.0719279
-63.4178073
-74.09054504
-83.26774212
-88.76316713
-93.77132991
-97.31230143
-99.00252135
5.574748772
-7.261736169
-19.79805706
-31.75730569
-42.97687956
-53.33136405
-62.19866572
-69.91521043
-74.2646739
-78.47887093
-81.46248489
-82.88414075
4.409036293
-6.171234197
-16.49531549
-26.34434602
-35.59028718
-44.13105584
-51.36534827
-57.73838268
-60.98923684
-64.46740668
-66.92929747
-68.09910855
3.426177646
-5.096090368
-13.40727273
-21.33650442
-28.78451624
-35.6634453
-41.38058015
-46.52121375
-48.7277
-51.51935953
-53.49230965
-54.42691319
2.578361285
-4.041534857
-10.49612134
-16.65583388
-22.44934913
-27.82451655
-32.05602694
-36.06857007
-37.22708534
-39.38715406
-40.89553227
-41.60293702
1.825803408
-3.01006335
-7.726762147
-12.23072684
-16.47622247
-20.43329698
-23.27314084
-26.18543508
-26.50745667
-28.03319506
-29.10243892
-29.60807644
1.134956739
-2.001648813
-5.065654844
-7.994334424
-10.76527752
-13.37086871
-14.88205682
-16.78672037
-15.78980008
-16.70543713
-17.33623987
-17.58597829
0.4860566251
-1.013849025
-2.480538696
-3.884736553
-5.2246045
-6.519182279
-6.674058941
-7.547830683
-7.364410538
-7.808605551
-8.105634332
-8.312460107
-854.2052373
-891.9893928
-1104.777167
306.8196874
-807.2613979
170.1408176
-440.7230193
-997.8362746
290.3702762
318.7387961
-1028.231584
-72.19975686
-148.6048162
-203.049301
-512.2790053
-888.5352421
-1199.899855
-494.287277
-1249.098773
-1248.790301
-1272.081825
-402.3337135
194.4279765
-142.9932331
-327.9872982
-937.4166549
-1186.608211
-1201.186215
-160.9992246
-407.0243979
-130.4421029
348.8814342
-1448.023967
-1447.72225
360.029678
123.5457425
-1213.539444
-1041.139559
-1049.952824
-1045.351636
-1217.091115
-828.4604412
-997.0902754
-596.2470009
-617.2661191
-779.2166934
-407.0717164
-564.2644799
-498.1530443
-1228.541228
-1401.624084
-1433.085743
-1228.076783
-1122.630372
-1178.253509
-1002.232972
-994.3226055
-832.7346273
-1564.898506
-1553.002455
-1445.126605
-1433.78362
-831.6063854
-847.6460201
-672.1291933
-677.0120692
-774.1736407
-207.1274117
-354.4468305
-1569.053214
-1442.00903
-1517.59166
-1062.81012
-1059.576462
-1047.253466
-1160.518044
-867.4955052
-849.5350329
-834.0508496
-988.1035089
-931.8097662
-928.8744404
-600.9859466
-656.3042368
-655.0360976
-476.7967683
-481.4565558
-529.5430491
-1370.304709
-1371.493999
-1426.254694
-1240.344607
-1301.677921
-1311.062615
-1168.929466
-1127.653904
-1112.508956
-1064.921286
-1048.366039
-995.6105152
-526.7887935
-621.3931919
-856.6216611
-534.7853517
-710.1805238
-1047.184213
-743.2150203
-802.2677764
-1040.519693
-813.4980656
-831.0798053
-1004.102885
-831.52304
-823.5668928
-952.3315631
254.2472943
6.792314495
-104.337665
-230.0767943
-415.9390809
-620.149382
-459.6750707
-555.7719149
-732.3251022
-579.4165283
-632.0529814
-776.3652749
-644.3664126
-668.1030409
-782.6255313
201.7564913
275.5225822
143.5053856
-50.39583
-110.9334481
-107.9124812
-253.4974323
-366.5542191
-293.3831843
-390.8714052
-507.8296788
-417.3151142
-482.4522715
-590.0832008
-499.875377
-539.8983122
-633.3354764
153.8923099
184.4164713
114.2935683
-10.95312576
-37.62582438
-50.62985447
-160.5885499
-224.9761263
-193.5842418
-281.5279601
-359.264621
-307.3386738
-374.6318155
-452.1295008
-393.5869633
-439.3675066
-512.3551587
123.5132137
145.1234699
95.5766736
6.691202536
-4.869542655
-23.19593661
-109.4148772
-144.6849125
-136.6193911
-212.4263223
-261.0329398
-235.5584195
-297.3121611
-352.6102015
-315.0359154
-360.0238837
-417.6341188
98.53751734
117.1206055
79.25437132
9.734702548
8.5132919
-13.65381396
-83.41646205
-101.0394624
-105.9278161
-169.4484858
-199.8096333
-188.95236
-241.8104892
-281.7629706
-257.4978113
-298.8363406
-343.2566791
78.14060421
92.78123174
61.73080799
5.33842698
9.348397594
-13.60789139
-69.67403774
-79.41497783
-87.80419376
-139.5295034
-161.0427711
-155.7028196
-200.4982436
-230.3707366
-214.1171389
-250.9119255
-285.789959
61.55949653
73.52745333
47.19058047
1.21317202
4.127332225
-14.15012673
-59.75076065
-66.92684331
-74.56879861
-117.2470652
-133.3745777
-130.7554718
-168.7195276
-191.7980646
-180.452982
-212.7135212
-240.5805949
48.78545626
58.02040059
36.50097722
-1.532645933
0.4177705632
-14.2447744
-51.98346409
-57.64571261
-64.27853951
-99.89720355
-112.5232849
-111.2617053
-143.5223131
-161.8917009
-153.6077513
-181.6850597
-204.3802771
39.03979095
46.10211915
28.53736315
-3.324327427
-2.058052703
-13.98143385
-45.58897102
-50.27748484
-55.90287963
-85.89256393
-96.12848334
-95.51163443
-123.0087262
-138.0125275
-131.6747191
-156.0174039
-174.8361032
31.49078084
36.9731587
22.51361539
-4.423886029
-3.655716932
-13.43488637
-40.12798656
-44.14861084
-48.84626093
-74.25637508
-82.79055487
-82.43505428
-105.9285266
-118.4553639
-113.3754147
-134.4294106
-150.2901991
25.5553924
29.87402643
17.88881333
-5.019735482
-4.613913475
-12.67843063
-35.34189716
-38.87573055
-42.74750252
-64.36449655
-71.63894116
-71.33852481
-91.43934636
-102.0898282
-97.83696323
-116.009626
-129.5669613
20.82573849
24.27291515
14.28923188
-5.250462672
-5.107139098
-11.77559804
-31.06998193
-34.23055209
-37.37589048
-55.80065292
-62.11203469
-61.75412051
-78.95384173
-88.14892287
-84.44408638
-100.0928087
-111.8263792
17.01240728
19.79584042
11.45449897
-5.217254627
-5.263603708
-10.77665293
-27.20742988
-30.06925472
-32.57758203
-48.27773486
-53.83156672
-53.35616971
-68.05215007
-76.09369231
-72.75299649
-86.18536463
-96.45182022
13.90423927
16.17612218
9.197545376
-4.994632788
-5.17691602
-9.7196986
-23.68091496
-26.2966738
-28.24362336
-41.58811991
-46.53401178
-45.90767526
-58.42236268
-65.53582287
-62.43156644
-73.90894555
-82.98291107
11.34220601
13.21778033
7.380542483
-4.637749568
-4.916182294
-8.632772531
-20.43586377
-22.84501814
-24.29285083
-35.57589994
-40.02663524
-39.22998187
-49.82584677
-56.18422776
-53.22422923
-62.96693356
-71.06419533
9.207311575
10.77246856
5.901379197
-4.187271159
-4.532575553
-7.535814377
-17.42942556
-19.6633862
-20.66204106
-30.11984119
-34.16392996
-33.18385961
-42.07450253
-47.8153178
-44.92852203
-53.12041751
-60.41623907
7.404828483
8.72883749
4.681229193
-3.673451889
-4.063748278
-6.442692098
-14.62587344
-16.71078914
-17.29931134
-25.12161663
-28.83079788
-27.65635507
-35.01447198
-40.25006639
-37.37790657
-44.16676786
-50.81015235
5.856876863
6.996674351
3.657517733
-3.11936892
-3.537938077
-5.363097638
-11.9948567
-13.95306172
-14.16127259
-20.50038077
-23.93385767
-22.55487043
-28.52076211
-33.34232782
-30.43762393
-35.94447966
-42.05138211
4.500101579
5.501977728
2.779931226
-2.542416672
-2.97670088
-4.303054215
-9.508715073
-11.36078359
-11.20925577
-16.18586309
-19.39558888
-17.79929298
-22.4873469
-26.97320088
-23.99491931
-28.33140548
-33.99095471
3.281875371
4.184444146
2.00696438
-1.955625269
-2.396218292
-3.265729463
-7.141461933
-8.906766663
-8.407677281
-12.1143587
-15.14761839
-13.31679736
-16.81462754
-21.03923268
-17.94121013
-21.1878514
-26.50978254
2.156579195
2.993490224
1.303372453
-1.368279982
-1.808558393
-2.251652086
-4.867653632
-6.565222606
-5.722499109
-8.226146294
-11.12735685
-9.039130384
-11.40845021
-15.44156095
-12.17347131
-14.38495619
-19.46154505
1.088603884
1.885186722
0.6433219087
-0.7867884054
-1.222105673
-1.260205403
-2.663801606
-4.310983332
-3.122401557
-4.466827214
-7.27625271
-4.904300726
-6.184068856
-10.08847914
-6.599486125
-7.811013122
-12.72558828
0.09363593546
0.8293860157
-0.07026040224
-0.3965782849
-0.6407612358
-0.4716302291
-0.6882345624
-2.119444203
-0.762116973
-0.9903625067
-3.539718688
-1.067875561
-1.303090345
-4.895687659
-1.382805299
-1.647218187
-6.188133619
-903.7680793
-897.5522688
-847.6425881
-906.0840768
-996.4333132
-986.5300891
-1442.831456
-1464.964509
-1050.584606
175.7628254
430.4269632
-784.2513241
-627.0710803
-685.5081731
46.09469896
-28.97372721
105.1551167
-640.5169496
-478.6130817
-241.2054178
-921.4963463
-576.7340698
-720.4605958
334.4770645
369.1443184
-1172.563423
-1191.660381
-953.4968359
-1273.839143
-1283.773923
-1544.60083
-1537.61911
-11.31074663
64.62096685
-1.111087195
-229.1496436
-177.730717
-92.14791397
-342.4818299
-551.1754228
-440.9256482
-628.3584624
-568.8512992
-440.1643616
-878.0094799
-707.5139225
-754.3858316
-1199.794275
-1151.911935
-1151.484286
-367.606015
-429.8677527
-420.8687356
-589.4211134
-577.6862381
-430.8333307
-1301.196892
-1301.297964
-1246.654678
-1273.002696
-1365.781342
-1396.745196
-1358.872731
-1361.856885
-1272.289568
-1451.659433
-1445.964232
-364.1688419
-269.4807552
-313.9430693
-261.9262846
-310.2058259
-33.05521409
-161.9209059
72.77389503
64.99919743
251.8506417
-185.5309791
-71.56566739
-41.26364175
-187.1315538
-121.1230809
-244.3253023
-1019.295883
-1007.382517
-921.2848159
-1182.895893
-1094.559669
-1102.398182
-1081.697897
-1087.479531
-1179.320583
-230.3587385
-136.8749859
-64.58701325
-325.7865219
-224.3847559
-312.9636326
56.24301379
-122.9199996
-233.3402998
361.9343331
476.2357191
447.8211299
-1499.168147
-1502.954301
-1446.764515
134.9838908
53.29260486
275.7128216
209.0997723
289.4696946
64.10565529
134.4352127
197.4261792
-1157.006853
-1153.498774
-1202.070709
-1043.095161
-1095.042383
-1085.526139
-1101.827372
-1098.910352
-1046.252674
-666.5594737
-656.7571251
-607.9448738
-776.9721904
-703.5689553
-719.9219773
-459.1530205
-443.3776856
-387.9619317
-549.6075095
-495.2895493
-510.9785588
-1409.65265
-1360.862174
-1353.978599
-1184.421411
-1361.459597
-1433.530957
-1316.590077
-1341.489409
-1184.439541
-997.9910868
-947.3962578
-951.9802948
-935.5044755
-942.4881663
-994.5045217
-839.9661555
-889.673781
-880.2356187
-1441.497425
-1490.031318
-1495.28877
-1481.793408
-1485.542364
-1439.740185
-1531.580851
-1528.235569
-159.5150733
-212.8890886
-257.1521142
-234.6932887
-184.1683285
-333.2368344
-282.2808914
-303.2416423
-977.0124505
-944.1552771
-908.1229557
-876.38388
-848.4705311
-825.729758
-706.5960711
-729.4373939
-816.9056652
-818.6355868
-864.7507378
-1017.994455
-939.7364901
-950.0264564
-1050.444027
-955.8543544
-954.6692057
-1024.676984
-937.142994
-928.9505485
-980.0435135
-817.5396494
-815.1377545
-879.4151437
-798.5971565
-781.1267797
-829.6206562
-764.7551045
-752.0246525
-788.3760785
242.8676166
128.9708665
96.67973797
-344.5174027
-425.3303581
-508.5819478
-583.2558988
-617.366095
-689.0851685
-687.0348909
-702.4796148
-759.7442003
-732.7579512
-738.2199901
-784.0036326
-671.6792685
-691.2929652
-752.1481371
-688.7660871
-683.7057568
-732.1332041
-677.4814812
-671.7156451
-710.7406987
169.1688146
77.78858363
76.89689926
-156.9251344
-220.0796589
-258.0931195
-366.0415147
-403.0566597
-447.0031093
-490.3578172
-513.1814415
-554.4518528
-566.7869761
-580.099753
-616.0625112
-549.3661964
-580.7927213
-633.9660626
-587.8070079
-592.0947783
-636.8528202
-593.9573631
-594.2969043
-632.5458923
126.0528468
72.50066725
72.85786812
-74.34931387
-119.1675348
-138.3489097
-236.7011195
-270.3982311
-298.088025
-357.1407888
-381.5747471
-410.0874997
-442.7160164
-459.2351719
-486.1834809
-451.29363
-487.1360429
-531.9302142
-499.720044
-509.8181981
-549.7086622
-517.0740511
-522.1003365
-557.8284961
104.4220158
69.49753993
70.55734331
-34.12385956
-67.48095694
-77.29744165
-160.9591575
-189.5923553
-205.9753934
-267.4031498
-290.5706354
-309.9245482
-351.1122708
-368.0201878
-388.5892463
-372.4800657
-408.6651256
-446.1171952
-424.3730012
-437.7896283
-472.5302172
-448.2932774
-456.3160825
-488.6542294
87.57368187
62.0893842
64.24580364
-16.73332174
-42.88223981
-47.16646712
-118.7812493
-142.8601038
-152.1475566
-210.0753145
-230.379677
-243.3291609
-284.1372873
-299.7110321
-314.9679637
-310.7008035
-344.3493247
-374.8095181
-361.3917408
-376.1257804
-405.7208156
-388.1960503
-397.8112356
-426.4247257
71.07891041
50.17428982
53.88364054
-13.11589234
-34.30614102
-35.50021153
-96.07263802
-115.758793
-121.5377669
-171.0457521
-188.0492215
-197.4118568
-234.3598622
-248.1948937
-259.8137038
-261.6952744
-292.2473031
-316.9274865
-309.1475821
-323.7893365
-348.9002541
-336.2359521
-346.4115258
-371.5331861
53.81897749
36.73574346
39.51408712
-13.9498367
-30.91876889
-31.68645781
-80.72758818
-96.75633932
-100.9837092
-142.4041113
-156.6760539
-163.7300169
-196.2799834
-208.357898
-217.4315034
-222.3469454
-249.6763774
-269.9472152
-265.4707689
-279.3541803
-300.6864358
-291.4639122
-301.5289493
-323.4983808
41.43569948
27.51695308
29.56474967
-14.24745156
-28.17789968
-28.82459202
-69.13345963
-82.3833089
-85.64958996
-120.4527916
-132.4873445
-138.0049157
-166.3149281
-176.7807333
-184.0426104
-190.1857996
-214.3089538
-231.1950827
-228.6854161
-241.4996531
-259.6946659
-252.8573594
-262.4143605
-281.5910236
32.23379048
20.72452216
22.23752705
-14.15320031
-25.75240462
-26.33917311
-59.89576116
-70.97678717
-73.61069207
-102.9967543
-113.1945846
-117.6477946
-142.1187599
-151.1589572
-157.1016285
-163.4610185
-184.6104934
-198.8345508
-197.4810719
-209.0769122
-224.6876836
-219.4720231
-228.3041194
-245.0595759
25.32169411
15.6713918
16.80072759
-13.73884545
-23.49433841
-24.04755944
-52.23632336
-61.58236286
-63.77846588
-88.68933063
-97.36603846
-101.0553943
-122.1330939
-129.9303858
-134.8908919
-140.9136548
-159.3759115
-171.4971555
-170.770246
-181.1202163
-194.604647
-190.4752576
-198.4832656
-213.1594043
20.05279362
11.87845491
12.72878472
-13.07862062
-21.34041513
-21.87077628
-45.69384712
-53.62192943
-55.50016091
-76.67263534
-84.07615947
-87.19828488
-105.3043818
-112.0224938
-116.2334401
-121.6354944
-137.7026138
-148.1411961
-147.7069727
-156.8500994
-168.5774681
-165.1645727
-172.3231967
-185.2207071
15.97929848
9.01103906
9.655466956
-12.24187163
-19.2677517
-19.77880603
-39.98183601
-46.72959537
-48.3673991
-66.38037555
-72.70655137
-75.39489045
-90.90344487
-96.68388166
-100.3102336
-104.9553701
-118.9011086
-127.9792098
-127.625134
-135.6347019
-145.904738
-142.9507752
-149.2781701
-160.6596825
12.78936354
6.831829012
7.322311418
-11.28549948
-17.2698428
-17.76236134
-34.91270381
-40.66207683
-42.11174102
-57.42333066
-62.82786213
-65.17607527
-78.40874938
-83.37161207
-86.53348045
-90.37038853
-102.4401678
-110.4060133
-109.9988535
-116.9622995
-126.0170256
-123.3432785
-128.8812056
-138.971438
10.26327527
5.170710474
5.544875865
-10.25345984
-15.34620934
-15.82012905
-30.35812777
-35.25102932
-36.54958548
-49.52548709
-54.13323475
-56.20947703
-67.4384913
-71.68488927
-74.47230545
-77.49157727
-87.90191053
-94.95318538
-94.40593955
-100.413139
-108.4532877
-105.9300945
-110.7314582
-119.7262335
8.241097731
3.902458579
4.18829559
-9.17854938
-13.49718829
-13.95242889
-26.22455906
-30.37314417
-31.54810326
-42.48182201
-46.39349743
-48.24918167
-57.7021586
-61.31666076
-63.79909297
-66.01210173
-74.95057554
-81.24606543
-80.50153701
-85.63829477
-92.83030325
-90.36246557
-94.48333426
-102.5513522
6.604103643
2.932958096
3.151520968
-8.08456954
-11.72237688
-12.15921604
-22.4409203
-25.93475133
-27.00750943
-36.13556848
-39.432768
-41.10812341
-48.9735763
-52.02655632
-54.25937319
-55.68354361
-63.31198458
-68.98221838
-68.00041411
-72.34477855
-78.82917636
-76.34276637
-79.83743458
-87.12643506
5.263143829
2.191099236
2.358502149
-6.988060312
-10.01961043
-10.43873871
-18.94997855
-21.86085873
-22.84877929
-30.36137234
-33.11007939
-34.63770091
-41.06910029
-43.61819627
-45.64718699
-46.2909027
-52.76109117
-57.91220063
-56.66298072
-60.28176643
-66.17941785
-63.61333986
-66.53271374
-73.17126919
4.148204569
1.620980111
1.750036339
-5.900749607
-8.385707563
-8.78795462
-15.7047084
-18.09026837
-19.00747587
-25.05758811
-27.31111809
-28.71726165
-33.83882448
-35.93025965
-37.79219357
-37.67007888
-43.13802675
-47.84482473
-46.28088392
-49.23030553
-54.64800994
-51.9468651
-54.33422161
-60.44403673
3.203230187
1.177695333
1.278733337
-4.830383758
-6.816123686
-7.202785349
-12.66432121
-14.57048599
-15.42954997
-20.138569
-21.94009555
-23.24747523
-27.16084318
-28.83419504
-30.55883343
-29.70340269
-34.22508003
-38.60810314
-36.64586055
-38.99151703
-44.02569168
-41.14328596
-43.05120576
-48.7131306
2.382713145
0.8249509845
0.9063784081
-3.781464635
-5.304897743
-5.677598089
-9.791833331
-11.25443879
-12.06676016
-15.52831081
-16.91198265
-18.1412618
-20.92626177
-22.21502913
-23.83175305
-22.21544191
-25.78510259
-29.94557804
-27.60540792
-29.38834516
-34.12531838
-30.98831609
-32.42355717
-37.82690204
1.648439859
0.5328419293
0.6016191482
-2.755843498
-3.844742888
-4.205450924
-7.052603586
-8.098480734
-8.874762923
-11.15643209
-12.14748736
-13.31802225
-15.02759654
-15.95421789
-17.49159223
-15.08453701
-17.78184209
-21.73731314
-19.04260338
-20.28153284
-24.78429544
-21.38804372
-22.35053201
-27.42774941
0.9688380406
0.2775504716
0.3389184596
-1.753018885
-2.427130347
-2.7779899
-4.413629504
-5.061456374
-5.81165447
-6.957500528
-7.573134491
-8.702615309
-9.367742072
-9.947462747
-11.43065649
-8.196084316
-10.08839551
-13.88836887
-10.82094952
-11.52959376
-15.85922502
-12.15428649
-12.8031812
-17.55221775
0.3251475521
0.03942024939
0.1037725975
-0.7804807003
-1.051969993
-1.385738208
-1.850519496
-2.111264309
-2.837630052
-2.877530601
-3.127706534
-4.225747824
-3.862764238
-4.102934081
-5.549480896
-1.744924293
-3.096512551
-6.195720975
-3.363328941
-3.613935138
-7.126782939
-3.910673375
-4.281701705
-7.91305415
-1215.309689
-1206.827376
-1090.096619
258.8597816
354.7620833
388.2602918
-800.5231777
-754.7434022
-757.0810084
-978.0828768
-872.4000311
-900.0184133
-1434.747696
-1432.941607
-255.5171746
-327.1893675
-279.2159706
-1248.541552
-1298.675955
-1299.51014
39.93123356
-12.25380503
-1155.018515
-1151.451156
-1202.209433
-61.40108547
-117.9470489
-188.6573012
128.7240911
80.68588472
-1156.308157
-1266.089006
-1291.500697
-1216.794679
-1241.007196
-1142.295908
-1096.866322
-1170.623971
-1193.277236
-1126.4984
-1148.432473
-1081.088855
-1031.339778
-1082.93511
-1104.722195
-1038.642768
-1060.951076
-1013.767782
-560.4085018
-643.6267969
-615.6329992
-697.1764637
-671.1971529
-591.9259388
-836.3269988
-752.7799082
-776.3432461
-609.5207736
-727.937466
-665.0608855
-811.6143854
-777.1973978
-667.374703
-1037.180694
-900.8528789
-924.0844412
-768.3462629
-855.504749
-836.8761055
-877.9633817
-868.6613539
-787.5197064
-1046.270569
-956.463638
-958.1130403
-821.4525072
-887.3836193
-884.224771
-885.9957741
-887.3516122
-827.1272812
-1014.83478
-949.836997
-944.1177273
-830.2743763
-878.8028476
-882.9031268
-865.7736907
-873.0484702
-827.646363
-966.6450743
-919.5048823
-908.8317292
162.1536417
149.2854832
252.2808578
-10.35571697
27.81631583
-62.18372142
-303.1841532
-357.8870015
-280.1524486
-473.5180299
-421.4239936
-364.473049
-571.6281701
-489.7343754
-541.1903351
-496.7312904
-553.1949837
-516.9690222
-609.2949832
-583.5881443
-528.4326571
-713.1244024
-645.2421818
-668.2272264
-599.733568
-649.1467622
-630.9288471
-677.0462621
-664.4198151
-617.2046893
-769.1892684
-715.0043742
-725.0133714
-654.3817148
-695.0600475
-687.1537349
-704.7321354
-700.9364205
-662.2693006
-783.6425399
-741.5606153
-742.9584449
224.1126465
247.0722592
75.10105167
76.75807725
155.8319423
-66.12458883
3.357155461
11.30100055
-21.41986633
-7.21448444
-85.90126428
-160.9860684
-187.9343889
-129.9682153
-286.3585211
-239.9676725
-209.464353
-316.5348901
-275.4894856
-323.8010416
-329.3028056
-364.1096
-327.5699362
-425.7973963
-396.6469989
-361.651571
-479.4400459
-435.6871676
-464.6561662
-441.2520282
-475.5313953
-451.9868306
-515.4522265
-496.6405919
-462.9297042
-573.5281448
-533.424733
-551.2640735
-515.2438133
-546.5133603
-532.0495174
-569.2210605
-558.8629882
-528.551967
-625.7218654
-591.2482029
-600.3551797
163.7053192
173.8887107
71.39415192
72.23805515
119.8294219
-18.19159811
27.24798319
30.29328699
17.42840961
22.78353593
-27.0057447
-88.96683178
-102.8207659
-61.43093696
-179.0305223
-142.0895588
-125.7087679
-183.4483181
-161.1969096
-200.3426609
-224.7043482
-246.0624326
-213.6668022
-304.6104239
-276.3368716
-253.9974636
-330.073895
-301.6238737
-330.5197575
-331.4683068
-355.3738229
-330.939243
-398.5467633
-377.9105878
-353.9112467
-432.1426479
-403.928549
-424.2904065
-410.6886874
-434.1904222
-417.3046759
-462.2710307
-449.122333
-425.8843359
-500.2259457
-473.7990321
-486.508845
130.1613526
137.304238
66.45096837
68.13481075
99.88989513
3.82946508
36.11351268
36.68593498
33.03337379
34.94431494
0.02226507291
-52.58482143
-59.30125671
-28.03273089
-119.3416974
-89.7886221
-81.37010157
-111.729658
-99.83960359
-131.0228573
-162.8989439
-175.3099562
-147.8732233
-226.7029374
-201.6005784
-188.1873683
-234.2785927
-216.8915878
-242.8362189
-257.5066354
-273.1699536
-250.5743374
-314.1771936
-294.417453
-278.1334327
-332.059851
-312.3027151
-332.5279565
-331.3581849
-348.9922009
-332.3556563
-377.9521104
-364.1505984
-346.3278449
-403.9071293
-383.3110166
-397.1131324
104.6678463
110.8740103
57.3149037
60.08533746
83.44831172
10.10690016
34.8978394
33.8302657
36.5907879
36.02583126
9.670614517
-37.16403208
-39.58948482
-14.82225866
-88.20402265
-64.09349073
-60.45450108
-74.39708418
-68.69254366
-94.02744559
-127.849732
-134.8525925
-111.8244407
-178.6001874
-157.1596716
-149.0582851
-176.4449943
-166.1812495
-188.6350619
-207.5284266
-218.4850776
-199.0632435
-254.1226915
-236.8401083
-225.1526987
-263.2131993
-249.4904935
-267.4044603
-272.2220413
-285.4928526
-270.3359998
-312.7383623
-299.6099481
-285.996203
-329.6923194
-314.1503408
-327.497865
83.21354873
87.99392942
42.7087942
46.38282056
66.57515193
6.709741983
26.70724036
24.27613488
31.8771293
29.32672192
8.181182832
-32.49167597
-33.34401388
-13.34993812
-72.64487584
-53.1398212
-51.20920107
-57.62171821
-55.25281611
-75.87339107
-105.5300584
-110.4391899
-91.77013626
-146.1521844
-128.5857874
-122.7899932
-141.657496
-134.8555474
-153.3012538
-171.2733942
-179.3595294
-163.0896837
-209.7861626
-194.9319544
-186.2123223
-214.3283111
-204.2811626
-219.7214278
-227.0614185
-237.2976576
-223.9098181
-261.8801906
-249.9493392
-239.3298418
-273.2234629
-261.2310706
-273.4656172
65.34313946
69.32841127
31.78663725
34.18162265
50.41108802
2.089176444
18.35020699
16.69044152
22.09492053
20.14031935
3.053868838
-29.49333772
-30.18927212
-14.06298201
-61.98751489
-46.18274789
-44.70860846
-49.41959837
-47.7488416
-64.37294409
-89.11774259
-92.81118635
-77.54709451
-122.27399
-107.7340571
-103.3565066
-117.4133162
-112.4081471
-127.6372383
-143.8527813
-150.0641821
-136.3943123
-175.9537546
-163.2576169
-156.514228
-178.0615481
-170.4259363
-183.6324268
-191.7025912
-199.7953979
-188.136925
-221.5208097
-210.9211681
-202.4608121
-229.3136515
-219.8609751
-230.776688
51.6555679
54.7267765
23.86788657
25.62412627
38.87843694
-0.9487849095
12.45569083
11.26442159
15.15765149
13.74949667
-0.3009739078
-26.93765609
-27.54982787
-14.2578915
-53.77367605
-40.73002789
-39.52424903
-43.31475754
-41.99118586
-55.65740818
-76.38046348
-79.29957699
-66.64095522
-103.8721323
-91.7194848
-88.26199827
-99.24530492
-95.37367566
-108.0731278
-122.3335327
-127.2723971
-115.7309751
-149.321755
-138.4753292
-133.0928092
-150.1579459
-144.1544966
-155.4354194
-163.3370956
-169.8885558
-159.7969609
-188.8927753
-179.5863732
-172.7012527
-194.4377727
-186.8241478
-196.4302226
41.24240833
43.59224921
18.01452252
19.31982027
30.32029925
-2.9500252
8.230658208
7.377919332
10.1674815
9.158369001
-2.529217411
-24.60774483
-25.17569291
-14.07677779
-47.08685228
-36.18420923
-35.14849644
-38.36797809
-37.25610306
-48.6476312
-66.07055947
-68.46691158
-57.85493692
-89.140991
-78.90213708
-76.07310479
-84.98345882
-81.86812975
-92.54829412
-104.914083
-108.9555377
-99.16463691
-127.7748396
-118.4972013
-114.0844553
-127.9829702
-123.1242049
-132.7700184
-140.0716506
-145.4887185
-136.7757768
-162.0212362
-153.9037119
-148.1907297
-166.139018
-159.8815474
-168.2715361
33.20746887
35.03221966
13.64100578
14.62002326
23.87063527
-4.202618425
5.213491897
4.60706748
6.594286529
5.874451286
-3.947471008
-22.40634109
-22.94738455
-13.59395275
-41.42194901
-32.22797993
-31.30859174
-34.14571731
-33.17305898
-42.76103916
-57.44931668
-59.47466691
-50.5092626
-76.9818089
-68.30348877
-65.92363495
-73.37007127
-70.78321165
-79.82375253
-90.44773708
-93.83352359
-85.4961143
-109.9279239
-101.9813995
-98.28261347
-109.870267
-105.8403529
-114.0997402
-120.6140177
-125.1755274
-117.6625595
-139.5092534
-132.4578391
-127.6364376
-142.7212564
-137.4832346
-144.777686
26.91262144
28.3501673
10.34579912
11.08550546
18.93651008
-4.909695567
3.074504126
2.647476557
4.050924537
3.541242477
-4.775105665
-20.2945504
-20.8150533
-12.88352404
-36.48512243
-28.68664696
-27.85335671
-30.41294216
-29.53943072
-37.66230194
-50.05964195
-51.8098503
-44.19662192
-66.69936223
-59.3141586
-57.26845927
-63.63626578
-61.43502941
-69.12216537
-78.18165093
-81.07310971
-73.95553176
-94.85424726
-88.04245318
-84.88485219
-94.73284988
-91.32242336
-98.40152575
-104.0699353
-107.9711918
-101.499909
-120.3667048
-114.2602707
-110.1314188
-123.0026607
-118.5484856
-124.8698216
21.91264069
23.06022423
7.847269447
8.409309438
15.10882208
-5.220941472
1.575942696
1.280179369
2.257162592
1.900821896
-5.173664679
-18.25950891
-18.76134402
-12.01207601
-32.09625882
-25.46007797
-24.69484674
-27.03846285
-26.24099447
-33.1492346
-43.60448944
-45.14299654
-38.66010484
-57.8346488
-51.53705594
-49.74845203
-55.29318292
-53.38403171
-59.9369591
-67.60210769
-70.11082601
-64.02831191
-81.91282272
-76.0747726
-73.3376536
-81.84216335
-78.9075721
-84.97565053
-89.80195686
-93.18361088
-87.61805268
-103.8752897
-98.60282241
-95.02164213
-106.150022
-102.3106421
-107.7726778
17.89245367
18.81919083
5.945188831
6.373512188
12.10273079
-5.245845141
0.5473537404
0.3484645879
1.011465197
0.7677936638
-5.261666016
-16.2987135
-16.78195564
-11.03312807
-28.13910075
-22.48736041
-21.77888947
-23.94477962
-23.20914503
-29.09268185
-37.88303562
-39.25321467
-33.72995456
-50.07329955
-44.70293876
-43.1182394
-48.0153354
-46.334433
-51.92354994
-58.34834597
-60.55326276
-55.3585885
-70.64765183
-65.65154865
-63.24883185
-70.69150441
-68.13100158
-73.32660138
-77.34608122
-80.31093773
-75.53599851
-89.50345475
-84.96684103
-81.82652906
-91.55872303
-88.20986068
-92.91386305
14.62448834
15.38096453
4.494020687
4.820973346
9.715786342
-5.06475216
-0.133907495
-0.2610739316
0.1695688411
0.009223056873
-5.125788136
-14.412384
-14.87695882
-9.987686223
-24.53425616
-19.72859197
-19.06874784
-21.08324186
-20.39995371
-25.40590331
-32.75190277
-33.98566755
-29.28837229
-43.19160868
-38.62158119
-37.20147792
-41.57792672
-40.07973919
-44.83946114
-50.15609825
-52.11644178
-47.69133066
-60.72461375
-56.4624054
-54.32911425
-60.91886564
-58.65788662
-63.09456028
-66.35238834
-68.97964178
-64.89857449
-76.8488569
-72.96309939
-70.18076954
-78.78155297
-75.82930033
-79.86337247
11.93856221
12.563187
3.385239751
3.635173416
7.799599933
-4.737119826
-0.5580384333
-0.6321528534
-0.3734574305
-0.4721107913
-4.830129372
-12.60060662
-13.04658745
-8.906093914
-21.22320913
-17.15449522
-16.537042
-18.41996352
-17.7820238
-22.0260444
-28.10406653
-29.22554741
-25.2482837
-37.02250117
-33.15145584
-31.86618163
-35.81742887
-34.46802482
-38.50547218
-42.82526585
-44.58630913
-40.83523993
-51.88902498
-48.27212829
-46.35837876
-52.25468856
-50.23669755
-54.00753126
-56.54999208
-58.90139517
-55.43338191
-65.59667997
-62.28913752
-59.79978944
-67.47590615
-64.84734329
-68.28699517
9.706497607
10.22773307
2.537365758
2.728552903
6.24412359
-4.306868522
-0.7918921109
-0.8267665266
-0.6953095848
-0.7483063119
-4.422119151
-10.8621818
-11.2900451
-7.810154769
-18.16071931
-14.7419579
-14.16167605
-15.9293405
-15.33108118
-18.90519305
-23.85638198
-24.88471327
-21.54274398
-31.43742178
-28.18385199
-27.0098396
-30.61073506
-29.383734
-32.784959
-36.19942768
-37.79717234
-34.64273706
-43.94203104
-40.89790795
-39.16389213
-44.49297014
-42.67356057
-45.85485464
-47.72312585
-49.84871148
-46.92665567
-55.49576591
-52.70499124
-50.45564151
-57.37409135
-55.01078262
-57.92008002
7.828798493
8.269717641
1.887616354
2.034397887
4.965636501
-3.806473359
-0.8855482956
-0.8918092191
-0.8535934394
-0.8729947137
-3.936682166
-9.194304854
-9.604834896
-6.715008944
-15.30944678
-12.47099558
-11.92329434
-13.58994993
-13.02643685
-16.0042342
-19.9411048
-20.89195839
-18.11731854
-26.33287289
-23.63118919
-22.54920908
-25.86049798
-24.73455753
-27.56880458
-30.15149315
-31.61526493
-28.99491521
-36.72190127
-34.19169825
-32.60493154
-37.46948378
-35.81256633
-38.4663862
-39.69294512
-41.63425302
-39.20357228
-46.33553138
-44.01139625
-41.95747437
-48.25813711
-46.11132079
-48.54334252
6.223673893
6.603290177
1.385922418
1.499811682
3.897955604
-3.260627725
-0.8778519742
-0.8638051854
-0.8922946507
-0.8874920157
-3.400236307
-7.593205677
-7.987484106
-5.631341596
-12.6379809
-10.32406396
-9.804756835
-11.38307723
-10.85008605
-13.29057346
-16.30204845
-17.18871
-14.92689132
-21.62432359
-19.42173973
-18.41559944
-21.48761724
-20.44544009
-22.76845801
-24.57756387
-25.93167137
-23.79483632
-30.09709113
-28.03305268
-26.56679151
-31.05061729
-29.5271647
-31.70374115
-32.31534461
-34.10515214
-32.12185213
-37.94145842
-36.04467413
-34.1519205
-39.94566921
-37.97603525
-39.97226675
4.824394666
5.158109556
0.9920002899
1.082277696
2.988010381
-2.688015274
-0.799174015
-0.7713399286
-0.8457577877
-0.8240956014
-2.832851606
-6.053615359
-6.433072138
-4.566003913
-10.11808318
-8.284547931
-7.789563643
-9.291915773
-8.785285049
-10.73535145
-12.88973565
-13.72404714
-11.93177624
-17.23926355
-15.49361851
-14.54897821
-17.42613311
-16.45246322
-18.30892519
-19.38818314
-20.65398851
-18.95978382
-23.95796482
-22.32053477
-20.95131105
-25.12693551
-23.71204503
-25.45284167
-25.47250349
-27.13911899
-25.56476051
-30.18577671
-28.67886364
-26.91830609
-32.29385339
-30.47090107
-32.06899916
3.576048593
3.876658919
0.6729756802
0.7472918338
2.192432633
-2.102677595
-0.6735154981
-0.6370937767
-0.740918437
-0.7082136207
-2.249586162
-4.568951333
-4.935391143
-3.522862805
-7.723537557
-6.336200153
-5.861400661
-7.300018408
-6.815651714
-8.311839845
-9.659089539
-10.45209928
-9.095860368
-13.11279706
-11.79135203
-10.894891
-13.61759727
-12.69865836
-14.12357685
-14.50152631
-15.6991284
-14.41564767
-18.20432957
-16.96234863
-15.66776064
-19.60279446
-18.27359268
-19.61205589
-19.04653594
-20.62039505
-19.42405824
-22.93939521
-21.79182341
-20.12943513
-25.18463226
-23.47687243
-24.71005914
2.431454766
2.710208299
0.4017540833
0.4663308654
1.474451983
-1.514806585
-0.5199433632
-0.4789564117
-0.5992071705
-0.5600877444
-1.661584304
-3.131125386
-3.486696284
-2.503062014
-5.428728694
-4.462333079
-4.003499005
-5.390998408
-4.924727557
-5.994435904
-6.567483716
-7.329620025
-6.384706688
-9.184164042
-8.262922982
-7.402153185
-10.00850302
-9.131429463
-10.15091366
-9.840785884
-10.98881224
-10.09292864
-12.73988248
-11.87132039
-10.63071583
-14.38855551
-13.12348574
-14.08375957
-12.92521578
-14.43258077
-13.59388258
-16.06186453
-15.25499018
-13.66302446
-18.48643366
-16.86270209
-17.7509605
1.351250125
1.616813452
0.1587740102
0.2177878049
0.8051255076
-0.9309621832
-0.3522608651
-0.3097721205
-0.4372765037
-0.3950835522
-1.076366489
-1.732125251
-2.078330584
-1.505626271
-3.209203315
-2.64643066
-2.200169652
-3.548098772
-3.095848857
-3.758307959
-3.575833863
-4.316244142
-3.765889495
-5.397244392
-4.860069031
-4.023991609
-6.548611127
-5.701500187
-6.333568592
-5.33638172
-6.451281539
-5.92767696
-7.477390932
-6.967915354
-5.763002489
-9.400786424
-8.18024397
-8.778550947
-7.00919848
-8.473933061
-7.979494817
-9.439171856
-8.96027331
-7.413286009
-12.08387333
-10.51727038
-11.07486871
0.33150625
0.5757880354
-0.2113112213
0.01485530654
0.1941329899
-0.3327051869
-0.1554411052
-0.3109674869
-0.2643515101
-0.231045546
-0.507749311
-0.5438978421
-0.6795014825
-0.5065941041
-1.019608949
-0.8503815364
-0.615602059
-1.754367019
-1.320798735
-1.587056517
-0.8372528489
-1.353254408
-1.187173576
-1.68120507
-1.517927312
-0.9134221847
-3.190686828
-2.369327069
-2.624743193
-1.14583629
-2.00356315
-1.843083146
-2.320402764
-2.162653705
-1.224210568
-4.562737283
-3.375280021
-3.620274909
-1.464255496
-2.632567526
-2.47693173
-2.942925625
-2.788240595
-1.550478579
-5.870143738
-4.340680068
-4.571893023
-1451.213106
-1327.557516
-1327.182072
-1323.369565
-1326.405976
-1458.785644
-1072.153745
-1196.901129
-1184.886871
254.4779153
301.0040788
221.3676632
381.6172192
339.4919808
480.3182603
458.9937095
-730.5650368
-739.9040262
-791.0469595
-637.69303
-687.0376676
-677.4309632
147.2557181
91.68475977
38.93500193
-389.9039347
-457.7932685
-541.2626984
-310.4623355
-384.2201614
-310.7848732
-798.8065072
-838.9788697
-952.2744219
-632.7351643
-732.3857128
-683.7218402
421.2482175
393.2988963
317.7187651
471.2666933
473.5927738
-1110.248157
-1118.607412
-1198.262843
-966.7774775
-1043.278546
-1032.412683
-1440.902599
-1437.573613
-1276.850977
-1357.052317
-1357.365299
-1359.629514
-1358.859971
-1282.837341
-414.3375092
-372.6804809
-306.9921391
-517.3636464
-442.206598
-478.4049419
-358.5041754
-401.8340173
-479.8409451
-804.9632731
-821.1934213
-893.4784749
-526.2300804
-539.1099893
-588.6305589
-439.315146
-490.1700042
-476.9276086
-1348.300784
-1346.330196
-1394.394187
-136.056798
-92.20853837
-108.2783918
-59.91378753
-107.9883034
-5.172490536
-65.23569765
-1.776391733
219.0680894
167.7685308
-897.11918
-887.2279673
-921.7865017
-742.0944549
-740.5758726
-775.3650094
-607.3960487
-612.5578819
-642.8065225
-497.5275884
-506.3755334
-531.0041494
-409.4998432
-419.8388839
-440.0414644
-339.7507845
-350.4242503
-366.8822207
-284.8124117
-295.05513
-308.978353
-240.9886137
-250.3373183
-261.8219368
-205.4902311
-213.845142
-223.368988
-176.2322742
-183.6133234
-191.6043314
-151.7288844
-158.1995524
-164.9846384
-130.91248
-136.5539975
-142.375665
-113.0055755
-117.9019819
-122.9441044
-97.42761941
-101.6583505
-106.0623977
-83.73845036
-87.375428
-91.25244155
-71.59338209
-74.70007056
-78.13871872
-60.71787279
-63.34970863
-66.42234132
-50.88294607
-53.08803384
-55.8561975
-41.89156006
-43.69467749
-46.19685583
-33.61102409
-35.03546917
-37.24484334
-25.90838691
-27.01248058
-29.02134278
-18.61223914
-19.41538622
-21.32428442
-11.61194394
-12.12763784
-13.97185617
-4.793270961
-5.087811987
-6.807890558
298.7266473
367.8858602
345.5291696
393.6020061
392.3939334
338.1135079
-1131.874642
-1226.873129
-1222.724111
-29.62626061
54.80120468
70.99006828
-596.8537285
-520.0907547
-563.2432958
-806.9358472
-775.0044409
-681.4292247
481.4404257
472.6517021
244.0809272
187.0293936
171.5055528
-145.6524812
-205.8476979
-260.2544536
-1325.146615
-1322.894964
-1424.441672
-959.1452734
-993.5653169
-1016.283245
-812.1743011
-847.5931563
-856.9761977
-673.7774773
-706.9251877
-706.5846788
-556.7294691
-584.1501976
-577.912501
-460.998999
-483.2208186
-474.053939
-383.1001439
-401.1752483
-390.6412453
-321.2490969
-336.3333624
-325.102807
-271.5152551
-284.2088014
-273.256252
-231.2012144
-241.6454404
-231.7113559
-198.0477951
-206.7573309
-197.9036646
-170.3773921
-177.7306416
-169.9222696
-146.9591425
-153.2362888
-146.3989854
-126.8941476
-132.3060568
-126.3501462
-109.5094003
-114.2175962
-109.0527044
-94.29578539
-98.42403052
-93.96572058
-80.85602908
-84.50393372
-80.67609618
-68.87493747
-72.12238206
-68.85824516
-58.09647578
-61.00939814
-58.25098453
-48.2928823
-50.93462028
-48.63290201
-39.28040716
-41.6344513
-39.81247867
-30.96446714
-33.02300283
-31.67116387
-23.16708478
-25.12404993
-24.08066765
-15.74474579
-17.60955589
-16.86839918
-8.570431865
-10.37001915
-9.92220226
-1.842494854
-3.250603122
-3.088487287
-1476.04791
-1493.365558
-1505.519322
-1206.257476
-1208.111073
-1215.583701
-1424.412703
-1424.384672
-1429.345587
-1250.949172
-1261.30023
-1267.451633
-1155.69627
-1159.88602
-1165.169076
-1317.704884
-1327.747102
-1335.514107
-1372.314954
-1376.706615
-1382.710361
-815.5967503
-764.8354674
-869.4103685
-880.0400033
-1572.900075
-1578.823472
-1583.745877
-1530.246774
-1544.990982
-1554.603525
-986.3894646
-989.6707501
-993.5935214
-936.8151418
-947.4910295
-955.2912255
-1033.581709
-1030.915927
-1034.355904
-1081.94812
-1088.679438
-1092.896067
)
;

boundaryField
{
    topAndBottom
    {
        type            slip;
    }
    inlet
    {
        type            zeroGradient;
    }
    outlet
    {
        type            fixedValue;
        value           uniform 0;
    }
    wing
    {
        type            zeroGradient;
    }
    front
    {
        type            empty;
    }
    back
    {
        type            empty;
    }
    procBoundary3to1
    {
        type            processor;
        value           nonuniform List<scalar> 
136
(
-346.8623313
-346.8623313
453.2298537
-283.450552
71.94250489
116.1252701
407.8673924
489.2567497
-587.1306555
-490.7640881
-693.7153251
328.5207002
-399.9955578
-131.2156543
-640.8143704
-467.5572767
271.3467509
382.2621939
196.3110491
248.0722639
153.6061612
183.7710796
123.2937279
145.403782
94.61690169
115.6395282
74.90831806
89.28296347
59.97838812
70.77573743
48.57928097
56.84440848
39.69563369
46.1534515
32.65247209
37.78329849
26.98458568
31.12155917
22.35695998
25.74095893
18.52761269
21.33273523
15.31722965
17.67283896
12.58993743
14.59468785
10.23937044
11.97062384
8.18032284
9.700234351
6.343208277
7.702687888
4.669346462
5.91155618
3.106872859
4.270179272
1.611731022
2.72816296
0.3330022027
1.242501211
539.8569482
471.6200624
580.6211464
560.8774635
531.9775099
531.9775099
-243.0689389
-78.78401534
544.2592395
577.1600876
243.1268007
243.1268007
375.6338625
-191.7745696
20.87291165
162.1650871
302.6335576
340.8793934
210.540446
227.3648854
162.4756879
172.5604633
130.475447
137.7529281
100.3708951
107.3163794
79.36163203
84.16737328
63.3318564
66.92454629
51.16065651
53.91081031
41.72184016
43.87128966
34.26880655
35.9768154
28.29293257
29.67020702
23.43083962
24.55765628
19.42082819
20.35499738
16.06980616
16.8543529
13.23268571
13.90041565
10.79665117
11.37326913
8.671787955
9.178065225
6.785007284
7.237908026
5.075432893
5.489251889
3.489683634
3.877221458
1.980608732
2.353019026
0.5048339102
0.889538982
471.6200624
570.9815482
508.5195146
468.0341865
552.7198886
-30.67753231
204.9877699
433.6536164
439.5320738
546.8119648
-693.7153251
-813.6347209
-813.6347209
-767.5649719
-886.6330421
-886.6330421
)
;
    }
    procBoundary3to2
    {
        type            processor;
        value           nonuniform List<scalar> 
51
(
-959.2967262
-886.326195
-808.3886948
-808.3886948
-779.5550435
-761.4062271
-752.5890982
-1596.630839
-1509.687497
-1509.687497
-1590.084205
-1533.277751
-1607.709198
-1560.972857
-1610.361627
-1574.384301
-1620.045411
-1542.822147
-1545.965125
-1524.957935
-1584.380191
-1541.963474
-1541.963474
-1460.415124
-1504.768593
-1593.621962
-1578.745686
-1418.406029
-1378.95877
-1274.528294
-1243.859906
-1159.701113
-1133.11173
-1005.576793
-920.0241865
-857.297407
-1513.418576
-1578.035134
-1307.06886
-1341.722219
-1186.835926
-1214.804059
-1080.48035
-1106.790751
-1518.36461
-1054.394641
-1029.518303
-1529.87033
-1612.341767
-1611.650065
-1616.192738
)
;
    }
}


// ************************************************************************* //
