/*--------------------------------*- C++ -*----------------------------------*\
| =========                 |                                                 |
| \\      /  F ield         | OpenFOAM: The Open Source CFD Toolbox           |
|  \\    /   O peration     | Version:  v2012                                 |
|   \\  /    A nd           | Website:  www.openfoam.com                      |
|    \\/     M anipulation  |                                                 |
\*---------------------------------------------------------------------------*/
FoamFile
{
    version     2.0;
    format      ascii;
    class       surfaceScalarField;
    location    "0.98";
    object      phi;
}
// * * * * * * * * * * * * * * * * * * * * * * * * * * * * * * * * * * * * * //

dimensions      [0 3 -1 0 0 0 0];
oriented        oriented;


internalField   nonuniform List<scalar> 
6430
(
-0.007342472395
0.9311318652
-0.01488330343
0.9306493299
-0.02256895891
0.9295611621
-0.007675379707
0.9278473868
-0.02308995746
-0.4587026031
0.4598462208
-0.008818997423
-0.4566157594
0.01008824381
0.4580487351
-0.01152121953
-0.4493374004
0.01298103377
0.4485359855
-0.005835753854
-0.006251467715
-0.2055309854
0.004385099893
0.2047847249
-0.003504664407
-0.1953697971
0.003438667403
0.1956334705
-0.003524084577
-0.2034490062
0.004822850169
0.2031885595
-0.004448335898
-0.2174830218
0.007613016314
0.2185658944
-0.004333793151
-0.004362095786
-0.05283297779
0.00305466657
0.05290670795
-0.003128396721
-0.003817299331
0.9349491646
-0.007753451514
0.9345854821
-0.01193366626
0.9337413768
-0.008160185099
0.9324183285
-0.008344422802
-0.4630256698
0.4642369556
-0.009371470922
-0.4612717933
0.01072732949
0.4627399367
-0.01219547291
-0.4491709815
0.01380095533
0.452300147
-0.008133911813
-0.008691068495
-0.2036870476
0.00889849316
0.2040159391
-0.009087142645
-0.1952537206
0.009012203909
0.1952730267
-0.008848930357
-0.206627153
0.008291287916
0.2065958211
-0.008150914685
-0.222399944
0.008336371934
0.2235736348
-0.004752636373
-0.004757426347
-0.05492119361
0.006992013058
0.1102728513
-0.05487627706
-0.003727560314
-0.003739833363
-0.003981002554
0.9389301671
-0.008077511181
0.9386819908
-0.01240758258
0.9380714482
-0.008490100753
0.9371078974
-0.008607050765
-0.4655337486
0.4668174787
-0.00977383089
-0.4642233765
0.01116513609
0.4657092287
-0.01265098828
-0.4570831124
0.01425693051
0.4623829106
-0.009775336143
-0.009745650137
-0.2069664235
0.01340948376
0.2086652408
-0.01499066597
-0.1961906798
0.01835150142
0.1969267745
-0.01891598286
-0.2051100682
0.01867645697
0.2044744092
-0.01791615342
-0.2235112181
0.01359625465
0.2215082625
-0.01156745494
-0.1134794698
0.01241763607
0.226584206
-0.01228995146
-0.1132324208
-0.004037124131
0.9429672913
-0.008177766081
0.9428226327
-0.01252391062
0.9424175928
-0.008580412588
0.9417721823
-0.008607782848
-0.4680975372
0.4693812581
-0.009864133527
-0.467176413
0.01123062497
0.4686168389
-0.01267105093
-0.4662703073
0.01420978169
0.4679689963
-0.008002805147
-0.007905643679
-0.2160404046
0.01421150822
0.219245396
-0.01734571967
-0.2011258872
0.02545827572
0.2033242371
-0.02751672676
-0.2037292431
0.03114958442
0.2041792712
-0.031470152
-0.2167675222
0.03015061247
0.2158910763
-0.02920561277
-0.2221322511
0.0262713508
0.2198355571
-0.02396055306
-0.003998081097
0.9469653724
-0.008083817417
0.9469083691
-0.01233934215
0.9466731175
-0.008463131278
0.9462895039
-0.008393532473
-0.4706179459
0.4718505049
-0.009695690276
-0.4700134333
0.01099218366
0.4713622354
-0.01234098578
-0.4695410803
0.01376025526
0.4710333095
-0.007671071849
-0.007581412505
-0.2307445207
0.008525958682
0.2342672249
-0.01203951538
-0.2125117801
0.02457070381
0.2163747777
-0.02835008026
-0.2083483306
0.03756963742
0.2107011112
-0.03982041496
-0.2159498392
0.04419408313
0.2168712077
-0.04504495298
-0.2137517702
0.04383868302
0.2126276564
-0.04269647214
-0.003882380711
0.9508477531
-0.007834545111
0.9508605335
-0.0119160485
0.9507546209
-0.008170660427
0.9505693566
-0.00802524082
-0.4730207464
0.4741730853
-0.009322999315
-0.4726516033
0.01052214222
0.4738824164
-0.01175295526
-0.4724386926
0.01302744754
0.4737549666
-0.007231185236
-0.007112536263
-0.2360685584
0.007919647984
0.2364182227
-0.00826931225
-0.2296215213
0.01144892161
0.2343063483
-0.01611887066
-0.220216988
0.02905119292
0.2239926599
-0.03277715873
-0.2217965561
0.0417263987
0.2239371185
-0.04382355595
-0.2132822424
0.04475367775
0.2145676898
-0.04602892061
-0.003708019048
0.9545557722
-0.007467398831
0.9546199133
-0.01131568964
0.9546029117
-0.007748198337
0.9545536052
-0.007551739872
-0.4752578903
0.476316352
-0.00880666004
-0.4750471782
0.009895946716
0.4761500212
-0.01099878968
-0.4749838823
0.01212312518
0.4761270206
-0.006698688318
-0.006567575173
-0.2373773218
0.007285598283
0.2376693814
-0.007577657805
-0.2369391446
0.008450287744
0.2372266736
-0.008737816663
-0.2357828716
0.009577441565
0.2364184197
-0.01021216433
-0.2309999441
0.01840710046
0.2334243964
-0.02082266063
-0.2193371446
0.02478274546
0.2207953223
-0.02623871566
-0.003492661067
0.9580484333
-0.007019574807
0.958146827
-0.01059887174
0.9581822087
-0.007242035573
0.9582134062
-0.007016637146
-0.4773058668
0.4782658928
-0.008202061574
-0.4771864748
0.009179103629
0.478162729
-0.01015535781
-0.4771860916
0.01113557194
0.4781658151
-0.006116439316
-0.00599885607
-0.2384678578
0.006621502668
0.2387107982
-0.00686444314
-0.2379959226
0.007573952587
0.2382245016
-0.007802531572
-0.2371291432
0.00845745502
0.2373354504
-0.008663762249
-0.2351279104
0.009158693035
0.2351758233
-0.009206605953
-0.2231597417
0.009437574244
0.2235281846
-0.009806017174
-0.003252646728
0.96130108
-0.006524825431
0.9614190057
-0.009818632419
0.9614760157
-0.006690446576
0.9615401153
-0.00645489498
-0.4791576141
0.4800226178
-0.007555450274
-0.4790763383
0.008425023359
0.479934501
-0.009283186071
-0.4790712618
0.01013346719
0.4799075376
-0.005534441717
-0.005435301258
-0.2393744447
0.005969035899
0.239576566
-0.0061711572
-0.2388384507
0.006750436626
0.2390217602
-0.006933746142
-0.2378777658
0.007450401619
0.2380364356
-0.007609071405
-0.2352788921
0.007963236999
0.2353028096
-0.007987154563
-0.224465794
0.008232522675
0.2247321646
-0.008498893278
-0.003001047086
0.9643021271
-0.006009553606
0.9644275122
-0.009015741015
0.9644822031
-0.006125657388
0.9645422676
-0.005892235945
-0.4808194723
0.4815935243
-0.006899709417
-0.480735552
0.007669376663
0.4814868297
-0.008420654357
-0.4806793742
0.00915647296
0.4813915297
-0.004976085242
-0.004892543133
-0.2401292731
0.005349815471
0.2402979197
-0.005518462025
-0.2395167522
0.005994484871
0.2396653228
-0.006143055475
-0.2384575413
0.006556440036
0.2385818477
-0.006680746374
-0.2353536122
0.006940051442
0.2353653889
-0.006951828185
-0.2254183605
0.007199882503
0.2256142248
-0.007395746846
-0.002749156196
0.9670512833
-0.005496265174
0.9671746212
-0.008223311335
0.9672092492
-0.005571773021
0.9672380165
-0.00534728716
-0.4823021816
0.4829920424
-0.006261633908
-0.4821874912
0.006941135644
0.4828443486
-0.007597993097
-0.4820508261
0.008235397115
0.4826610712
-0.004461784854
-0.004383857376
-0.2407596894
0.004778776543
0.2409008751
-0.004919962319
-0.2400687361
0.005314027256
0.2401904774
-0.005435768578
-0.2389143793
0.005771141208
0.2390132302
-0.005869992077
-0.2353912115
0.006063028678
0.2353977187
-0.00606953586
-0.2261198422
0.006316959585
0.2262643261
-0.006461443413
-0.002504711225
0.9695559945
-0.005000164745
0.9696700748
-0.007463058092
0.9696721426
-0.005043105648
0.9696505944
-0.00483253035
-0.4836204779
0.4842337422
-0.005656369986
-0.4834567123
0.006255518954
0.4840308563
-0.006829662942
-0.4832262998
0.007381796898
0.4837501561
-0.003989325757
-0.00391632747
-0.2412885172
0.004259693453
0.2414074496
-0.004378625891
-0.2405227786
0.004707562908
0.2406236264
-0.004808410688
-0.2392791765
0.005083919616
0.2393586758
-0.005163418882
-0.2354143195
0.005309518992
0.2354194557
-0.005314655239
-0.2266377032
0.005559171087
0.2267445632
-0.005666031077
-0.002273434357
0.9718294289
-0.004532359757
0.9719290001
-0.006750458473
0.9718902413
-0.004549444383
0.9718059993
-0.00435641905
-0.4847902898
0.4853348331
-0.005093987701
-0.4845662345
0.005622231735
0.4850685402
-0.006124537535
-0.484236084
0.00660366447
0.4846871306
-0.003560195992
-0.003494515078
-0.2417348048
0.003791718053
0.2418355776
-0.003892490912
-0.2409002359
0.00416923156
0.2409846285
-0.004253624106
-0.2395734983
0.004482301309
0.2396380211
-0.004546824076
-0.2354354177
0.004659350952
0.2354412225
-0.004665155753
-0.2270210806
0.004905138189
0.2271003818
-0.004984439366
-0.002058678822
0.9738881077
-0.004099193735
0.9739695151
-0.006093875016
0.9738849226
-0.004096620848
0.9737306642
-0.003921919006
-0.4858277234
0.486311293
-0.004580190466
-0.4855373177
0.00504637818
0.4859775809
-0.00548664141
-0.4851062884
0.005903571944
0.4854960532
-0.003175115085
-0.003118221677
-0.2421137781
0.003374179763
0.242199678
-0.003460079663
-0.2412172455
0.003694733868
0.241288535
-0.003766023348
-0.2398131427
0.003957487984
0.2398659567
-0.004010301895
-0.2354609415
0.004098662878
0.2354684051
-0.004106126538
-0.2273060253
0.004340743947
0.2273651257
-0.004399844402
-0.0018631515
0.9757512592
-0.003705719302
0.9758120829
-0.005499833763
0.975679037
-0.003687623946
0.9754510707
-0.003532616373
-0.4867481566
0.4871781807
-0.004117647971
-0.4863888975
0.004529932774
0.4867758623
-0.004916897546
-0.4858589793
0.005281025639
0.4861972629
-0.002834619121
-0.002784690142
-0.2424376013
0.00300659376
0.2425113213
-0.003080313741
-0.2414859485
0.003280939238
0.2415467138
-0.003341704537
-0.24000994
0.003503344816
0.2400535534
-0.003546958237
-0.2354937386
0.003617830174
0.2355031771
-0.003627268594
-0.2275188581
0.003856233649
0.2275631937
-0.00390056931
-0.001687947041
0.9774392062
-0.003353805519
0.9774779414
-0.004970257493
0.977295489
-0.00332343
0.9769926425
-0.003188399238
-0.4875662687
0.4879497251
-0.003706886393
-0.4871379961
0.004072693787
0.4874794206
-0.004414118268
-0.4865130352
0.00473356783
0.4868081624
-0.00253656404
-0.002492130969
-0.2427161932
0.002685925059
0.242779928
-0.002749659817
-0.2417156749
0.002922644233
0.2417679109
-0.002974880175
-0.2401729608
0.003112440513
0.2402092977
-0.003148777448
-0.2355344179
0.003206869349
0.2355457667
-0.003218218156
-0.2276790146
0.003441450031
0.2277126108
-0.003475046225
-0.001533549842
0.9789727561
-0.003044150346
0.9789885419
-0.004505499625
0.9787568383
-0.003003774929
0.9783795623
-0.002888644507
-0.4882956556
0.4886390471
-0.003347166449
-0.4877996642
0.003673238254
0.4881024372
-0.00397601122
-0.4870844618
0.004257810236
0.4873434905
-0.00227743578
-0.00223940312
-0.2429576754
0.002407916322
0.2430132171
-0.00246345804
-0.2419137032
0.002613878463
0.2419589722
-0.00265914751
-0.2403091894
0.00277713536
0.2403397336
-0.002807679549
-0.2355823909
0.002856377136
0.2355954048
-0.002869390994
-0.2278009871
0.003086883784
0.2278268653
-0.003112761979
-0.001400009016
0.9803727651
-0.002776646923
0.9803651798
-0.004104835968
0.9800850273
-0.002728082419
0.9796349881
-0.002632179394
-0.4889489089
0.4892582101
-0.003037383677
-0.4883872892
0.00332987135
0.4886576326
-0.003600214794
-0.487586612
0.003850640634
0.4878152666
-0.002055813744
-0.002023481492
-0.2431688311
0.002170422463
0.2432176852
-0.002219276567
-0.2420858685
0.002351310364
0.2421254513
-0.00239089319
-0.2404241188
0.00249300011
0.240450063
-0.002518944293
-0.235636614
0.002560811837
0.2356510217
-0.002575219501
-0.2278957546
0.002787080115
0.2279162316
-0.002807557097
-0.001286815468
0.9816595805
-0.0025500491
0.9816284134
-0.003765927763
0.981300906
-0.002493521106
0.9807799167
-0.002417335241
-0.4895375229
0.4898184997
-0.00277449791
-0.4889129974
0.003039053943
0.4891564986
-0.003282555175
-0.4880311348
0.003507393266
0.4882355508
-0.001870847854
-0.001840961406
-0.2433551933
0.001970498491
0.2433985356
-0.002013840775
-0.2422369452
0.00213085676
0.2422718932
-0.002165804745
-0.2405221721
0.002255069009
0.2405444837
-0.0022773806
-0.2356960198
0.002314375751
0.2357115568
-0.002329912719
-0.2279717452
0.002536157782
0.2279885999
-0.002553012459
-0.001193576257
0.9828531568
-0.002363612237
0.9827984494
-0.00348720635
0.9824245001
-0.002300325881
0.9818360621
-0.002243025915
-0.4900725041
0.4903298992
-0.002557720932
-0.4893876997
0.002799404789
0.4896094126
-0.003021117665
-0.4884299082
0.003225345313
0.4886158153
-0.001719930208
-0.001691322171
-0.2435212846
0.001806509411
0.2435601794
-0.001845404224
-0.2423709202
0.001950390059
0.2424021612
-0.001981631011
-0.2406069772
0.002060701229
0.2406264785
-0.002080202513
-0.235759588
0.002113887111
0.235776023
-0.002130322096
-0.2280354302
0.002331052529
0.2280500446
-0.002345666932
-0.001120335165
0.983973492
-0.002216709376
0.9838948236
-0.003267538239
0.9834753289
-0.002141489982
0.9828156422
-0.002105628349
-0.4905625664
0.490804597
-0.002383520579
-0.4898212333
0.002607920609
0.4900257709
-0.002812458241
-0.4887941791
0.002999883479
0.4889648169
-0.001596754651
-0.001573766706
-0.2436712729
0.001675684665
0.24370685
-0.001711261803
-0.2424913381
0.001807040926
0.2425197111
-0.001835413898
-0.2406816254
0.001906631937
0.2406990241
-0.001924030683
-0.2358264516
0.001955690127
0.235843602
-0.001972840501
-0.2280918793
0.002168060312
0.2281053571
-0.00218153806
-0.001064670935
0.9850381629
-0.002106175375
0.984936328
-0.003103069122
0.9844722227
-0.002029405015
0.9837497019
-0.002007723796
-0.4910225887
0.4912479503
-0.002254766648
-0.4902223886
0.002463851908
0.4904134339
-0.002654897235
-0.4891291441
0.002829780355
0.4892880712
-0.001502326482
-0.001486380983
-0.2438093494
0.001575812802
0.243842438
-0.001608901434
-0.2426013921
0.00169781033
0.2426276238
-0.001724042009
-0.2407488001
0.001789457468
0.240764713
-0.001805370376
-0.2358959456
0.001836101334
0.2359136767
-0.001853832402
-0.2281451423
0.00204337183
0.2281583464
-0.002056575961
-0.001033456161
0.9860716191
-0.002039314336
0.9859421862
-0.003002459611
0.9854353679
-0.001957518285
0.9846445879
-0.001939827339
-0.4914537193
0.4916602246
-0.002164023542
-0.4905989753
0.002364228274
0.4907810933
-0.002546346238
-0.4894427264
0.002712685503
0.4895934929
-0.00143588347
-0.001427568558
-0.2439386189
0.001505646414
0.2439699591
-0.001536986593
-0.2427038841
0.001621071729
0.2427286212
-0.001645808796
-0.240810898
0.00170728439
0.2408258904
-0.001722276784
-0.2359676405
0.001753078087
0.235985875
-0.001771312579
-0.2281983527
0.001955052893
0.2282119324
-0.001968632552
-0.001001244659
-0.001986342047
-0.002928342704
-0.001917801361
-0.001875504327
-0.4918659597
0.4920694184
-0.0021212601
-0.4909584347
0.002310782484
0.4911342549
-0.002486602728
-0.489742763
0.002647285403
0.489886623
-0.001399485305
-0.001391660097
-0.244061909
0.001464702214
0.2440922207
-0.001495013952
-0.2428013208
0.001576159762
0.2428251535
-0.001599992501
-0.24087018
0.001659327088
0.2408848451
-0.001673992199
-0.2360412898
0.001705930089
0.2360599349
-0.001724575137
-0.2282538362
0.001902982044
0.2282681771
-0.001917322985
0.003013048012
-0.00309445796
-0.05275156785
0.003453856116
-0.003572646987
-0.05480240274
0.007325474499
-0.2164339088
-0.004139668236
-0.004234919264
0.1060738108
-0.002992504378
-0.105733736
0.005665477612
0.02420547966
-0.2210131376
-0.02087873563
-0.004713550384
0.109980586
-0.003446354547
-0.109563915
0.006483539602
-0.003073743535
0.005812748973
0.1063894719
0.05351055957
0.003234014769
-0.003326170087
-0.05341840425
0.02631893683
-0.0003294105641
-0.02687381657
0.0008842903072
-0.02786882461
-0.0008467667293
0.00123964072
0.02747595062
0.006603440815
-0.006916790358
-0.1131661202
-0.00138310379
-0.02810317643
0.001617455605
0.02728776728
-0.0008771979293
-0.02779367314
-0.003101962096
0.0464171068
0.004217590375
-0.02530327851
-0.02222945657
-0.0002531839296
0.0006954652576
0.0258766555
0.003257881006
0.05359991577
-0.003347237202
-0.02243137109
0.02226125637
-8.306920848e-05
0.02719560808
-0.005452617576
-0.01270656346
-0.01213838914
0.02680127782
-0.0003602772695
-0.02281987885
5.909719666e-05
0.005546289908
0.02574931463
-0.02428722012
-0.001234860471
0.001664752776
0.02385732782
-0.05222428715
0.003512276523
0.05232604443
-0.003614033798
0.05259147606
0.003583900246
-0.05252688285
-0.00184753999
-0.00180095347
-0.05211201526
0.00332987765
0.05214043831
-0.003358300706
0.003459777482
-0.003502938725
-0.05218112591
-0.0007958762294
-0.02475397267
0.001262628778
-0.02509895364
-0.001153460412
0.001422954541
0.02482945951
-0.05180147845
0.003153459437
0.05185952271
-0.003211503691
0.003305976235
-0.003375489474
-0.05204250202
0.003100016322
-0.003143931125
-0.05175756365
-0.0009681510184
-0.02541839946
0.00128759684
0.02477942848
-0.0005356071745
-0.02521197232
0.02434496923
-0.0007190011594
0.003598314353
0.05263075435
-0.001832789493
-0.001804803153
0.05297482556
0.01408434174
-0.05281151391
-0.005372390064
-0.008875263321
-0.0122775504
0.02526929347
-0.02455672358
0.01156498051
0.01204211311
-0.01555760968
-0.008762053827
0.02411373803
-0.02407512094
0.005102725924
-0.0245671421
-0.005886720796
0.005878240472
0.02457562242
0.02380123411
-0.0002664323777
-0.02433067796
0.02917606385
-0.02320984964
-0.0004199243002
-0.006021439724
-0.02461546367
0.006069761296
-0.006978203207
0.01384757336
0.0223066937
0.02307404719
-0.0005076735524
0.0255446151
0.02521137424
-0.02534680361
0.01089112569
-0.009348296269
-0.2250426401
0.2267528003
0.01168297111
-0.006673538096
-0.1125687283
-0.1125900643
0.006552354161
0.1104202449
0.1117909162
0.006990641238
-0.00750888159
-0.1112726758
-0.007432245424
0.09420901967
-0.09457739712
0.007800622897
-0.003034011054
0.004279347587
0.04517177026
-0.004791030462
-0.02640924199
0.003717219125
0.02748305333
-0.02642384561
0.002043610443
0.02673769453
-0.002357459363
0.02669918555
0.001751685371
-0.001603752205
-0.02684711872
0.02937291267
-0.005211315636
0.08661786179
-0.01079437082
-0.08325573639
0.02646647633
0.000908934662
-0.0005173796722
-0.02685803132
-0.0248323863
0.004282151505
0.02672680947
-0.006176574676
-0.03165653165
0.02362432124
0.03330150389
0.02422480795
0.05426537259
-0.01907441567
-0.006440939298
0.00392410354
0.05450627552
-0.004036315932
-0.05439406313
0.001707575954
0.02650529873
-0.001513689128
0.02593204895
0.001824021738
-0.001671970677
-0.02608410001
-0.0004754275644
0.02444903806
-0.02492777528
0.0009541647851
0.02504018059
0.02150515617
-0.02178289963
-0.0001976841018
0.02244611302
-0.00431555062
-0.01722496814
-0.0009055942523
-0.008857356292
0.05051990481
-0.05017467844
0.008512129922
0.002637822017
0.0241171094
-0.01961441853
0.02551184648
0.0005165186067
-0.0001247487858
-0.0259036163
-0.03082707563
0.02598894466
4.71005087e-05
-0.02561270722
0.001826844937
0.02563278982
-0.001846927533
0.002013758365
-0.002416457848
-0.02602114613
-0.006030048634
-0.02462205187
0.004242858511
-0.0005450198366
-0.02609820323
0.0009920817358
0.02565114133
-0.02595290964
0.001683758158
0.02583810981
-0.001568958327
0.001762564287
-0.001700476169
-0.02567479534
0.0008763988673
0.02605831602
-0.0004682385563
0.003656698442
-0.004640874745
-0.02384821
-0.001242361699
0.001673973685
0.02401742608
0.002153423468
0.02587405784
-0.002095432349
0.02675118156
0.009398843318
-0.009882467274
-0.0262675576
-0.002241913542
0.02760685201
-0.02197275149
-0.003392186984
-0.00492989409
0.00951920312
0.01785680399
0.0206388774
-0.0003760829251
-0.01846663958
0.0241380676
-0.004946926313
-0.0007245017084
0.02073457868
-0.004993658063
-0.02005647123
0.02431108814
-0.005305974306
-0.02445327207
0.005448158231
0.02513149947
-0.0001646728258
0.01484688236
-0.0008383474464
-0.02419980569
-0.006514326532
0.006317584777
0.02439654744
-0.004598361928
-0.01316117496
-0.0007071026969
-0.00675744249
-0.02413500576
0.00669264256
-0.01476706477
-0.02209005949
-0.02628624497
0.001726816121
0.02618949701
-0.001630068167
0.001623187234
-0.00155322199
-0.02602287489
-0.0265517175
0.0009700328746
-0.02580548778
0.003068155549
0.02701948374
-0.02587412428
0.001805279487
0.02602181697
-0.001952972167
0.001645928785
-0.001700258261
-0.02623191549
-0.02398580585
0.02314406616
-3.545823438e-05
0.002357133726
-0.02633430953
-8.630049962e-06
-0.02785381606
0.002417276652
0.02203576594
0.000153326292
7.216413517e-05
-0.0001267552117
0.02633701459
0.0005910184349
-0.02283786645
0.02259418574
0.0001169254971
-5.407756577e-05
-0.02370271588
0.0008607231428
2.211389261e-05
-0.02562555956
0.001602023424
0.02562218151
-0.001598645382
0.001749300454
-0.001900272449
-0.02572315229
-0.02493632904
0.002787539699
-0.02641649447
0.001205481009
0.02608741233
-0.02576007826
0.001547027514
0.02571889464
-0.001505843894
0.001578382726
-0.001554401206
-0.02564954108
-0.02482659159
0.02441991964
-0.0001289352291
0.0004672074176
-9.137413334e-05
-0.02520242487
0.000893352829
-0.02563811773
-0.001194934965
0.02395114204
0.001588762149
-0.02392050088
0.02322977518
-0.0005042092628
-0.0002195823973
0.006883485814
-0.007395995495
-0.0240442139
0.02551609779
-0.02502434991
0.006391737931
0.02647175733
0.01060932097
0.0002152036585
0.005213665836
-0.005428869494
-0.01856233883
-0.00439126635
0.005312831725
0.02424159341
0.02099012271
-0.005185438122
0.02224127215
-0.002473042988
-0.0220101427
-0.02175290178
0.02147109143
1.537797362e-05
0.0002282835639
-0.02192538942
-5.579592842e-05
-0.02474432608
0.000641931688
-0.01941256114
-0.0004382279526
0.01483221243
-0.0009846390678
-0.005434502023
0.02085009592
-0.0005833814666
0.02354080486
-0.006668613181
-0.001495005604
0.02222952579
0.002339527004
-0.02090373911
0.01941164259
-2.909082155e-06
5.967876904e-05
0.02568922072
-0.02580706236
0.02265894416
0.0002140260319
-3.340950853e-05
0.02253219598
0.0001763259988
-4.957782219e-05
0.01506965017
-0.01506314006
-6.510112601e-06
-0.004831914598
0.003704908011
-0.0311626052
-3.618926755e-06
-0.0222695297
0.02004476113
0.02746100371
-0.02075458328
0.02699336949
0.00176314015
-0.001659310312
-0.02709719933
-0.0003231968878
0.02260284888
-0.02339679342
0.001117141429
0.0006751574871
-0.0001926163584
-0.02541031641
0.02564147212
-0.02612085586
0.001154541228
0.0252105545
0.001385082406
6.024995025e-05
-0.01229242066
-0.003933759047
-0.0009987884379
-0.0109122118
-0.001380208862
0.0121048565
-0.001891053173
-0.01053700021
0.01899423536
-0.004762708031
-0.01886216501
0.004630637689
0.003197238668
0.004125250677
0.02028436267
-0.02239364872
0.02224174468
2.715525471e-05
7.534364292e-05
0.0001251933823
0.0005087419341
0.002416035483
-0.0001298067007
0.0220752372
-0.02222451923
5.790789646e-05
0.02190681069
3.949127542e-05
0.02238037732
0.0001111304821
4.06881832e-05
8.040659942e-05
7.545148869e-05
-0.0223968023
-0.004513602145
0.002335099419
-0.001502126542
0.002438031465
0.01959716354
-0.02111747169
1.818161064e-05
2.042134027e-05
0.02165341507
3.381322555e-05
3.173411613e-05
0.02493483857
0.00194968962
-0.003499151309
0.003409639971
-0.00352593913
0.001001887437
-0.01864479331
-0.004329845616
0.01885706125
-0.01528441143
-0.002570762387
0.01568007793
0.01121886504
-0.001699661923
-0.002554465091
-0.001511081294
-0.003342454412
-0.00144940056
-0.005524026542
0.01874988235
-0.02174215819
-0.005773812542
0.02199194419
-0.02111487994
-0.005574204563
-0.0001928606604
0.000580034051
-0.02208841733
-2.983274777e-05
-1.134547883e-05
-0.0005096189107
-0.01966793452
0.02575177362
-0.005392361888
-0.0006914772074
-0.01397425998
-0.005010710724
-0.0006829638175
-0.01986226701
-0.005850974853
0.01204317263
-0.006153666019
-0.001118002331
-0.01298957544
-0.0009846845374
0.005878874966
-0.006473075867
0.02727121463
-0.0005422437452
0.02097428175
-0.01500102893
0.0002339641592
0.004435815804
-2.520214518e-05
0.0045752821
0.006630690049
-0.006726012961
-0.2053133762
-0.004863916332
0.1942947352
-0.1963136961
0.007057018923
-0.004515586909
-0.195545504
-0.00426837679
0.2000102026
-0.199779338
0.0041726542
-0.004605163922
-0.2030018514
0.2166027198
-0.2153859817
0.006122786907
0.02115404571
-0.02080139416
-0.2039003245
-0.01981561003
0.1954140219
-0.195498931
0.02008245934
0.00175613251
0.1961627821
-0.01965604606
-0.1952319994
-0.02020434199
0.2022499846
-0.2017274256
0.0198170386
0.004229867163
0.2007391703
-0.02083070504
-0.2058933784
0.2222122168
-0.2208681533
0.02286754409
0.00634027627
0.2178878118
0.2196791842
0.007798639254
-0.004454492467
-0.004457436553
0.1090282376
-0.005090389884
-0.1087157301
0.004777882439
-0.10781692
-0.004885721238
0.004591691316
0.1081109499
0.05315812244
0.00314027002
-0.003232585432
-0.05306580703
0.05254032222
-0.05247162664
0.0033910819
-0.05229918942
0.003271037267
0.0523580298
0.01247446787
-0.01367851835
-0.2056367039
-0.01603678202
0.1969566082
-0.1962247276
0.01547838378
0.009122773782
0.1954866096
-0.0163494342
-0.1957021827
-0.01571736827
0.2013616797
-0.2016993616
0.0161976648
0.00846566346
0.202212377
-0.01495670412
-0.205750431
0.2190478283
-0.2206731923
0.01255376374
0.007984630363
0.2225716295
-0.009509163079
0.2247306575
0.008352174693
0.2242084087
-0.005408575389
-0.1115080019
-0.1113820363
-0.005418958154
-0.1106893511
-0.00539736705
0.005059308091
0.1110274101
0.1107680298
0.007037272172
-0.00376156691
-0.00377088372
0.05530779011
-0.004132036593
-0.05510622685
0.003930473332
-0.05466998201
-0.00397839599
0.003849282763
0.05479909525
0.01457111982
-0.01732421237
-0.2132028554
-0.02418354547
0.2032095053
-0.2010771453
0.0221929141
0.01749229986
0.1979836246
-0.02580997355
-0.1993492572
-0.02818242688
0.2016376366
-0.2011412717
0.02782887093
0.01909139562
0.2010911848
-0.02809882184
-0.2036819134
-0.02559693373
0.2132444009
-0.2143109081
0.02674327663
0.01536153439
0.2173325839
-0.02426763872
-0.218035183
-0.02061440996
0.225771198
-0.2268820864
0.0217440219
0.01113896903
0.2280314674
-0.0184214524
-0.2243153664
0.01017214812
-0.01425041993
-0.2266419814
-0.02585979213
0.215877265
-0.2121125816
0.02218131928
0.02303747326
0.2057602677
-0.02924489723
-0.2090270729
-0.037108234
0.2080536016
-0.205736803
0.03490617887
0.03038427613
0.2025417846
-0.03887283555
-0.2064718135
-0.04179251164
0.2132847504
-0.2125696774
0.04116340842
0.03090896851
0.2125712911
-0.04219952378
-0.2154693037
-0.04068715768
0.2206258805
-0.222120321
0.04221410865
0.02740009801
0.2246675737
-0.03896745771
-0.215452761
0.008069939891
-0.008434529755
-0.2357039685
-0.01589096347
0.2336451125
-0.2289448686
0.01120770672
0.02053773623
0.2199797109
-0.02047394198
-0.2250064351
-0.03283184503
0.2214989043
-0.217617346
0.02901078742
0.03489354817
0.2108326872
-0.03629216083
-0.2166926976
-0.04437799379
0.2205135226
-0.2181377293
0.04206034789
0.04308858608
0.2144717414
-0.04626462719
-0.2198581994
-0.04645294492
0.2157157733
-0.2164614785
0.0472223799
0.04541756943
0.2190787912
-0.0472865887
-0.212436013
0.007449653465
-0.00775482655
-0.2370721487
-0.008674115067
0.2370892475
-0.2367829933
0.008367860847
0.008980792647
0.2361174554
-0.008978929688
-0.23663433
-0.01200353469
0.2363675314
-0.2340808696
0.009721115665
0.02499607262
0.2255990965
-0.01583727786
-0.2319413348
-0.02588585194
0.2319391284
-0.228950097
0.02291424634
0.03912888829
0.2231592897
-0.02828336992
-0.2285852545
-0.03162493841
0.2174232332
-0.216421573
0.03063174835
0.04501513181
0.2154742564
-0.03321289203
-0.2177453908
0.006786626385
-0.00704035437
-0.2382141298
-0.00778725277
0.238158851
-0.2379129917
0.007541393435
0.008160473148
0.2373790621
-0.008029105688
-0.2377540697
-0.00872531941
0.2373698552
-0.2371429889
0.008498453061
0.009302033745
0.2366429392
-0.008946222813
-0.2369082398
-0.009488889216
0.2362823627
-0.2361410091
0.009347535599
0.01546154738
0.2348924159
-0.009546385773
-0.2350704139
-0.009761493468
0.2206295031
-0.2203894531
0.009521443484
0.02359665029
0.2186144301
-0.01016752246
-0.2227537127
0.006128803887
-0.006339656865
-0.2391635917
-0.006948623673
0.2390203062
-0.2388218167
0.006750134154
0.007340997707
0.2383918059
-0.007142093861
-0.2386449805
-0.007689433308
0.2381468412
-0.2379702531
0.00751284517
0.008244598111
0.2375827121
-0.007858510808
-0.2377086883
-0.00824243818
0.2367142158
-0.2366224141
0.00815063643
0.009033015482
0.2364080402
-0.008271000968
-0.2352503293
-0.00851460116
0.2215510497
-0.2213284723
0.008292023726
0.009199885289
0.2208671921
-0.008802585311
-0.2241778099
0.005502122046
-0.005677869903
-0.2399535252
-0.006177641497
0.2397192605
-0.2395576367
0.00601601766
0.00656200756
0.2392087353
-0.006334091375
-0.2393603023
-0.006770673543
0.238757469
-0.2386177837
0.006630988279
0.007284086134
0.2383131567
-0.006902617023
-0.2383255978
-0.007182543649
0.2370020307
-0.2369403583
0.007120871213
0.007880228053
0.2367972248
-0.007196570021
-0.2353395858
-0.007444401804
0.2223851001
-0.222185319
0.007244620644
0.008015375818
0.2217681966
-0.007655859768
-0.2252069025
0.00491856744
-0.005065513676
-0.2406127431
-0.005478477978
0.2402913562
-0.2401585942
0.005345715928
0.005840778087
0.2398729673
-0.005606335418
-0.2399408787
-0.005959362934
0.2392449358
-0.2391327588
0.005847185926
0.006424418215
0.2388894908
-0.006063946101
-0.2388097961
-0.006271498064
0.2371969488
-0.2371549227
0.006229471984
0.006884120696
0.2370579615
-0.006278864178
-0.2353838454
-0.00652674775
0.2231250421
-0.2229488276
0.006350533241
0.007006076476
0.2225789061
-0.006682656737
-0.2259639333
0.00438432478
-0.004507832919
-0.241165009
-0.004851689427
0.2407639382
-0.2406538958
0.004741647037
0.005187480989
0.2404179025
-0.004957273789
-0.2404171942
-0.005246306638
0.2396395959
-0.2395483561
0.005155066793
0.005664746513
0.2393513305
-0.005330164501
-0.2391953187
-0.005486527252
0.2373314049
-0.2373021509
0.005457273318
0.006024737051
0.2372352404
-0.005491760104
-0.2354090866
-0.005737140205
0.2237737381
-0.223619731
0.00558313312
0.006146515742
0.223295486
-0.005852317214
-0.2265225262
0.003903385749
-0.004007849009
-0.2416303415
-0.004296559843
0.2411579769
-0.2410658916
0.004204474549
0.004602378175
0.2408691229
-0.00438469153
-0.2408121042
-0.004624002582
0.2399627487
-0.2398877538
0.004549007676
0.004997100162
0.2397264154
-0.00469190914
-0.2395055917
-0.004811786809
0.2374267051
-0.2374056873
0.004790768992
0.005282670766
0.2373582531
-0.004817296819
-0.2354299077
-0.005058454898
0.2243398531
-0.2242054809
0.004924082689
0.005410303209
0.223922606
-0.005143843163
-0.2269356924
0.003474848551
-0.003563775968
-0.2420248507
-0.003808203775
0.2414895829
-0.2414118012
0.003730422088
0.00408100821
0.2412462002
-0.003882513685
-0.2411429356
-0.00408255073
0.2402297927
-0.2401676072
0.004020365157
0.004410778805
0.2400342712
-0.00413804056
-0.2397576529
-0.004231742019
0.2374969518
-0.2374811622
0.004215952413
0.004639871807
0.2374461842
-0.004238742103
-0.2354539414
-0.004474785786
0.2248347732
-0.2247170667
0.00435707931
0.0047751872
0.2244698041
-0.004538372463
-0.2272424386
0.003095107536
-0.003171284295
-0.2423614245
-0.003379846104
0.2417711191
-0.241704854
0.003313580972
0.00362008234
0.2415642345
-0.003443051593
-0.241422743
-0.003611597071
0.2404522338
-0.2404002733
0.003559636592
0.003898090601
0.2402891901
-0.003657321687
-0.2399642153
-0.003732078463
0.2375514544
-0.23753893
0.003719553989
0.004083844461
0.2375117702
-0.003741020851
-0.2354847962
-0.003971471915
0.2252700499
-0.2251662046
0.003867626616
0.004226784909
0.2249487322
-0.004019086827
-0.2274712432
0.002762404449
-0.002828116934
-0.2426504807
-0.003007531608
0.2420122292
-0.2419552924
0.002950594829
0.003217204035
0.2418348543
-0.003061741786
-0.2416614648
-0.003204866645
0.2406389877
-0.2405952307
0.003161109656
0.003453617287
0.2405019613
-0.003242871252
-0.2401349562
-0.003303802952
0.2375962208
-0.2375857032
0.003293285302
0.00360590642
0.2375633782
-0.003314693725
-0.2355235271
-0.003539374966
0.2256564181
-0.2255638498
0.003446806676
0.003755464794
0.2253708188
-0.003575341206
-0.2276430483
0.002473215475
-0.00253033779
-0.2429005531
-0.0026859649
0.2422204858
-0.2421711543
0.002636633423
0.002867752498
0.2420671209
-0.002732834108
-0.241866834
-0.002855311283
0.2407970248
-0.2407598882
0.002818174632
0.003070471956
0.2406809563
-0.00288717421
-0.2402773265
-0.002937940297
0.2376350942
-0.2376257737
0.002928619818
0.003196714022
0.2376063761
-0.002950560729
-0.2355697705
-0.003169425922
0.2260037091
-0.2259200537
0.003085770479
0.0033513202
0.2257465479
-0.003196986365
-0.2277734267
0.00222584846
-0.002275980701
-0.2431186988
-0.002412264761
0.2424019683
-0.242358826
0.002369122536
0.002566202212
0.242268162
-0.002453152719
-0.2420449805
-0.002558897418
0.2409319027
-0.2409000959
0.002527090614
0.002741432719
0.2408327275
-0.002585886742
-0.2403971294
-0.002629247064
0.2376706344
-0.2376619551
0.002620567728
0.002847259029
0.2376442123
-0.002643327822
-0.2356225332
-0.002856540081
0.2263207703
-0.2262439157
0.002779685493
0.003005091338
0.2260855016
-0.002878176771
-0.2278741179
0.00201757391
-0.002061993502
-0.2433107737
-0.002182525083
0.2425616281
-0.2425235221
0.00214441906
0.002309517691
0.2424437609
-0.002218547117
-0.2422009232
-0.002310777404
0.2410481507
-0.2410206176
0.00228324431
0.002462347232
0.2409625556
-0.002333919212
-0.2404990303
-0.002371979695
0.237704616
-0.2376961922
0.0023635559
0.002552225163
0.2376792211
-0.002387260501
-0.235680739
-0.002594939455
0.2266150804
-0.2265432759
0.002523135004
0.002711624887
0.2263962255
-0.00261256033
-0.2279541244
0.001844860831
-0.001884639785
-0.2434815056
-0.001992430661
0.242703578
-0.2426695402
0.001958392895
0.002093862924
0.2425986219
-0.002024524872
-0.242338826
-0.002105934372
0.2411495279
-0.2411253893
0.002081795752
0.002228468706
0.241074751
-0.002126073131
-0.2405868385
-0.002160464211
0.2377382627
-0.2377298286
0.002152030098
0.002305972929
0.2377130189
-0.002176697603
-0.2357433546
-0.002378852584
0.2268927759
-0.2268246068
0.002310683439
0.002465401502
0.2266858367
-0.002393918666
-0.2280203641
0.001705248292
-0.001741414369
-0.2436351068
-0.001839249726
0.2428314947
-0.2428006441
0.001808399159
0.001917236404
0.2427367316
-0.00186826112
-0.2424623267
-0.001941225889
0.2412392876
-0.2412177772
0.00191971545
0.00203729245
0.2411729367
-0.001959086133
-0.2406637651
-0.001991136667
0.2377724704
-0.2377638261
0.001982492416
0.002105418655
0.2377467312
-0.002008119046
-0.2358094692
-0.002204693096
0.2271588454
-0.2270932009
0.002139048588
0.002263619778
0.2269602087
-0.002218363409
-0.228078209
0.001597633382
-0.001631144786
-0.243775838
-0.001721575049
0.2429487226
-0.2429202578
0.001693110263
0.00177684771
0.2428616879
-0.001748272322
-0.2425746948
-0.001814941584
0.2413202894
-0.2413007182
0.001795370346
0.001885662404
0.2412602571
-0.001831167412
-0.2407325743
-0.001862024693
0.2378079529
-0.2377989288
0.001853000624
0.001946963265
0.2377811972
-0.001879614287
-0.235878356
-0.002070541454
0.2274170141
-0.2273530598
0.002006587196
0.002102889748
0.227224016
-0.002083743931
-0.2281319398
0.001520793449
-0.00155239477
-0.2439070176
-0.001637538967
0.2430581385
-0.2430313708
0.001610771223
0.001669826466
0.2429767064
-0.001662595783
-0.2426788273
-0.001724897253
0.2413950979
-0.2413768436
0.001706642928
0.001770268229
0.2413394787
-0.001740069875
-0.2407957253
-0.001770763267
0.2378453466
-0.2378357863
0.00176120299
0.001826954623
0.2378170996
-0.001788878128
-0.2359495257
-0.001974099985
0.2276698998
-0.227607065
0.001911265234
0.001979730614
0.2274806553
-0.001987539453
-0.2281849133
0.001472730122
-0.001503122645
-0.2440315165
-0.00158488224
0.2431622993
-0.2431366182
0.001559201081
0.001594636378
0.2430845739
-0.001608898398
-0.2427773046
-0.001668619888
0.241466107
-0.2414485766
0.001651089529
0.001689271832
0.2414131105
-0.00168330726
-0.2408554926
-0.001714867021
0.237885267
-0.2378750091
0.001704609116
0.001743361053
0.2378550636
-0.001733458353
-0.2360226985
-0.001912961115
0.227919133
-0.2278571096
0.001850937615
0.001892457508
0.2277324951
-0.001927150094
-0.2282396472
0.001451393775
-0.00148165454
-0.2441519526
-0.001561676917
-0.2432383051
0.001536654509
0.001550671419
0.2431877877
-0.001585040623
-0.2428723945
-0.001643685384
-0.2415183745
0.001626259881
0.001641884148
0.2414835499
-0.001658702109
-0.2409143415
-0.001694665808
-0.2379172099
0.001682440168
0.001695494546
0.2378957025
-0.001714596326
-0.2360972791
-0.001882910355
-0.2281054089
0.001824034493
0.001840985018
0.2279811301
-0.001899201531
-0.2282969649
-0.05223275122
0.003239538031
-0.05202930468
0.00309410293
0.05208866118
-0.05254113094
0.002896508438
0.05261035065
-0.002965728151
-0.05455674567
0.003810867194
-0.05356614562
0.02341891955
0.05437203402
-0.05405938784
0.02168492078
0.05459758177
-0.0222231147
0.05250808669
-0.05236786092
-0.004807218939
-0.1075411298
0.00453142875
-0.004457137684
0.004201294769
0.1069949119
0.00699889945
-0.003967504559
-0.004029664622
-0.002772933439
0.005244443037
0.1052112189
0.1065897451
-0.004718826021
0.1074281427
-0.005092998006
-0.1071423636
-0.005361579162
-0.1103604021
0.005032630186
-0.005164431996
0.004852721357
0.1093399482
0.01712600441
-0.004576257519
-0.01388370027
-0.1074315953
-0.003312192235
0.006194603501
0.1078070651
-0.1086722931
0.1090030977
-0.005495236517
0.1104961559
-0.005713121029
-0.110144614
0.1077281699
-0.005185748479
-0.005412918427
-0.1083497646
-0.003229649558
-0.1070688352
0.006100904168
0.05288061381
-0.05280544971
0.003508736149
0.003426890948
0.0526257078
0.003177076735
0.053239917
-0.003258871288
0.001413911912
-0.02742700534
0.02752152454
-0.02780010301
0.001692490384
0.02707703548
0.001328779374
0.02724163415
-0.02749470706
0.001492713638
-0.001050726009
0.001376407306
0.02691595285
0.02701624305
-0.00675072061
0.09593525739
-0.09462895057
0.005444413777
-0.007321759514
0.007448480547
0.09408229863
0.006909297189
0.112296684
-0.007415065014
0.08941102352
-0.01011492124
0.09708691015
-0.00960423857
-0.0942333922
0.008344798306
0.05267591652
0.00706292725
-0.05308160013
0.002208433673
-0.02789433345
0.02756932862
-0.02734650806
0.001985613113
0.001692077162
0.001509911623
-0.001494123662
-0.02577586622
-0.0267229898
0.001215429994
0.002853630757
-0.002920788445
-0.05247397325
-0.05197620546
0.003046917107
-0.00124796854
0.001523843617
0.0223269738
0.001928021399
0.02691414808
-0.001848799985
0.004203720656
0.0537171711
-0.02694355116
-0.02675975023
0.02660722511
0.001165275622
-0.0006196653854
0.001106034633
0.01273006816
-0.01298087969
-0.05380857631
-0.05317435224
0.01369254835
0.003520436596
0.05295849156
-0.007506441252
0.0385229587
-0.01706343638
-0.01940569864
-0.004394489776
0.004222182867
0.01916654227
0.01249363603
-0.001636748067
0.02468720224
-0.02484681687
0.001824367402
-0.002486778122
0.002309175791
0.02486480457
0.0237100767
-0.003634863737
0.05242996852
0.003530939646
-0.05194496646
0.02623256356
-0.002104070233
0.02619536777
-0.05177762736
-0.001954527961
0.02641322872
-0.02646669151
0.001805148164
0.00188514715
0.02639102685
0.003586068811
-0.001860170915
-0.001822812219
-0.003379280691
0.05215790903
0.003361809974
-0.0519598396
0.05188297595
-0.00167922981
-0.05199349087
-0.00159783331
-0.05180622877
-0.001711773025
0.003432642106
-0.001672136767
0.003409425229
0.001097920128
-0.02520996111
0.02514084149
-0.02548092919
0.001438007826
0.001556653402
0.02521274158
-0.0253395532
0.001549766168
-0.001709064263
0.001704164282
0.02521764156
0.0247091574
-0.00330426489
0.05191819358
0.003245594024
-0.0515638565
0.05171712956
-0.001708237493
-0.05152056277
-0.001652773995
-0.05191717032
-0.001805881242
0.003354605971
-0.001749367243
0.00323029753
-0.00304354635
0.05172977585
0.003003462389
0.05151670559
-0.001534992354
-0.0515186996
-0.001567411575
0.003081221374
-0.001536187866
0.003053433576
0.001228912579
-0.02575395921
0.02552142816
-0.02572535696
0.001432841379
0.001469471803
0.05267657793
0.003680725874
-0.001835409898
-0.00189113955
0.02607619693
-0.02613581535
0.001883640157
0.00179813442
0.02632267026
0.0266654501
-0.02634876185
0.009082155076
0.002165335816
0.02606428458
0.005067646907
-0.00215126845
-0.00305131444
0.004000575468
-0.02422649788
0.02381874486
-0.02391048264
0.004092313251
0.002647978718
0.02627349207
0.02358257263
-0.02327853673
-0.005816787011
0.0236255471
0.02450389491
-0.005745059501
0.006287869484
-0.02465711329
-0.006246219857
0.02305975028
-0.02292554682
0.02562820204
0.02557557547
-0.2254923056
-0.01035075273
0.2264952838
0.009384953321
-0.01066885024
0.009075153351
-0.1117708402
0.00648943413
0.1121907033
0.2252207037
-0.1119163882
-0.006115351545
-0.006011186827
-0.1118466273
0.226552922
0.1108546742
-0.005755885419
-0.005756732345
-0.1115682312
-0.11132978
0.006549581034
-0.1113315221
-0.008105103718
0.1119277442
0.00754468647
-0.008216610601
-0.05535180781
0.007040040399
0.007976492745
-0.04358948393
-0.007743102089
-0.05122130384
0.1101158687
-0.0552378507
-0.0551181359
0.1098113879
0.05466088034
-0.004133000816
-0.004334980185
-0.05503490711
-0.003124905244
-0.0434645946
0.003000015915
0.02762606641
0.002894909613
-0.0268037569
-0.002472083474
0.002298046876
-0.00209942469
0.02687882059
0.001958298635
-0.0272304311
0.02742905329
-0.02669298085
-0.02731702802
0.02704205519
0.001804515649
0.00183621752
0.03587164205
-0.005636766688
-0.0333597806
0.05188621658
-0.05170790861
0.006884619276
0.007933777859
0.05093092526
-0.1032698887
0.1046747021
0.01165291403
-0.04983804525
-0.0434742824
-0.02626977246
0.02592871878
0.0005936755034
0.0009767216972
0.02825931722
0.02183676135
-0.004924019601
0.006315817416
0.02686751941
0.03023118157
-0.001853697282
-0.00387627479
0.05433424809
0.003807399294
0.05417524086
-0.001851357877
-0.02717384212
-0.02726317549
0.01950834739
0.02720186384
-0.05417833906
0.05434574378
0.003920157781
-0.001995234588
0.00386034274
-0.001476571179
0.02628955833
0.00169231158
-0.02669364168
0.02632310514
-0.02596864145
0.02568175318
0.00150900492
0.001714463233
-0.02485274686
0.009115395931
-0.04989774722
-0.009392327149
0.04547140803
-0.02172951279
0.00421143258
-0.02323242166
0.0464770967
0.0223205839
0.003117926915
-0.004980127016
-0.02151209381
-0.02463010164
-0.03979511391
0.01195047267
0.004992594515
-0.002415598853
-0.006287930274
0.00703877339
0.0001400571408
-0.0008909002612
0.00248346628
-0.003557730721
-0.002094265586
0.02577252744
-0.0252800043
0.0254949145
-0.02530256443
-0.02600326714
-0.003106171557
0.002352688917
-0.002861041558
0.003663306932
0.02566706995
0.02583426288
0.001352698034
-0.02619487918
-0.001021214273
0.001374547967
-0.001587566002
0.02575353905
-0.02585442671
0.02564140868
-0.02607068701
-0.02544638719
0.001633029314
-0.0004495924368
0.0008697907179
-0.02557161071
-0.003299755218
0.02597621708
0.003197595969
-0.02553601045
0.0256458952
-0.02604565605
0.02677250975
0.005991977085
0.005700636571
-0.02227875876
-0.005364636734
0.02264973743
0.005240347929
-0.0055271625
0.00556914437
-0.005518521526
0.02366752897
0.02375105047
0.0222811558
-0.006036752904
-0.006297318751
-0.001559719744
0.02615138345
-0.02669356866
0.02651025622
-0.02683092319
-0.02629066656
-0.001333242435
0.001550721251
-0.001331131594
0.0009732674855
0.02655808874
0.02677103224
0.002335751713
-0.0260386284
-0.002830058301
0.002254582475
-0.001932048687
0.02620449841
-0.0263642557
0.02668678949
-0.02598147616
-0.02683910428
0.001833298321
-0.001674672683
0.0256440802
-0.0254621539
0.0254916455
-0.02551103311
-0.02566304027
-0.002218708336
0.001787309579
-0.001958704349
0.002210859826
0.02546979704
0.02593476415
0.001401529545
-0.02613081269
-0.001203243835
0.001412651022
-0.00150700995
0.02568971672
-0.02578471599
0.02569035707
-0.02588903034
-0.02559596252
0.00152723593
0.02374643012
0.005317452078
-0.005204013164
0.00503996064
-0.003652914936
0.02130058323
-0.02278175139
0.02416879709
-0.02322170526
0.02339664099
0.005039405083
-0.006608505599
0.02742265804
0.006646851271
-0.02785468782
0.02756199964
-0.0270725268
-0.001422247604
0.02683546409
0.001525899165
-0.001036426322
0.0005290538988
0.006305334255
0.02636014699
0.02605504082
-0.006922595317
-0.003863500464
0.008895042606
0.004231665959
-0.004115487887
0.004899421225
-0.02541265051
0.00165106427
0.01461946275
-0.01383552941
0.01538659997
0.02228879488
0.008593322616
0.003465034775
-0.008066768331
-0.009304224921
0.457770776
-0.01054112496
-0.01196315898
0.4553994464
-0.005113049628
-0.006527599134
0.2103988117
-0.2102447186
0.006573063277
-0.0262694064
-0.4590400224
-0.02943987766
0.4622104937
-0.03266293581
-0.4568592606
-0.03616852295
0.4603648478
-0.01515899699
-0.02153636754
0.2087424819
-0.2089199957
0.02144387133
0.005173368743
0.2097165952
-0.004686692582
0.2042878839
0.005321447673
-0.2008051199
0.2002839498
-0.004005428025
-0.2015463405
-0.00260681777
-0.002296880995
0.002752026484
0.1953622581
-0.1962726071
0.1961907596
-0.002038423491
-0.1958366759
-0.003789114418
-0.004124031222
0.002359273417
0.205069487
-0.208412726
0.2095752939
-0.005205821938
-0.2075238868
-0.005255781543
-0.003158772048
0.05299173646
-0.052745208
0.0528211212
-0.003234685246
-0.05267135006
-0.003202254658
-0.009641215727
-0.4635663523
-0.01099993843
0.464925075
-0.01248337817
-0.4619703302
-0.01409914067
0.4635860927
-0.009221622217
-0.009585363273
0.2125284298
-0.2110596117
0.01110374507
0.008574898521
0.2091791108
-0.01067199811
0.2046590178
0.01016595406
-0.1999158119
0.2004310394
-0.01102866353
-0.1996859612
-0.009155454848
-0.01127776129
0.01132092687
0.1954110692
-0.196389048
0.1964099578
-0.01112484268
-0.1964050096
-0.008658607513
-0.01010462236
0.01053284075
0.2062795275
-0.2116732835
0.2112315986
-0.00958166347
-0.211696274
-0.00805101595
-0.009887109247
-0.4663163802
-0.01124262145
0.4676718924
-0.01270980573
-0.465192035
-0.0142903256
0.4667725549
-0.009406337408
-0.008765743083
0.2220939856
-0.2191638161
0.0116976339
0.01165416449
0.2143736578
-0.01607953223
0.2107426034
0.01411016996
-0.2039236933
0.2058102305
-0.01783487343
-0.2024111859
-0.01636279411
-0.02140306594
0.02053255172
0.1979632638
-0.1971553139
0.1978342173
-0.02191701003
-0.1967349649
-0.01916761465
-0.02116410579
0.02180484779
0.2039618357
-0.2085048249
0.2075895495
-0.02014124844
-0.2095106974
-0.01680900274
-0.01516716054
0.01707373366
0.2196416839
-0.2251053274
0.2231290774
-0.01316974779
-0.01017001922
-0.01139696868
0.01169713736
0.2262843533
-0.2038284442
0.2050692189
-0.01263774343
-0.01387098406
-0.1063121542
-0.009844470586
-0.4690383839
-0.01114886903
0.4703427823
-0.01254546339
-0.4683112856
-0.01402967724
0.4697954995
-0.0078346568
-0.007767104464
0.2345423566
-0.2325380569
0.008170955877
0.01097907626
0.2253696346
-0.01686835864
0.2227910653
0.01337870509
-0.2138188565
0.2172527013
-0.02022200052
-0.2107585565
-0.02031109821
-0.02872171931
0.02621559693
0.2059582657
-0.2020084094
0.2042505748
-0.03082962342
-0.2002118242
-0.02916875342
-0.03450960601
0.03373008631
0.2050845415
-0.2065286743
0.2070013369
-0.03486687407
-0.2065088831
-0.03137319252
-0.03400970072
0.03452335916
0.2154501615
-0.2192305236
0.2187390507
-0.03346070728
-0.2201437404
-0.02823986363
-0.02937670254
0.03167969815
0.2175494431
-0.2073380692
0.2084345061
-0.03046798882
-0.2064974008
-0.02479682468
-0.009563774021
-0.4716392757
-0.01078354697
0.4728590487
-0.01207291485
-0.471214769
-0.01342167546
0.4725635296
-0.007466717819
-0.007360340794
0.2361230124
-0.235767659
0.00771458651
0.008061131299
0.235007289
-0.009399555737
0.2353232653
0.008344715494
-0.2294365951
0.2337616233
-0.0137104115
-0.2251140109
-0.01633106656
-0.02661340817
0.02249138284
0.2205636516
-0.2136387688
0.2175579239
-0.03045446786
-0.2100863752
-0.03180851602
-0.03977955322
0.0370716436
0.2134995303
-0.2113280021
0.2137109391
-0.04207446169
-0.2094002285
-0.04165041426
-0.0467906472
0.04553400331
0.2181934938
-0.2195944247
0.2204701464
-0.04761169226
-0.2189674696
-0.04561363237
-0.04546814986
0.04592531331
0.2121872311
-0.2136947844
0.2158893557
-0.04765942907
-0.2116457897
-0.04474117887
-0.009110045801
-0.4740581916
-0.0102264067
0.4751745525
-0.01139116853
-0.4738380219
-0.01259078085
0.4750376342
-0.006973292163
-0.006846404366
0.2374207716
-0.2371199539
0.007148835795
0.007571069719
0.2364715907
-0.008102564703
0.2367523026
0.007768484809
-0.2363349904
0.2366724676
-0.008440041859
-0.2359812925
-0.008623010149
-0.01112349785
0.009122086782
0.2363111718
-0.2307912841
0.2352813383
-0.01560232885
-0.2262195876
-0.02066299869
-0.02813761775
0.02423242646
0.2279331654
-0.2230592401
0.2266671466
-0.03170703218
-0.2196436295
-0.03614110588
-0.03995894806
0.03771315746
0.2262175914
-0.2239339753
0.2252704524
-0.04126569637
-0.2226837072
-0.04503697111
-0.0432518464
0.0417158346
0.2161115683
-0.2219668133
0.223520386
-0.04480614393
-0.2201385274
-0.04785717644
-0.008541254637
-0.4762638392
-0.009547381235
0.4772699658
-0.01058383486
-0.4761619697
-0.01163476125
0.4772128961
-0.006409553466
-0.00628427882
0.2385143021
-0.2382624116
0.006534735888
0.006990675144
0.2377156947
-0.007397480015
0.2379476922
0.007119169217
-0.2375919427
0.2378697144
-0.007675251763
-0.2373002604
-0.007869340052
-0.008497099823
0.008225842206
0.2374979312
-0.2370543651
0.2373217486
-0.008764483267
-0.2367701589
-0.0090220229
-0.009538547612
0.009285372437
0.2366715949
-0.2362107611
0.2364567702
-0.009784556657
-0.2340889343
-0.0123300458
-0.01278017336
0.01120786714
0.2349997293
-0.2299777733
0.2316010576
-0.01440052976
-0.228276842
-0.0225148974
-0.01825924268
0.01698819156
0.2220672947
-0.2266084822
0.2272193431
-0.01887067565
-0.2258114945
-0.02703675736
-0.007908358475
-0.4782470078
-0.008805656724
0.4791443061
-0.009719266039
-0.4781931102
-0.0106327525
0.4791065967
-0.005823625602
-0.005714573652
0.2394325676
-0.23922249
0.005918726268
0.006372303775
0.238763501
-0.006686543233
0.2389420598
0.006455281624
-0.2386259483
0.2388543986
-0.006914993543
-0.2383860917
-0.007104299777
-0.007576574808
0.007360525176
0.2384405512
-0.2380344485
0.2382453886
-0.007787514879
-0.2378107843
-0.008026195796
-0.00838559465
0.008192819813
0.2375282252
-0.237092208
0.2372738148
-0.00856720145
-0.2368964268
-0.008859543491
-0.008879376525
0.00883894243
0.2352162574
-0.2315284228
0.2315096883
-0.008860642056
-0.2315494289
-0.009185599862
-0.009455650235
0.009117764149
0.2238660707
-0.2279145475
0.2280578499
-0.009598952618
-0.2277481387
-0.009972426003
-0.007251749502
-0.4800138792
-0.008046624704
0.4808087544
-0.008847675718
-0.4799568778
-0.009638806393
0.4807480085
-0.005250230406
-0.005160412634
0.2402036712
-0.2400282015
0.005326652314
0.00575868615
0.2396429174
-0.006003733601
0.2397689973
0.005811302272
-0.2394770153
0.2396654927
-0.006192211047
-0.2392793801
-0.006368792363
-0.006728737337
0.006554978634
0.2391955189
-0.2388106773
0.2389790796
-0.006897139638
-0.2386327247
-0.007111698808
-0.007365789638
0.007216750201
0.238185475
-0.237746709
0.2378837042
-0.007502784817
-0.2375999976
-0.007755782836
-0.007712872068
0.007692848641
0.2353228331
-0.2314619267
0.2314494018
-0.007700347222
-0.2314763259
-0.007972755313
-0.008205973966
0.007959460486
0.2249786781
-0.2283880146
0.2284719405
-0.008289899863
-0.2282922471
-0.008594660748
-0.006600893165
-0.4815784217
-0.007302426649
0.4822799552
-0.008003088121
-0.4814838271
-0.008688216343
0.4821689554
-0.00471425296
-0.004633259841
0.240852256
-0.2407051153
0.004771426642
0.005172028314
0.2403814584
-0.005364863947
0.2404585537
0.005204229933
-0.2401802473
0.2403364982
-0.005521114833
-0.2400166617
-0.005682047597
-0.005960009555
0.005818763617
0.2398065687
-0.2394330757
0.239569205
-0.006096138826
-0.2392897092
-0.006286421985
-0.006469216029
0.006351944315
0.2386991194
-0.2382438561
0.2383491044
-0.006574464299
-0.2381316102
-0.006792992281
-0.006719725402
0.00670976855
0.2353753458
-0.2314250603
0.231421888
-0.006716553107
-0.2314307917
-0.006946096723
-0.00714946255
0.006967935934
0.2257957514
-0.2286669473
0.2287166902
-0.007199205386
-0.2286102231
-0.007452471048
-0.005975722601
-0.4829594569
-0.006593791981
0.4835775263
-0.007206155668
-0.4828063594
-0.007799470693
0.4833996744
-0.00422062691
-0.00414407234
0.2413992638
-0.2412751814
0.004260242419
0.004628873992
0.2410021586
-0.004780124634
0.2410355086
0.004645491205
-0.2407643014
0.2408945624
-0.004910385626
-0.2406281517
-0.005056112064
-0.005272664178
0.005156616442
0.2403065252
-0.2399384103
0.2400497977
-0.005384051608
-0.2398214535
-0.005552725395
-0.005685198226
0.005591658804
0.2391067696
-0.2386275905
0.2387094659
-0.005767073584
-0.2385405203
-0.005957062355
-0.005870888833
0.005864997793
0.2354036097
-0.2314283892
0.2314359485
-0.005878448171
-0.2314235226
-0.006074402512
-0.006251799569
0.00611782326
0.2263983024
-0.2288314245
0.2288602143
-0.006280589311
-0.2287982776
-0.006494590345
-0.005389077982
-0.4841766753
-0.005933289165
0.4847208864
-0.00646866733
-0.4839518084
-0.006983003877
0.4844661449
-0.003769146171
-0.003699785536
0.2418631123
-0.2417578701
0.003798143563
0.004132563807
0.2415263934
-0.004250828158
0.2415209493
0.004137328422
-0.2412524658
0.2413617966
-0.004360158959
-0.2411383403
-0.004492751406
-0.004661929537
0.004565589189
0.2407199667
-0.2403536936
0.2404458921
-0.00475412799
-0.2402571179
-0.004904986385
-0.004999973597
0.004924597906
0.2394340515
-0.2389272831
0.2389916501
-0.0050643406
-0.2388589812
-0.005231720756
-0.005141733101
0.005136572888
0.2354246159
-0.2314742781
0.2314920249
-0.005159479862
-0.2314589581
-0.005329975267
-0.005484292913
0.005385171668
0.2268436844
-0.2289247562
0.2289401973
-0.005499734043
-0.228906494
-0.005684293312
-0.004849309288
-0.4852491305
-0.005328794033
0.4857286152
-0.005797571447
-0.4849452719
-0.00624453082
0.4853922312
-0.003362466453
-0.003301222203
0.2422585908
-0.2421687976
0.003385055318
0.003683376674
0.2419714536
-0.003778661503
0.2419318737
0.003682365438
-0.2416632966
0.2417557279
-0.00387109279
-0.2415669836
-0.00398880387
-0.004124834517
0.004044012485
0.2410654505
-0.2406988596
0.2407760123
-0.004201987271
-0.2406182479
-0.004334235744
-0.004404682027
0.004343369832
0.2396993333
-0.2391638218
0.2392149755
-0.00445583574
-0.2391096843
-0.004600961537
-0.00451654693
0.004510389374
0.2354473801
-0.2315588881
0.2315853698
-0.004543028666
-0.2315344301
-0.00468961374
-0.00482882979
0.004755195808
0.2271740158
-0.2289722594
0.2289789263
-0.004835496667
-0.2289637157
-0.004992983108
-0.004358782645
-0.4861948029
-0.004781817308
0.4866178376
-0.005193133909
-0.4858091618
-0.00558270115
0.486198729
-0.002999503704
-0.002946123542
0.2425976276
-0.2425205737
0.003018053643
0.003281382311
0.2423513882
-0.003361158511
0.2422819148
0.003278921691
-0.242011516
0.2420902389
-0.003439881341
-0.2419296753
-0.003541920371
-0.003655174576
0.003586714668
0.2413569949
-0.2409886879
0.2410538595
-0.003720346195
-0.2409207733
-0.003833937881
-0.003888927959
0.003838610938
0.2399162737
-0.2393525105
0.2393936037
-0.003930021148
-0.2393091559
-0.004053656543
-0.003980350396
0.003972401127
0.2354763544
-0.2316759471
0.2317094958
-0.004013899131
-0.2316440128
-0.004138060817
-0.004268607994
0.004213630726
0.227420103
-0.2289893168
0.2289900373
-0.004269328449
-0.2289873104
-0.004401850861
-0.003920704461
-0.4870301224
-0.004294984001
0.487404402
-0.004657117866
-0.4865628571
-0.004998080909
0.4869038202
-0.002680204116
-0.002633649075
0.2428900526
-0.2428234958
0.00269584766
0.002926647991
0.2426775734
-0.002993743487
0.2425820076
0.002923057209
-0.2423088143
0.2423763486
-0.003061277709
-0.2422387407
-0.0031503874
-0.003245459363
0.003186983846
0.2416051893
-0.2412341866
0.2412896745
-0.003300947218
-0.2411764776
-0.003399413551
-0.003442266022
0.003400624618
0.2400951948
-0.2395046414
0.2395380042
-0.003475628802
-0.2394695383
-0.003582061345
-0.003519510094
0.003509576169
0.235513111
-0.2318187415
0.231857699
-0.003558467603
-0.2317809947
-0.003665015409
-0.003788413135
0.00374708744
0.2276045194
-0.2289855637
0.2289821795
-0.003785028995
-0.228988061
-0.003898071986
-0.003534329668
-0.4877702094
-0.003866773072
0.4881026528
-0.004187016675
-0.4872232697
-0.004486934065
0.4875231871
-0.002402205465
-0.002361027983
0.2431440072
-0.2430860899
0.00241529818
0.00261660828
0.2429593693
-0.002673354847
0.2428411223
0.002612160549
-0.2425645968
0.2426229835
-0.00273174152
-0.2425041132
-0.002810143475
-0.002890595368
0.002840248036
0.2418182582
-0.2414438114
0.2414914139
-0.002938197803
-0.2413943775
-0.003024314143
-0.003057597394
0.003022843422
0.2402440517
-0.2396286448
0.2396560242
-0.003084976789
-0.2395999042
-0.00317751801
-0.003124835228
0.003113047184
0.2355575547
-0.2319807945
0.2320235796
-0.00316762035
-0.2319388173
-0.003260195349
-0.003377977422
0.003346569919
0.2277440183
-0.2289674947
0.228961322
-0.003371804756
-0.228973073
-0.00346946789
-0.0031985063
-0.4884287246
-0.003495374242
0.4887255925
-0.003780226279
-0.4878049861
-0.004045650152
0.48807041
-0.002161910324
-0.002126861405
0.2433664325
-0.2433155211
0.002174937038
0.002347388381
0.2432045352
-0.002398002526
0.2430666648
0.002344554832
-0.2427864663
0.2428374073
-0.002448943614
-0.2427338201
-0.002516104186
-0.002587189549
0.002543462715
0.2420026991
-0.2416242019
0.2416653832
-0.002628370814
-0.2415815258
-0.002701823602
-0.002730148262
0.002700862893
0.2403690189
-0.2397308589
0.2397536085
-0.002752897955
-0.2397070552
-0.002831483219
-0.00279029796
0.002776913686
0.2356087891
-0.2321559929
0.2322012004
-0.002835505495
-0.2321112616
-0.002914122229
-0.003030652702
0.003006324302
0.2278511937
-0.2289397944
0.2289317864
-0.003022644726
-0.2289474195
-0.00310513685
-0.002911492198
-0.4890180802
-0.003178519808
0.4892851078
-0.003433884574
-0.4883208359
-0.003670940994
0.4885578923
-0.001958739827
-0.001928069363
0.2435630191
-0.2435176994
0.001972254217
0.002117133297
0.2434197216
-0.002164431476
0.2432648238
0.002117292833
-0.2429807165
0.2430255999
-0.002209314902
-0.2429344552
-0.002265537865
-0.002330784403
0.002292451186
0.2421637845
-0.2417807574
0.241816713
-0.002366739999
-0.2417435924
-0.002428058213
-0.002454371854
0.002429418765
0.240475016
-0.2398162176
0.2398354017
-0.002473555897
-0.2397962276
-0.002538934323
-0.002509572905
0.002494858062
0.2356657365
-0.2323390616
0.2323855417
-0.002556052936
-0.2322928015
-0.002621479647
-0.002739459195
0.002720035567
0.2279356552
-0.2289058782
0.228896744
-0.002730324999
-0.2289147883
-0.00279864698
-0.002671339662
-0.4895496639
-0.002913753932
0.4897920781
-0.003144955005
-0.4887827304
-0.00335899587
0.4889967713
-0.001791322438
-0.001762030849
0.2437383099
-0.2436974167
0.001803967649
0.001923439667
0.2436100779
-0.001968837501
0.2434405098
0.001926863258
-0.2431524216
0.243192358
-0.002008773863
-0.2431113849
-0.002054877458
-0.00211658885
0.002082641914
0.2423058401
-0.2419179153
0.2419496304
-0.002148303921
-0.2418852332
-0.00219848692
-0.002224634602
0.002203092078
0.2405660262
-0.239888627
0.2399050921
-0.002241099764
-0.239871557
-0.002294450569
-0.002276462779
0.00226067746
0.2357273421
-0.2325257169
0.2325725302
-0.002323275997
-0.2324789225
-0.002376707167
-0.002497555857
0.002481373676
0.2280047821
-0.2288683298
0.2288586186
-0.002487844607
-0.228877939
-0.002543403345
-0.002475693135
-0.490033762
-0.002698443755
0.4902565126
-0.002910264465
-0.4892009989
-0.003105734912
0.4893964694
-0.001655639957
-0.001628458723
0.2438964673
-0.2438590819
0.001667862828
0.001764623653
0.2437801956
-0.001809073885
0.2435980152
0.001771238091
-0.2433058645
0.2433418518
-0.001845061195
-0.2432690188
-0.00188224986
-0.001942001224
0.001911547051
0.2424326154
-0.2420394472
0.2420677906
-0.001970344611
-0.2420103441
-0.002010734083
-0.002037830906
0.002018914218
0.2406453952
-0.2399512575
0.2399657084
-0.002052281792
-0.2399363662
-0.002095093887
-0.002087534612
0.002070903083
0.2357926546
-0.2327125648
0.2327589938
-0.002133963612
-0.232665994
-0.002176892826
-0.002301170922
0.002286931316
0.2280642842
-0.228829154
0.2288193041
-0.002291320975
-0.228839005
-0.002335815949
-0.00232362007
-0.4904809126
-0.002530648865
0.4906879414
-0.002727266568
-0.4895838946
-0.00290799952
0.4897646275
-0.001545855151
-0.001526471525
0.2440422888
-0.2440076523
0.001562996892
0.001637337177
0.2439348148
-0.00168228718
0.2437415995
0.001647537678
-0.24344503
0.2434780443
-0.001715301532
-0.2434113667
-0.001744925101
-0.00180391768
0.001776151017
0.2425474777
-0.2421486981
0.2421744447
-0.001829664265
-0.242122366
-0.001861745978
-0.001890452386
0.001873484613
0.2407159919
-0.2400067614
0.2400197943
-0.001903485335
-0.2399934233
-0.001937368745
-0.001939073484
0.001921772872
0.2358609026
-0.2328970423
0.2329425489
-0.001984580116
-0.2328512564
-0.002018626368
-0.002146175873
0.00213284026
0.2281186927
-0.228790012
0.22878041
-0.002136573919
-0.2287997112
-0.002171838841
-0.002213492809
-0.4908970267
-0.002409237931
0.4910927718
-0.002594779321
-0.4899395107
-0.002765037888
0.4901097692
-0.001465992236
-0.001453700852
0.2441788157
-0.2441461521
0.001488129897
0.001540126162
0.2440779754
-0.001587786304
0.2438748962
0.001555328051
-0.2435735424
0.2436043616
-0.001618605487
-0.2435422549
-0.001640188937
-0.001701104061
0.001675309666
0.2426534182
-0.2422486425
0.2422724895
-0.001724951055
-0.2422243758
-0.001748308761
-0.001780979755
0.001765352122
0.2407803406
-0.2400574116
0.2400695567
-0.0017931249
-0.2400450878
-0.001817694096
-0.001829486027
0.001811628603
0.2359315341
-0.2330772706
0.2331215075
-0.001873722876
-0.2330326816
-0.001898421419
-0.002030789734
0.002017545841
0.2281715903
-0.2287523668
0.2287433379
-0.002021760859
-0.2287615686
-0.002047374157
-0.002145562505
-0.4912929766
-0.002332444821
0.4914798589
-0.002509786286
-0.4902761085
-0.00267301703
0.4904393392
-0.001413781561
-0.001408505582
0.2443089425
-0.2442775713
0.001441359
0.001471796275
0.2442126658
-0.001524104684
0.2440008429
0.001493220832
-0.2436943418
0.2437236664
-0.001553429218
-0.243664725
-0.001566603478
-0.001631787944
0.001607322442
0.2427530867
-0.2423419452
0.242364526
-0.001654368745
-0.2423191081
-0.001668645897
-0.00170743242
0.001692577864
0.2408407449
-0.2401052475
0.2401169969
-0.001719181863
-0.2400934471
-0.001734077207
-0.001756769916
0.00173841343
0.2360042315
-0.2332520935
0.2332948924
-0.001799568877
-0.2332089359
-0.001814470174
-0.001952882942
0.001939120407
0.2282256949
-0.2287174267
0.2287092304
-0.001944686687
-0.2287258515
-0.001960207707
-0.002093460528
-0.4916693813
-0.002287948328
-0.002466036764
-0.4906000219
-0.002628743172
-0.001388451349
-0.001383886271
-0.2444047265
0.001419098204
0.001432035983
0.2443416087
-0.001489396617
0.2441221402
0.001459477177
-0.2438101116
0.24383855
-0.001517834957
-0.2437815071
-0.001523618445
-0.001593751105
0.00157006464
0.24284884
-0.2424310385
0.2424529099
-0.001615622507
-0.2424090397
-0.001621991321
-0.001667517311
0.001652821184
0.2408995412
-0.2401522827
0.2401642196
-0.001679454181
-0.2401404744
-0.001685800475
-0.001719012326
0.001700149775
0.2360787974
-0.2334210606
0.2334623373
-0.001760288987
-0.2333793779
-0.00176625785
-0.001910041175
0.001895373319
0.228282845
-0.2286859876
0.2286788443
-0.001902897815
-0.2286935526
-0.001909758076
-0.05259862953
-0.003167178489
0.003054825871
-0.003116895437
-0.05253655997
-0.05268924635
-0.05475444135
-0.003694482692
0.003546347024
-0.003657317127
-0.05464347124
-0.05470241026
0.005564855804
-0.002920083526
-0.1054819999
0.1062749956
-0.1059673747
0.005257234818
0.1065598969
0.005380576306
0.02414386713
-0.003409319272
-0.108613542
0.1097470336
-0.1089154562
0.02331228978
0.110143527
0.006087046172
0.1068794319
0.005493214047
-0.00593047341
0.005603332988
0.1072065723
-0.003122281957
0.1067215505
-0.05324931027
0.05333788369
-0.003414743507
0.003316094691
-0.003407628012
-0.05315777695
-0.05333195912
-0.002837350752
0.05240790527
0.05226812959
-0.002902731336
-0.003408239328
0.05369596286
-0.0534287216
0.05352658233
-0.00350610006
-0.003438075109
-0.02551346564
0.1105553116
0.006140569565
-0.006583641226
0.006162889442
0.1109760634
0.1108738759
0.05364035067
0.004356168022
-0.004079234497
0.004404780063
0.0533148051
-0.003093547668
0.04418608344
-0.005119311288
0.03139867629
-0.04028621703
0.0417930979
-0.006626192155
-0.006974573967
0.02495806207
0.02392702209
0.004984291993
0.01108481648
-0.01178789603
-0.2012650011
-0.00686470317
0.002349932256
-0.003622720683
0.003268025301
0.00315966404
-0.002809630732
0.1982326488
0.1985817577
-0.1959168492
-0.004268454343
0.002605968959
-0.002584505118
0.002765572276
-0.003173392476
0.1973664347
0.1974249182
-0.2068369526
-0.005211079534
0.003809802655
-0.004677737703
0.005753643474
0.2110523751
0.2120124445
-0.1999007952
-0.02042602451
0.0136703147
-0.0131228431
0.01420000256
0.01259443867
-0.1957563292
-0.01214977824
0.197066878
-0.1974157058
0.1968982367
0.1979035555
-0.00334205066
-0.1962479132
-0.01964014255
0.01183244976
-0.01171058997
0.0118153574
-0.2012011663
-0.01220057758
0.1984519734
-0.1981837622
0.1987863049
0.1980222457
-0.002037965726
-0.2107347248
-0.02171716159
0.0129117026
-0.01399129665
0.01548577676
-0.2192196128
0.2159999616
-0.2144618108
0.2171900213
0.2131444218
-0.006477388174
-0.05290363914
-0.003316716107
0.05298776982
0.003196352523
-0.003278870463
0.003351642123
-0.05241384353
0.05271094148
-0.05263816981
0.05278530727
0.05256685881
-0.0524980762
-0.003305996248
-0.201254971
-0.01468678443
0.01222130792
-0.0128912013
0.01137579395
0.01337804896
-0.1957468315
-0.01367803612
0.1980845163
-0.1974281871
0.1990401983
0.1970415994
-0.01124180255
-0.1965073902
-0.01640580307
0.01379013
-0.01371470522
0.01345221554
-0.202009846
-0.01300127757
0.1985577251
-0.1986604355
0.1985094975
0.1987522285
-0.01087372851
-0.210467223
-0.01390594425
0.01235630636
-0.0115046187
0.01042304952
-0.22199642
0.21554787
-0.2165731364
0.2142616405
0.2171654383
-0.008941463629
0.05490629287
-0.05478457043
-0.003884612075
0.05505107159
-0.004032342302
0.05494682548
-0.2080875266
-0.01988685295
0.01688474982
-0.01904149526
0.0145214358
0.02093454412
-0.1993445578
-0.02251513022
0.2040054667
-0.2019733181
0.2064392031
0.2003270048
-0.01933225203
-0.1988348717
-0.02703389456
0.02374219829
-0.02458300994
0.02501436787
-0.200986475
-0.02502423144
0.1994748355
-0.1988884738
0.2004202275
0.1985927301
-0.0220548749
-0.2068893516
-0.02760262811
0.02461386224
-0.02380106927
0.02262578897
-0.2157071142
-0.02115762246
0.2105120817
-0.2115947345
0.2097510124
0.2128900008
-0.01876104154
-0.22145627
-0.02291027413
0.01949905042
-0.01779185722
0.01627972623
-0.2281095768
-0.0150422783
0.2244901944
-0.2259822172
0.2233543055
0.2275225073
-0.01162168212
-0.2057930938
-0.0191227569
0.01306936215
-0.01379214117
0.2126693293
-0.2099812763
0.2152851109
0.2073189607
-0.1069709521
-0.2210327305
-0.01828367706
0.01585385529
-0.01956937445
0.01204338001
0.02310567472
-0.2087310026
-0.026385234
0.2161420719
-0.2125205348
0.2201085872
0.209280423
-0.02336150264
-0.2069468793
-0.03227557483
0.02933959415
-0.03191356796
0.03406767894
-0.2039000635
-0.03577967875
0.2058703769
-0.2035905762
0.2086148
0.2017798303
-0.03250458336
-0.2079548487
-0.04021242131
0.03704705113
-0.03788882632
0.03834705092
-0.2123355433
-0.03849296627
0.2100303528
-0.2094712024
0.2110782755
0.2093884498
-0.03484711161
-0.2186625942
-0.04244422998
0.0384377516
-0.03830128826
0.03795494612
-0.22347127
-0.03657220849
0.2217394686
-0.222040105
0.2215557348
0.2225524626
-0.0329053961
-0.2098683322
-0.04073990586
0.03445716212
-0.03588565781
0.2224328642
-0.2202108928
0.2244047153
0.2178089862
-0.2356104979
-0.008805324353
0.008589683325
-0.01043581322
0.008208980122
0.01503671081
-0.224361265
-0.01958577611
0.2334707069
-0.2288529814
0.2358770248
0.2243670548
-0.01816199261
-0.2217773451
-0.02487165368
0.02397901702
-0.02813695868
0.03199300236
-0.2140391722
-0.03549564459
0.219312724
-0.2153865204
0.2235058866
0.2118002257
-0.03395500323
-0.2165025502
-0.03936865687
0.03861112861
-0.04132592598
0.04365049563
-0.2161042451
-0.04561675886
0.21698994
-0.2145921634
0.2197441748
0.2126072105
-0.0439766505
-0.2215192355
-0.04738548323
0.0472222229
-0.04822165458
0.04800583622
-0.2176316188
-0.0468085578
0.2210613413
-0.2212383149
0.2209324128
0.2214049358
-0.04740241195
-0.2180811162
-0.04934297369
0.04704251396
-0.04923211761
0.228346405
-0.2273808034
0.2289915302
0.22606572
-0.2369938996
-0.008061187333
0.007928410869
-0.008249842892
0.007608564701
0.008572734061
-0.2364594313
-0.008896296068
0.2368977674
-0.2365748763
0.237204441
0.2362348073
-0.008780110838
-0.2364679515
-0.009281137057
0.009219454284
-0.01040424381
0.01421015437
-0.2298269321
-0.01844945984
0.2361432692
-0.2323301229
0.2365835545
0.2278766451
-0.02003426412
-0.2303746567
-0.01953884344
0.02243650634
-0.02611862715
0.02945267778
-0.2259983415
-0.03237685251
0.2293889628
-0.2260274162
0.2327803568
0.2227830596
-0.03491207332
-0.2267108374
-0.02983394457
0.03471867866
-0.03613656424
0.03662988887
-0.2157339026
-0.03730542203
0.2216805682
-0.2211694065
0.2224908131
0.2209394972
-0.04147220184
-0.2247939508
-0.03423170769
0.03893354498
-0.04020827756
0.229555829
-0.2295348792
0.2294828276
0.2293670932
-0.2381342161
-0.007292229933
0.007220526222
-0.007485027934
0.00695408859
0.007747465758
-0.2376533029
-0.008007154559
0.2380343616
-0.2377719238
0.2382835251
0.237495574
-0.007951601477
-0.2375735783
-0.008266311676
0.008263293055
-0.008515122782
0.008762121536
-0.2369009923
-0.009004118072
0.2373734001
-0.2371264013
0.2376055415
0.2368635653
-0.009027319286
-0.236685063
-0.009157586636
0.009240762933
-0.009469055767
0.009677458081
-0.2359809964
-0.009837470775
0.2364628589
-0.2362544565
0.2366528078
0.2359173634
-0.01012139271
-0.231573866
-0.009521948682
0.009908155332
-0.009880962551
0.01000161634
-0.2198876959
-0.01050271653
0.2250201076
-0.2248990706
0.2250196025
0.2235799172
-0.01571701217
-0.2275521235
-0.01036353767
0.01118864059
-0.01152131064
0.2291591204
-0.2292066888
0.2291871429
0.2293570014
-0.2390720182
-0.006547018774
0.006513617429
-0.006731237023
0.006292085595
0.006944936654
-0.2386125138
-0.007154239539
0.2389587463
-0.2387450467
0.2391618617
0.238520223
-0.007139817251
-0.2384445743
-0.007330244246
0.007358668869
-0.007557854596
0.007751538535
-0.237782484
-0.007939307641
0.2382231607
-0.2380294768
0.2384057617
0.2378239438
-0.007993047918
-0.2374427202
-0.008015788204
0.008119770732
-0.008288676124
0.008435027592
-0.236520752
-0.008536689635
0.2371316604
-0.236985309
0.2372665087
0.2368262798
-0.008726230621
-0.231492337
-0.008254989863
0.008570761495
-0.0085534102
0.008584320825
-0.2211004448
-0.008812348289
0.2250886678
-0.2250577572
0.2251257017
0.2250338879
-0.008884511379
-0.2281828703
-0.008911962159
0.009124087505
-0.009249107936
0.2292539323
-0.2292348969
0.2292701012
0.2292127386
-0.2398451609
-0.005849370679
0.005837955977
-0.006017624177
0.005653428012
0.006192574731
-0.2393876643
-0.006362547147
0.239713866
-0.2395389155
0.239880513
0.2393550769
-0.006376049625
-0.2391385354
-0.006485265114
0.00652733054
-0.006686786328
0.006840731801
-0.2384699159
-0.006988599624
0.2388949459
-0.2387410004
0.2390406691
0.238578149
-0.007059991064
-0.2380117498
-0.007022477501
0.007128722432
-0.007256767961
0.00736304233
-0.2368723388
-0.007431061787
0.237612178
-0.2375059036
0.2377105717
0.2373909539
-0.007617734554
-0.2314389615
-0.007188400217
0.007447814552
-0.007437374281
0.007489480461
-0.2219796869
-0.007695112564
0.2252680513
-0.2252159452
0.2253242718
0.2251683222
-0.007747970193
-0.2285455693
-0.007720513598
0.007923336998
-0.007996965795
0.2293030012
-0.2292944376
0.2293094503
0.2292835451
-0.2404856133
-0.005208052042
0.005212305169
-0.005361420299
0.005058115717
0.005505682848
-0.2400192872
-0.005644989767
0.2403348349
-0.2401905724
0.2404724988
0.2400392435
-0.005672443695
-0.2396985
-0.005729288894
0.005779299692
-0.005908594721
0.006032719861
-0.2390144442
-0.006151034498
0.2394336425
-0.2393095174
0.2395515396
0.2391786653
-0.006226990944
-0.2384478205
-0.006156645887
0.006261711257
-0.006360427331
0.006438826009
-0.2371087578
-0.006484990889
0.2379646067
-0.237886208
0.2380374328
0.2378017001
-0.006658972192
-0.2314213595
-0.006281027231
0.006493490476
-0.00649296201
0.006559566701
-0.2227668321
-0.006741562232
0.2255143131
-0.2254477084
0.2255838191
0.2253842515
-0.006780009995
-0.2287602287
-0.00672070565
0.006909744046
-0.006953282547
0.2293177819
-0.22931669
0.2293173668
0.2293139598
-0.2410191203
-0.004627052878
0.004642766135
-0.004767324042
0.004513265666
0.004887222817
-0.240538645
-0.005002473624
0.2408492548
-0.240729356
0.2409638489
0.2406038677
-0.005035873905
-0.2401559342
-0.005058457486
0.005113142654
-0.005219279186
0.005320721977
-0.2394523652
-0.005416712854
0.239871576
-0.2397701332
0.2399681853
0.2396635607
-0.005490624125
-0.2387864896
-0.005402656129
0.005505261946
-0.005582285638
0.005640910494
-0.2372701968
-0.005672864637
0.2382267002
-0.2381680753
0.2382813174
0.2381051075
-0.005830041449
-0.2314461593
-0.005504558922
0.005678341566
-0.005688552269
0.005765210963
-0.2234603514
-0.005924590558
0.2258071006
-0.2257304419
0.2258856748
0.2256559323
-0.005952957797
-0.228885103
-0.005873708228
0.006048814358
-0.006073703053
0.2293082273
-0.2293124825
0.229302895
0.2293155635
-0.2414665459
-0.004108286696
0.004128597174
-0.004233346523
0.004019205019
0.004333783905
-0.2409696707
-0.004430004836
0.2412787956
-0.2411783582
0.2413749834
0.2410734757
-0.004465041467
-0.2405340117
-0.004468927806
0.004522142358
-0.004610261935
0.004694129034
-0.2398090398
-0.004772843012
0.2402320116
-0.2401481445
0.2403120915
0.2400602991
-0.00484197345
-0.2390523782
-0.004749215303
0.004844383258
-0.004905111329
0.004949551801
-0.2373829348
-0.004972304294
0.2384242584
-0.238379818
0.2384658121
0.2383322674
-0.005111891171
-0.2315121119
-0.004839615032
0.004977596058
-0.004997683062
0.005080943606
-0.2240664384
-0.005219986087
0.2261311227
-0.2260478622
0.2262155904
0.2259660028
-0.005241339271
-0.2289531035
-0.005154455354
0.005311994026
-0.005324900181
0.2292812681
-0.229289339
0.2292724288
0.2292965713
-0.241844441
-0.003649010269
0.003670034605
-0.003758747781
0.003577057591
0.003843565235
-0.2413307274
-0.003924639045
0.2416403977
-0.2415555803
0.2417218095
0.2414671878
-0.003959485294
-0.2408499311
-0.003953355937
0.004002124143
-0.004076042883
0.004146054591
-0.2401024853
-0.004211176394
0.2405318147
-0.240461803
0.2405988239
0.2403886346
-0.004275155685
-0.2392633638
-0.004183832626
0.00426949604
-0.00431788433
0.004352088849
-0.2374642834
-0.004368967577
0.2385753813
-0.2385411768
0.2386075011
0.2385047224
-0.004492290174
-0.2316137823
-0.004268972593
0.004375528881
-0.004403941408
0.004491312934
-0.224595461
-0.00461291865
0.2264750456
-0.2263876741
0.2265631523
0.2263011638
-0.004629538875
-0.2289838926
-0.004541790195
0.004681341499
-0.004686307857
0.2292418677
-0.2292526748
0.2292305071
0.2292628777
-0.2421658964
-0.003244128591
0.003263927982
-0.003339585505
0.003184418257
0.003411778385
-0.2416359499
-0.003480682491
0.2419472823
-0.2418750894
0.2420167347
0.2417999715
-0.003514999267
-0.2411164015
-0.003503127702
0.003546430627
-0.003608972625
0.003667885289
-0.2403459784
-0.003722180197
0.2407833658
-0.2407244531
0.2408398747
0.2406629766
-0.003781822674
-0.2394325618
-0.003694298155
0.003770121865
-0.003809079982
0.003835848446
-0.2375257329
-0.003849045535
0.2386928748
-0.2386661064
0.2387181307
0.238637689
-0.003958438466
-0.2317445401
-0.003777475419
0.003857487396
-0.00389253171
0.003982271115
-0.22505917
-0.004089305743
0.2268309096
-0.2267411702
0.2269210608
0.2266518764
-0.004103192935
-0.2289895842
-0.004017563664
0.004140445892
-0.004139992778
0.2291935486
-0.2292063062
0.2291803995
0.2292186409
-0.2424413772
-0.002890852877
0.00290882136
-0.002973850009
0.002840348182
0.003035819432
-0.2418962134
-0.003094898482
0.2422098678
-0.2421478984
0.2422696097
0.2420835513
-0.00312562477
-0.2413430278
-0.003113091481
0.0031511739
-0.003204527222
0.003254493061
-0.2405495972
-0.003300126533
0.2409960857
-0.2409461199
0.2410441039
0.2408940784
-0.003352988676
-0.2395697198
-0.003273055719
0.003339887955
-0.003371603546
0.003392943844
-0.2375747757
-0.003403871292
0.2387858659
-0.2387645256
0.2388060954
0.2387419757
-0.003498178631
-0.2318977505
-0.003355760513
0.003414287396
-0.003454338858
0.003545231057
-0.2254687154
-0.003640365436
0.2271931256
-0.2271022334
0.2272841717
0.2270115102
-0.00364919079
-0.2289779914
-0.003570422802
0.003678894336
-0.003674706215
0.229138977
-0.2291530804
0.2291246147
0.2291669009
-0.2426793478
-0.00258481012
0.002601118717
-0.002657483009
0.002541687908
0.002711143941
-0.2421200544
-0.002762243865
0.2424364528
-0.2423827919
0.2424882761
0.2423272188
-0.002787314629
-0.2415372972
-0.002777062712
0.002810819641
-0.002856702972
0.002899417225
-0.2407212206
-0.002938084746
0.2411773572
-0.2411346429
0.2412184691
0.2410902617
-0.002982579034
-0.2396821388
-0.002912090552
0.002971359492
-0.002997474148
0.003014826831
-0.237616212
-0.003024388575
0.2388608787
-0.238843526
0.238877408
0.2388252915
-0.003103211346
-0.2320671038
-0.002994718574
0.003036604376
-0.003080128598
0.003171263808
-0.2258343656
-0.003256951852
0.2275575636
-0.2274664284
0.2276486155
0.2273752966
-0.003258752207
-0.2289546112
-0.00318979468
0.003286360253
-0.003279649414
0.2290802711
-0.2290952381
0.2290651533
0.2291100251
-0.2428867
-0.002323735876
0.002336293055
-0.002385585747
0.002284259056
0.002432469235
-0.2423142411
-0.002477054217
0.2426336977
-0.2425868142
0.2426790843
0.2425383741
-0.002497383664
-0.2417051627
-0.00249158241
0.002519335647
-0.002559115169
0.002595925346
-0.2408670551
-0.002628966069
0.2413330528
-0.2412962426
0.241368561
0.2412580782
-0.002666535201
-0.2397753808
-0.002606733586
0.002657076572
-0.002678848789
0.002693280279
-0.237653155
-0.002702080348
0.2389226882
-0.2389082568
0.2389365224
0.2388931838
-0.002767970947
-0.2322468332
-0.002689296078
0.002715824521
-0.002761457351
0.002852094266
-0.2261655185
-0.002930491483
0.2279210235
-0.2278303865
0.2280114129
0.2277395846
-0.002926307401
-0.228923436
-0.002869529084
0.002953415688
-0.002945065324
0.2290190654
-0.2290345317
0.2290035233
0.229049898
-0.243069107
-0.002104271404
0.002111572605
-0.002155079718
0.002065622687
0.002196426433
-0.2424842596
-0.002235688937
0.2428070485
-0.2427657018
0.2428471962
0.2427230641
-0.002251952555
-0.241851513
-0.002252267272
0.002272827626
-0.002307627633
0.002339641932
-0.2409921094
-0.002368150117
0.2414679892
-0.2414359749
0.2414989662
0.24140285
-0.002399864913
-0.2398538285
-0.002351647732
0.002392164338
-0.002410591144
0.002422916962
-0.2376877345
-0.002431374693
0.2389749278
-0.238962602
0.238986836
0.2389498132
-0.002486344667
-0.2324321731
-0.002434009926
0.002446377224
-0.002493008623
0.002582488479
-0.2264703669
-0.002655397557
0.2282808793
-0.2281913994
0.2283700043
0.2281015581
-0.002645894219
-0.2288874217
-0.00260307758
0.002673866738
-0.002664544422
0.2289565705
-0.2289722574
0.2289408596
0.2289879143
-0.2432311783
-0.001922480323
0.001925225481
-0.001964045799
0.001884229661
0.002000915069
-0.2426345788
-0.002035876447
0.242960962
-0.2429240928
0.2429968746
0.2428861816
-0.002046685003
-0.2419804177
-0.002054451313
0.002068862322
-0.002099649586
0.002127817182
-0.2411004841
-0.002152722436
0.2415861707
-0.2415580031
0.2416135151
0.241528948
-0.002177358992
-0.2399209888
-0.002141450553
0.002173534705
-0.002189431315
0.002200291194
-0.2377214196
-0.002208700195
0.2390203952
-0.2390095353
0.2390309747
0.2389983583
-0.002252276735
-0.2326192959
-0.002223395725
0.002224712723
-0.002271478477
0.002359253538
-0.2267556627
-0.002428197628
0.2286347454
-0.2285469703
0.2287220331
0.2284586987
-0.002411547647
-0.2288488364
-0.002384087311
0.002443779673
-0.002433997455
0.2288937344
-0.22890943
0.2288780612
0.2289251447
-0.2433769855
-0.001775795571
0.001774448059
-0.001809581751
0.00173735644
0.001842927597
-0.2427690715
-0.001874500229
0.243099353
-0.2430660071
0.2431319565
0.2430318611
-0.001879207179
-0.2420954164
-0.001895210765
0.00190421159
-0.001931837404
0.001956986225
-0.2411956732
-0.001979090191
0.2416910555
-0.2416659066
0.2417155601
0.2416400735
-0.001996177758
-0.2399797528
-0.001972756671
0.001997460156
-0.002011504478
0.002021412003
-0.237755249
-0.002029989066
0.2390613104
-0.2390514029
0.2390710462
0.2390412995
-0.002062385193
-0.2328052383
-0.002054137177
0.002046803742
-0.00209304826
0.002178616787
-0.2270270026
-0.002244815125
0.2289805024
-0.2288949338
0.2290654138
0.22880876
-0.002220137406
-0.2288094811
-0.002208593466
0.002258739908
-0.00224891695
0.2288313076
-0.2288468392
0.2288158472
0.2288624285
-0.2435104286
-0.001662971028
0.001656140125
-0.00168852444
0.001621901687
0.001719215597
-0.2428912562
-0.001748217242
0.2432258516
-0.2431951604
0.2432559908
0.2431638792
-0.001746582785
-0.2421996606
-0.001772987516
0.001775434336
-0.001800650243
0.001823506677
-0.2412807174
-0.001843507483
0.2417856931
-0.2417628367
0.2418080759
0.2417394766
-0.001853024364
-0.2400325612
-0.001843694035
0.001860089841
-0.001872856754
0.001882237408
-0.2377900117
-0.001891154557
0.2390994944
-0.2390901138
0.239108801
0.2390806407
-0.001912958415
-0.2329877759
-0.00192452003
0.001908607955
-0.001953834926
0.002036673911
-0.2272887306
-0.002101003179
0.2293160617
-0.2292332227
0.2293981289
0.2291496771
-0.002068125681
-0.2287709208
-0.002074391744
0.00211425028
-0.002104761054
0.2287699618
-0.2287851649
0.2287548672
0.2288004608
-0.2436347298
-0.001582389948
0.001569359665
-0.001599727891
0.001537238324
0.001628483617
-0.2430042379
-0.001655616513
0.2433435568
-0.243314801
0.243371938
0.2432856283
-0.001647778206
-0.2422959671
-0.001685736834
0.001681025637
-0.001704503174
0.001725722278
-0.2413583147
-0.001744251209
0.2418728195
-0.2418516004
0.2418937256
0.2418300354
-0.001746516098
-0.2400815597
-0.001751957263
0.001759635913
-0.001771638905
0.001780868391
-0.2378263721
-0.001790282663
0.2391365223
-0.2391272928
0.239145768
0.2391180615
-0.001802356143
-0.2331654025
-0.001832411524
0.001808274261
-0.001852169251
0.001931858894
-0.2275439877
-0.00199493623
0.2296396183
-0.2295599287
0.229718472
0.2294794381
-0.001954213486
-0.2287344932
-0.001978897779
0.002008259218
-0.001999414491
0.2287102885
-0.2287250228
0.2286956907
0.2287398825
-0.2437526822
-0.00153194759
0.001512396058
-0.001541411891
0.001481722507
0.00156887726
-0.2431107259
-0.001594769538
0.2434551775
-0.2434277122
0.243482431
0.2433999709
-0.001581170463
-0.2423868757
-0.001631062376
0.001618987493
-0.001641337179
0.001661524009
-0.2414309268
-0.001679173792
0.2419549311
-0.2419347443
0.2419749583
0.2419143516
-0.001674761505
-0.2401287251
-0.001695056564
0.001693921484
-0.001705649649
0.00171508265
-0.2378649483
-0.001725143426
0.2391738318
-0.2391643988
0.2391833843
0.2391550518
-0.001728528796
-0.2333373139
-0.001775522399
0.001743610412
-0.001786031867
0.001862315244
-0.2277948998
-0.001924525035
0.2299498896
-0.2298736062
0.2300253048
0.2297964593
-0.001876715775
-0.2287012637
-0.001919438983
0.001938477319
-0.001930510591
0.2286527705
-0.22866693
0.2286387675
0.2286812381
-0.2438668164
-0.001510005656
0.001484926425
-0.001513192894
0.001455114013
0.001539929387
-0.2432131208
-0.001565113636
0.243563117
-0.2435363805
0.243509484
-0.001544731488
-0.2424746819
-0.001606631531
0.001588668099
-0.001610440075
0.001630191601
-0.2415009501
-0.001647616049
0.2420344012
-0.2420146496
0.2419948511
-0.001635421018
-0.2401763222
-0.001671354716
0.001662416298
-0.001674518922
0.001684605538
-0.2379064624
-0.001695353017
0.2392131007
-0.2392030141
0.2391930784
-0.001689389877
-0.2335031518
-0.001755091369
0.001713834702
-0.001754649257
0.001829002329
-0.2280426822
-0.001891729002
0.2302479173
-0.2301735642
0.230100032
-0.001833821195
-0.2286711233
-0.001893427467
0.001905848957
-0.001898127997
0.2285974063
-0.2286112415
0.2286248709
0.00317836757
-0.05218082126
0.05242571666
-0.05236424453
0.05228471565
0.003034632692
-0.05222524541
-0.003153433952
0.003073905076
-0.002998979226
-0.05246163412
-0.05239272958
0.003763551777
-0.0544599547
0.05466818592
-0.05456195127
0.05445943394
0.0227824931
-0.05382300749
-0.003719478613
0.003616961283
-0.003514147764
-0.05454065773
-0.05398127933
0.05219107168
0.1056892674
0.004984140707
-0.005396226328
0.005118119057
-0.002813376567
-0.004839670836
0.1068567377
0.004572678273
-0.1061464261
0.1064248743
-0.1067219857
0.107009564
0.004960123422
0.004674497507
0.1082520339
0.005838826882
-0.1078962573
-0.01648979594
0.01582637368
-0.004566204736
-0.01525720019
0.1095118543
0.01474844352
-0.1086483567
0.1092175302
-0.1083047663
-0.1099347051
0.1103086303
0.0225951148
0.02196235515
-0.005279874709
0.1080385564
0.00496948823
-0.1073170296
0.1076404879
-0.107966238
-0.005751446751
0.005342642776
-0.005668392841
0.005031434557
0.006008620435
-0.003178828381
0.1075467999
0.003494392141
-0.05271377304
0.05304208785
-0.05295532372
0.05313608049
0.05286685839
0.003345339826
-0.003442874409
0.003354409085
-0.003270870497
-0.05307423836
0.1093592609
0.00790060756
-0.007004207064
0.007606741142
0.1087567268
-0.007176158971
0.09425425054
-0.007268033984
0.1127679411
0.006796776913
-0.1124132867
0.1127519939
-0.009672069698
0.09190693426
-0.1058734755
0.1067759586
0.007871224036
0.05288132739
-0.02597539628
-0.001407757728
0.001493184995
-0.001415850115
0.001255703944
0.02632314042
-0.05232924609
-0.002984271928
0.002879444546
-0.002940561051
0.003001842722
-0.0519246146
0.05216260023
-0.05210131856
-0.002953020126
0.02585214803
0.001726736399
-0.00152211786
0.002070987388
-0.001424600632
-0.00202463767
-0.02671340051
-0.05365004569
-0.01331211333
0.004678818186
-0.004802281556
0.004932428086
-0.05303913342
0.05344257247
-0.05331242594
0.05321844198
-0.00360008402
0.01615488643
0.003453896406
-0.003972276208
0.003063726263
-0.001637528067
-0.01071219095
0.001838929309
-0.0264694033
0.02626884329
-0.02627745397
0.02627303798
0.02622034401
-0.001879922182
0.0018070979
-0.02622845001
0.02619179958
-0.02622011158
0.02618430019
0.02623838291
-0.001786531822
0.005497217857
-0.02614534314
0.02638841832
-0.02626359053
0.02659531008
0.02619836756
-0.003116537412
-0.005775821396
0.005421693216
0.1112088024
-0.1106933144
0.1110803825
0.006584136272
0.1113972867
0.006162912971
0.1118084166
0.006138451151
-0.004220141801
0.05484867984
-0.05456891099
0.05475354925
-0.05489673365
-0.004556382434
0.004248342159
-0.004391526556
0.004062114895
0.003854391812
-0.003132902975
0.05277767036
-0.04307017386
-0.006040875229
0.00509400729
-0.006371083249
0.007102902146
-0.05134977543
-0.007461035317
0.0489943012
-0.0482624823
0.0474363006
-0.007452373863
0.0270292418
-0.006585539617
0.003749276673
0.022036342
-0.0314988599
0.02346024055
-0.02321995416
-0.002175312465
-0.1129684328
-0.007180778392
0.007071717247
-0.007288156152
0.004724575306
-0.1084088709
0.1090477911
-0.1087777083
0.109368237
0.1084682368
-0.1082103386
-0.004671567311
0.1111983613
-0.1108916895
-0.005067067016
0.003902713522
0.0551922182
0.004392141946
-0.1072587743
0.1079138291
-0.1076613554
0.1073822041
-0.00430881595
0.02140228033
-0.1098003273
0.1105726097
-0.110049065
0.1096447009
-0.01428806444
0.006579948131
-0.006954648151
0.1080485188
-0.107417255
0.009281106092
0.1121824992
-0.006397415919
-0.1114649085
0.005778386913
0.004213147232
0.215868229
0.2159798932
0.01467260267
-0.2092786379
0.2146807271
-0.2150861376
0.2146686529
0.215390934
-0.005869325088
0.01036459354
-0.2099436652
0.2173044247
-0.2160885767
0.2188891317
0.2151906982
-0.009511138979
0.01200652075
-0.2165798224
0.2257517331
-0.2231135454
0.2287097019
0.2208262372
-0.01198418112
0.008457031915
-0.2289375077
0.234260034
-0.2336373103
0.2346638854
0.2316996199
-0.009839667608
0.00783198761
-0.2353906665
0.2357991401
-0.2354338703
0.2361533858
0.2350539449
-0.007961337968
0.007287762387
-0.2367991516
0.2371361281
-0.2368216579
0.2374385595
0.2364932703
-0.007440923838
0.006682866041
-0.2379911891
0.2382799586
-0.2380066461
0.2385304157
0.2377305464
-0.006843674886
0.006063164017
-0.2389935684
0.2392521767
-0.2390126383
0.2394563293
0.2387862802
-0.006225214149
0.005460078057
-0.2398348515
0.2400744882
-0.2398646406
0.2402407279
0.2396805737
-0.005619368108
0.004895016775
-0.2405420163
0.2407685636
-0.2405877998
0.2409067304
0.240436671
-0.005043671978
0.004375286238
-0.241137202
0.2413550693
-0.24120041
0.2414712394
0.2410738196
-0.004510447789
0.003901921941
-0.241640587
0.2418540605
-0.2417212848
0.2419524186
0.2416144774
-0.004023134822
0.003476843939
-0.2420685839
0.2422806968
-0.2421663193
0.2423645299
0.2420755993
-0.003585235157
0.00309834864
-0.2424345041
0.2426472263
-0.2425483813
0.2427191564
0.2424707972
-0.003195805847
0.002765976142
-0.2427491237
0.2429637739
-0.2428780019
0.2430259725
0.2428111852
-0.002851506823
0.002476980915
-0.2430213829
0.2432388082
-0.2431640327
0.2432930784
0.2431060168
-0.002550146941
0.002227499156
-0.2432587612
0.2434795455
-0.2434139567
0.2435276212
0.243363031
-0.002290328828
0.002015599143
-0.2434676759
0.2436916571
-0.2436347978
0.243735842
0.2435889407
-0.002069338608
0.001839872567
-0.2436530596
0.2438799041
-0.2438313539
0.2439218409
0.2437884338
-0.001883881547
0.001697502345
-0.2438192278
0.2440492805
-0.2440074181
0.2440886846
0.2439665343
-0.001732205933
0.001584981498
-0.2439707321
0.2442062471
-0.2441671208
0.2442427725
0.2441292671
-0.001611620386
0.001502604242
-0.244111518
0.2443525886
-0.2443159766
0.2443870176
0.2442805721
-0.001521785418
0.001448707116
-0.244244556
0.2444916181
-0.2444566925
0.2445244715
0.2444229304
-0.001461330671
0.001423310426
-0.2443729229
0.2446283842
-0.2445935251
0.2445570222
-0.001428162996
4.287050712e-05
0.0166354505
-0.01661922381
2.096759234e-05
0.01217333785
-0.01215143494
0.007786470328
-0.007765502735
-8.297433743e-05
0.01663535563
-6.430115083e-05
0.01215466467
0.007722169177
-0.0002437400369
-0.01346803314
0.01329184888
-9.822179781e-05
-0.008693455465
0.008547937227
-0.004221029888
0.004122808091
-0.004834853089
0.01045025642
-0.01437745716
-0.00198360948
0.00759030518
-0.01044154879
0.003427554203
-0.005411163682
2.567006098e-05
0.01662180123
-0.01660037078
7.077080979e-06
0.01217640513
-0.01215781215
0.007845647938
-0.007838570857
-0.002636341132
0.001062484211
0.000791213071
-0.0001717895038
0.01664556408
-0.01667145868
-0.0001404296867
0.01216840741
-0.01219976722
0.007632947974
-0.007773377661
-0.0005228921931
-0.00970694978
0.009324247721
-0.0001903486112
-0.00523911657
0.004906572988
-0.001618533984
0.001428185373
-0.0002384711797
-0.01431578421
0.01414748188
-0.000106498946
-0.009411072251
0.009279100018
-0.004848629854
0.004742130908
-0.0002536486368
0.01652312979
-0.0001942867504
0.01210904552
0.007438661224
-3.252393277e-05
-0.01644713903
0.01644420473
-2.872331408e-05
-0.01201756539
0.01201376477
-0.007768375492
0.007739652178
-9.872309889e-06
-0.01644589677
-8.353786847e-06
-0.01201908392
-0.007776729279
-5.344631119e-05
0.01644357347
-4.580415908e-05
0.01200612262
0.007693848019
9.108629772e-05
0.01646941267
5.29141043e-05
0.01204429482
0.007746762123
1.785156431e-05
-0.01661496148
1.227974604e-05
-0.01214586312
-0.00775322299
5.601138898e-05
0.01665150837
3.645428918e-05
0.01217422177
0.007758623466
-0.000343954364
0.01449462744
-0.0001478594924
0.009542491041
-0.009738585912
0.004959357371
-0.005107216863
1.00045007e-05
-0.01651371138
0.01651908486
4.872326055e-06
-0.01206474872
0.0120698809
-0.007737383996
0.007742256322
-5.090789653e-05
-0.01651859942
-3.774984927e-05
-0.01207790677
-0.007775133845
-0.0002508722067
-0.01365538889
-0.0001011029081
-0.008843224763
-0.004322132796
4.370572231e-05
0.01653505791
2.692161971e-05
0.012086665
0.007769177942
-1.36969942e-05
0.01654584582
-1.460529107e-05
0.0120875733
0.007754572651
-0.0003485689397
0.01272345692
-0.01295826945
-0.0001590865483
0.008027736059
-0.00821721845
0.003643380683
-0.003802467232
-0.002778763509
-0.01598996
-0.00143981037
-0.01178050192
-0.006850974052
-5.636522211e-06
-0.01644387917
-3.819571255e-06
-0.01202090087
-0.00778054885
-2.596663745e-06
-0.01644779262
1.901852878e-07
-0.01202368771
-0.007780358665
1.123383234e-05
-0.01650420711
0.01652012854
5.63502944e-06
-0.0120827754
0.01208837421
-0.007798680482
0.007804315511
9.039894336e-05
5.19183584e-05
-0.000122966953
-9.242494866e-05
4.029964795e-05
1.475419435e-05
-0.0008583629113
0.01010832186
-0.01063016781
-0.000344284588
0.005589588016
-0.006103666339
0.001865478892
-0.00220976348
-0.0005974163553
-0.0002469449081
-0.0002421463085
-0.0001107275175
-1.316185298e-05
0.01652194491
-8.237039136e-06
0.01208344939
0.007796078472
-2.648725284e-05
-2.094462736e-05
-0.0003028067294
-0.01386220107
-0.0001413581087
-0.009004673383
-0.004463490905
-3.462559933e-05
0.01655526927
-3.091404419e-05
0.01208386174
0.007723658607
-0.0003264976469
0.01250771083
-0.0001385163815
0.007839754794
0.003504864302
-0.0009162307697
-0.0005876871718
-8.792775373e-05
0.009859462928
0.005201451204
-0.005289378957
-9.423434045e-05
-0.00175859391
0.002524832385
-0.00619510797
-0.0003430712632
0.001531041942
-0.002946564589
0.0003927566578
-0.0007358279213
-4.590760685e-05
0.01632793069
-0.01633160091
-3.50147646e-05
0.0119412954
-0.01195218825
0.00766492376
-0.007699938524
-0.0004133826591
0.01092110409
-0.01121482412
-0.0001678106169
0.00636555894
-0.006611130982
0.002381436313
-0.00254924693
-8.768031439e-05
0.0005858239182
0.000305076343
-0.000433565435
-0.0001716728331
2.051213555e-05
-0.0163994228
0.01641272389
1.215623148e-05
-0.0120016953
0.01201005121
-0.007746570602
0.007758726834
8.7389944e-06
-0.01643611028
5.608816289e-06
-0.01202055754
-0.007774749848
2.328983724e-05
-0.01638322136
1.410145763e-05
-0.01199250692
-0.007732469144
2.878831269e-05
0.01633983056
1.588038988e-05
0.01195420333
0.00768080415
-0.0005530666378
-0.0002786400029
-0.0004130604416
-0.01215429691
0.01188439354
-0.0001876493896
-0.00748896553
0.007263554479
-0.003224382945
0.003036733555
-0.0006312706219
-0.0002804813575
-0.0006510596379
-0.0003203408594
-0.001040846552
-0.007725023804
-0.0002296313293
-0.003757779812
-0.0009654592505
0.007723581139
-2.921643939e-05
-2.364261422e-05
0.0001888626526
0.0001149122501
-0.0007095442792
-0.01162328217
-0.0002987864333
-0.007021888827
-0.002848033363
1.906906116e-05
0.01642538894
1.140894766e-05
0.01201771132
0.007770135781
7.460278263e-06
4.614066878e-06
3.717739524e-05
-0.01636249086
2.082979946e-05
-0.01197615933
-0.007711639345
5.279119567e-05
3.08351949e-05
-0.0004303658445
-0.0001887001923
-0.0009280983174
0.008552684116
-0.0002898144602
0.004268289131
0.001138370913
-0.0006834209824
-0.0001729116622
)
;

boundaryField
{
    topAndBottom
    {
        type            calculated;
        value           uniform 0;
    }
    inlet
    {
        type            calculated;
        value           nonuniform List<scalar> 0();
    }
    outlet
    {
        type            calculated;
        value           nonuniform List<scalar> 
30
(
0.9870728637
0.9869272836
0.9863773686
0.9855095509
0.2441822133
0.2432633275
0.2428957582
0.2415358
0.2409293582
0.2379294355
0.2361172096
0.2281642847
0.2283132561
0.4922873746
0.4918638691
0.4913123434
0.4907627283
0.4900302175
0.244437022
0.2438951676
0.2435897659
0.2424962728
0.2420540295
0.2401889748
0.2392241861
0.2335436469
0.2303168604
0.2286653493
0.2285848003
0.2446635961
)
;
    }
    wing
    {
        type            calculated;
        value           nonuniform List<scalar> 
70
(
0
0
0
-2.710505431e-20
0
0
0
-5.421010862e-20
0
0
0
0
2.710505431e-20
0
0
2.710505431e-20
0
0
0
2.710505431e-20
0
0
-2.710505431e-20
0
-2.710505431e-20
0
0
-2.710505431e-20
2.710505431e-20
0
0
0
0
-2.710505431e-20
-2.710505431e-20
0
0
0
0
0
6.776263578e-21
0
-2.710505431e-20
0
0
2.710505431e-20
0
0
0
0
2.710505431e-20
0
-5.421010862e-20
0
0
5.421010862e-20
0
-2.710505431e-20
-2.710505431e-20
0
-5.421010862e-20
0
-2.710505431e-20
0
2.710505431e-20
2.710505431e-20
0
-5.421010862e-20
2.710505431e-20
1.355252716e-20
)
;
    }
    front
    {
        type            empty;
        value           nonuniform List<scalar> 0();
    }
    back
    {
        type            empty;
        value           nonuniform List<scalar> 0();
    }
    procBoundary1to0
    {
        type            processor;
        value           nonuniform List<scalar> 
49
(
-0.9237893928
-0.9231084989
-0.9218755066
-0.9196510086
0.006911960624
-0.4575477954
-0.4553788593
-0.4495893987
-0.002734689322
-0.05234348795
-0.05168969189
-0.02283956068
-0.2154356391
-0.106739069
-0.1049480391
-0.1063280568
-0.05187417234
-0.02724107751
-0.02664942193
-0.05151534796
-0.4565333194
-0.4539774124
-0.2061028168
-0.1998373591
-0.1955762718
-0.1957712085
-0.2022547409
-0.2058872935
-0.02648328659
-0.02700197205
-0.052202749
-0.1964923075
-0.1985330166
-0.199236241
-0.1970309987
-0.2141248902
-0.2099268511
-0.1054289651
-0.1058811114
-0.02581767357
-0.02605273116
-0.05205102977
-0.1071484139
-0.2110897544
-0.2167011488
-0.007733368753
-0.01633579398
9.787614555e-06
-0.01195776207
)
;
    }
    procBoundary1to3
    {
        type            processor;
        value           nonuniform List<scalar> 
136
(
-0.005958370531
-0.025337234
-0.005141343005
-0.006773503677
-0.005886010347
-0.005715527145
-0.003849198537
-0.002641193389
0.0004067735135
-0.01400853491
0.0005641311675
-0.005243336996
-0.003359060552
-0.006639600846
0.0004209895348
-0.004056059863
-0.02174158824
-0.01713208259
-0.04272043142
-0.02732551677
-0.04999878174
-0.0464117663
-0.03416514991
-0.04824303067
-0.01039156016
-0.02691532811
-0.008928131097
-0.009998021768
-0.007726962698
-0.008608104567
-0.006720290573
-0.007456980471
-0.00586837591
-0.006492787024
-0.005145616048
-0.005677969612
-0.004530429561
-0.004983431959
-0.004004414648
-0.004389984697
-0.003556060467
-0.003884573352
-0.003174676855
-0.003454878296
-0.002853986989
-0.003089881623
-0.002587366738
-0.00278303804
-0.002368414173
-0.002527688377
-0.002193133121
-0.002320183192
-0.002059297202
-0.002156452377
-0.001964299961
-0.002032389416
-0.001905435944
-0.001945755078
-0.001880821433
-0.001895861437
-0.00459318803
-0.05068870158
-0.008997582058
-0.008512628132
0.05338227103
-0.007363598141
-0.006752200125
-0.006400681283
-0.01219918424
-0.01319854092
0.02467270239
-0.005125929827
-0.005188917625
-0.006651936187
-0.006079557829
-0.00566294098
-0.01648123567
-0.01530005903
-0.03811520491
-0.03287619384
-0.05020837068
-0.04898477791
-0.0402373805
-0.04498338143
-0.01147406679
-0.01872249444
-0.009268143377
-0.009621110847
-0.008005529411
-0.008300792428
-0.006954374502
-0.007201935596
-0.006069447848
-0.006277508325
-0.005316829373
-0.005492501701
-0.004675500811
-0.004825293777
-0.004127235097
-0.004256993739
-0.003660602817
-0.003771208511
-0.003264682425
-0.003357017756
-0.002929598966
-0.00300727842
-0.002648857529
-0.00271466804
-0.002418301809
-0.002472129948
-0.002233385292
-0.002275731746
-0.002089557904
-0.002121278096
-0.001984680285
-0.002006901111
-0.001916351077
-0.001930378658
-0.001884292773
-0.001889268507
0.01044810257
-0.009569116385
-0.01131369457
-0.01057455279
-0.008076634901
-0.006235208919
-0.005413206323
-0.009922402545
-0.009157935601
-0.007661308063
-0.01471480424
0.0002001230363
-0.009971658209
0.0002151113568
0.0001590093123
-0.005448388269
)
;
    }
}


// ************************************************************************* //
