/*--------------------------------*- C++ -*----------------------------------*\
| =========                 |                                                 |
| \\      /  F ield         | OpenFOAM: The Open Source CFD Toolbox           |
|  \\    /   O peration     | Version:  v2012                                 |
|   \\  /    A nd           | Website:  www.openfoam.com                      |
|    \\/     M anipulation  |                                                 |
\*---------------------------------------------------------------------------*/
FoamFile
{
    version     2.0;
    format      ascii;
    class       surfaceScalarField;
    location    "2.17";
    object      meshPhi;
}
// * * * * * * * * * * * * * * * * * * * * * * * * * * * * * * * * * * * * * //

dimensions      [0 3 -1 0 0 0 0];
oriented        oriented;


internalField   nonuniform List<scalar> 
6430
(
0
0
0
0
0
0
0
0
0
0
0
0
0
0
0
0
-1.208993008e-05
0
1.577325246e-05
1.551413796e-05
1.822787418e-05
-8.863488125e-05
-8.011681007e-05
9.491468848e-05
0.0001280106286
-0.0002579847705
-0.0003166478488
0.0002611568363
0.0003845436979
-0.0002915877193
-0.0005659071182
0.0002940923535
0.0006085530359
-0.000178445253
-0.0006657111648
0.0001786796015
0.0003300603868
0.0003354164295
-2.265674494e-05
-0.000164176511
2.270162e-05
0.0001641316359
0
0
0
0
0
0
0
0
0
0
0
0
0
0
0
0
-1.797703543e-05
0
1.477803003e-05
2.33044367e-05
2.18950651e-05
-0.0001044222632
-0.0001052710434
0.0001011786528
0.0001646965383
-0.00027166206
-0.0003856221365
0.0002673151259
0.0004628605174
-0.0002917733637
-0.0006595599176
0.0002904834478
0.0007041284385
-0.0001760362296
-0.0007521400215
0.0001760362296
0.0003734722984
0.0003786677231
-2.194244644e-05
-0.0003734722984
4.236323588e-05
-2.042078944e-05
0.0001859778372
0.0001874944612
0
0
0
0
0
0
0
0
0
0
0
0
0
0
0
0
-9.182550864e-06
0
3.357626984e-06
1.17494091e-05
7.50326805e-06
-7.850736198e-05
-8.331482454e-05
6.776254689e-05
0.0001408548124
-0.0002345455613
-0.0003703869193
0.0002174985932
0.0004546805628
-0.0002767448637
-0.0006811914185
0.0002673371214
0.0007380773066
-0.0001806900905
-0.0008317718281
0.0001832151985
0.0008385436163
-4.236323588e-05
-0.00083826938
7.864129393e-05
0.00083826938
-3.627805808e-05
0
0
0
0
0
0
0
0
0
0
0
0
0
0
0
0
-8.178463095e-08
0
0
6.926483062e-08
0
-3.294664494e-05
-3.055172353e-05
2.245042064e-05
6.909971049e-05
-0.0001528309502
-0.0002581189425
0.0001287492992
0.0003365198521
-0.0002205040269
-0.000573029084
0.0001990239052
0.0006425492196
-0.0001740285345
-0.0007974812434
0.000164606647
0.0008298105803
-7.805216701e-05
-0.0008789877359
7.545526385e-05
0.0008833727696
0
0
0
0
0
0
0
0
0
0
0
0
0
0
0
0
0
0
0
0
0
-2.277338093e-06
-7.311215392e-08
3.712408835e-07
5.543454109e-06
-5.989143931e-05
-9.763713295e-05
4.081784154e-05
0.0001492574922
-0.0001246783092
-0.0003342162384
9.947737037e-05
0.0003973292077
-0.000120585923
-0.000560824394
0.0001026340016
0.0006020128449
-5.981090072e-05
-0.0006768630858
5.261630344e-05
0.0006853042535
0
0
0
0
0
0
0
0
0
0
0
0
0
0
0
0
0
0
0
0
0
0
0
0
0
-4.530507902e-06
-2.62905437e-06
6.965829727e-07
1.228063764e-05
-3.536006286e-05
-8.620227037e-05
2.031636187e-05
0.0001201222704
-4.936080278e-05
-0.0002242632645
3.422872129e-05
0.0002544351743
-2.894494843e-05
-0.0003153218503
2.144312942e-05
0.0003236309982
0
0
0
0
0
0
0
0
0
0
0
0
0
0
0
0
0
0
0
0
0
0
0
0
0
0
0
0
0
-1.068456452e-07
0
0
4.601374703e-07
-4.414824944e-06
-1.264363526e-05
6.905268476e-07
1.960887137e-05
-4.477793641e-06
-3.820195628e-05
1.490101689e-06
4.145129017e-05
0
0
0
0
0
0
0
0
0
0
0
0
0
0
0
0
0
0
0
0
0
0
0
0
0
0
0
0
0
0
0
0
0
0
0
0
0
0
0
0
0
0
0
0
0
0
0
0
0
0
0
0
0
0
0
0
0
0
0
0
0
0
0
0
0
0
0
0
0
0
0
0
0
0
0
0
0
0
0
0
0
0
0
0
0
0
0
0
0
0
0
0
0
0
0
0
0
0
0
0
0
0
0
0
0
0
0
0
0
0
0
0
0
0
0
0
0
0
0
0
0
0
0
0
0
0
0
0
0
0
0
0
0
0
0
0
0
0
0
0
0
0
0
0
0
0
0
0
0
0
0
0
0
0
0
0
0
0
0
0
0
0
0
0
0
0
0
0
0
0
0
0
0
0
0
0
0
0
0
0
0
0
0
0
0
0
0
0
0
0
0
0
0
0
0
0
0
0
0
0
0
0
0
0
0
0
0
0
0
0
0
0
0
0
0
0
0
0
0
0
0
0
0
0
0
0
0
0
0
0
0
0
0
0
0
0
0
0
0
0
0
0
0
0
0
0
0
0
0
0
0
0
0
0
0
0
0
0
0
0
0
0
0
0
0
0
0
0
0
0
0
0
0
0
0
0
0
0
0
0
0
0
0
0
0
0
0
0
0
0
0
0
0
0
0
0
0
0
0
0
0
0
0
0
0
0
0
0
0
0
0
0
0
0
0
0
0
0
0
0
0
0
0
0
0
0
0
0
0
0
0
0
0
0
0
0
0
0
0
0
0
0
0
0
0
0
0
0
0
0
0
0
0
0
0
0
0
0
0
0
0
0
0
0
0
0
0
0
0
0
0
0
0
0
0
0
0
0
0
0
0
0
0
0
0
0
0
0
0
0
0
0
0
0
0
0
0
0
0
0
0
0
0
0
0
0
0
0
0
0
0
0
0
0
0
0
0
0
0
0
0
0
0
0
0
0
0
0
0
0
0
0
0
0
0
0
0
0
0
0
0
0
0
0
0
0
0
0
0
0
0
0
0
0
0
0
0
0
0
0
0
0
0
0
0
0
0
0
0
0
0
0
0
0
0
0
0
0
0
0
0
0
0
0
0
0
0
0
0
0
0
0
0
0
0
0
0
0
0
0
0
0
0
0
0
0
0
0
0
0
0
0
0
0
0
0
0
0
0
0
0
0
0
0
0
0
0
0
0
0
0
0
0
0
0
0
0
0
0
0
0
0
0
0
0
0
0
0
0
0
0
0
0
0
0
0
0
0
0
0
0
0
0
0
0
0
0
0
0
0
0
0
0
0
0
0
0
0
0
0
0
0
0
0
0
0
0
0
0
0
0
0
0
0
0
0
0
0
0
0
0
0
0
0
0
0
0
0
0
0
0
0
0
0
0
0
0
0
0
0
0
0
0
0
0
0
0
0
0
0
0
0
0
0
0
0
0
0
0
0
0
0
0
0
0
0
0
0
0
0
0
0
0
0
0
0
0
0
0
0
0
0
0
0
0
0
0
0
0
0
0
0
0
0
0
0
0
0
0
0
0
0
0
0
0
0
0
0
0
0
0
0
0
-0.0001629867324
0.0001629880214
-2.265803394e-05
-0.0001848068969
0.0001848068969
-2.194244644e-05
-0.0006442297751
-0.000178490053
0.0003194592359
0.0003248153392
4.987722887e-05
0.0001617761861
-4.981791165e-05
-0.0003248222356
-0.0007076250465
-0.0001765989966
0.0003400881484
0.0003680996652
4.845211094e-05
0.0001832927683
-4.845211094e-05
-0.0003680996652
0.0001658482733
-0.0003300227397
4.987518421e-05
2.265446062e-05
-0.0001737736926
0.0001737583209
-2.263908892e-05
5.949104409e-06
8.685796375e-05
-5.846664908e-06
-8.696040325e-05
-5.911559151e-06
8.173591259e-05
-8.174501388e-05
5.920660442e-06
-0.0004110757402
0.0004110757402
-4.236323587e-05
8.161901175e-05
-5.904281358e-06
-8.162628954e-05
5.500174698e-06
8.159727414e-05
-5.478437095e-06
0.0001863186297
1.178509151e-05
-0.0001855111959
-6.67352566e-06
-5.91899964e-06
8.721134872e-05
-8.724310405e-05
5.980859736e-06
-0.0001750579435
2.268886949e-05
0.0001750235346
-5.137206078e-06
5.186626017e-06
8.716192879e-05
9.749726454e-06
0.0001862654418
-5.5204847e-06
-4.17605386e-06
5.533531065e-06
8.170255623e-05
-5.053396704e-06
8.677415438e-05
-8.381228778e-05
1.277456086e-06
-6.080958579e-06
8.461696368e-05
-8.463432977e-05
6.098324659e-06
-1.669825434e-05
-0.000169651081
1.671983175e-05
0.0001696295036
1.672271454e-05
-0.0001737456786
-1.66484416e-05
8.665177219e-05
8.701963345e-05
-1.671164622e-05
-0.0001641155419
1.67431593e-05
0.0001640840288
-0.0001682968426
0.000168292187
-1.669359875e-05
8.414098691e-05
-6.035942665e-06
-8.418600282e-05
-5.99976563e-06
7.942189856e-05
-7.942167286e-05
5.999539934e-06
-1.670949633e-05
-0.0001591551714
1.671963137e-05
0.0001591450364
-0.0001629833156
0.0001629857475
-1.671407819e-05
-0.0001576811724
0.0001577045602
-1.673288421e-05
7.906678753e-05
-5.995345801e-06
-7.907120737e-05
5.649728037e-06
7.906217799e-05
-5.645118488e-06
5.66724958e-06
7.940437701e-05
-0.0001749977136
1.677427543e-05
8.730017732e-05
8.764597544e-05
2.341183633e-05
-0.0001933223069
-1.934370188e-05
9.110177555e-05
9.81523969e-05
9.865354702e-05
9.3018942e-06
-7.046951788e-06
-0.0001009084894
2.647860063e-05
-7.464111538e-06
7.963905793e-05
3.880507238e-06
-3.916540619e-06
-8.951300612e-05
-2.803647426e-06
8.726177792e-05
-8.742665306e-05
2.968522566e-06
5.791142332e-06
8.406504384e-05
-5.715199257e-06
-1.729034367e-05
3.644887154e-06
-7.016683127e-05
8.692503712e-05
-2.583881339e-06
-8.714480321e-05
8.575225262e-05
-0.0001066101452
3.567548895e-06
5.836520648e-06
8.457158537e-05
1.800483955e-06
2.786368677e-06
-2.558879335e-06
-0.0008159404376
0.0008166568645
-0.0001772258362
0.0001029913811
-0.000816591658
0.0004055159179
-5.453927019e-05
-4.845211096e-05
-0.0003734722984
4.845211093e-05
4.236323587e-05
-0.0003895877027
0.0003895877027
-4.236323588e-05
0.0003895877027
2.41030963e-05
-2.41030963e-05
-0.0003895877027
0.0001866528921
-0.0001863252291
1.145742847e-05
8.633714365e-05
-5.887109528e-06
-8.635255859e-05
5.902524464e-06
-7.08617373e-06
-8.633252879e-05
7.094900266e-06
8.632380225e-05
7.085605091e-06
-8.701143581e-05
8.700471655e-05
-7.078885828e-06
9.764376821e-06
0.0001866382418
1.801657027e-05
0.0003895877027
-1.801657027e-05
5.592461987e-06
-7.749904825e-05
7.748650666e-05
-5.579920402e-06
-5.629705514e-06
-8.077634676e-05
5.540722902e-06
8.086532937e-05
0.0001152072549
-9.444774867e-05
-1.145761206e-05
-0.0001629514415
1.588070111e-05
8.887578404e-05
8.160679267e-05
-0.0001848112474
1.603172267e-05
0.0001846425831
-1.586305836e-05
-8.729628119e-05
7.09770272e-06
8.728418356e-05
7.070436348e-06
-8.847703962e-05
8.850447985e-05
-7.097876585e-06
8.838960669e-05
6.166206733e-06
-6.096485601e-06
-8.845932782e-05
3.032391912e-06
5.263243198e-06
-5.272280285e-06
8.839864378e-05
-1.535231765e-05
8.747069174e-05
-3.506837044e-07
-7.176769039e-05
0.000184801692
5.038482381e-06
-4.87960173e-06
-0.0001849605727
-8.753338471e-05
3.659375049e-06
0.0001416858556
5.616989287e-06
-8.326462055e-05
8.322298588e-05
-5.57535462e-06
1.385542083e-05
-8.613854774e-08
7.256786137e-05
-7.092993037e-06
-8.463522822e-05
7.078520587e-06
8.464970067e-05
-8.564715437e-05
8.566250704e-05
-7.101526397e-06
8.583708323e-05
-6.016242176e-06
-8.570795059e-05
8.357965925e-05
-5.962932526e-06
-8.359855497e-05
5.981828246e-06
-7.084467625e-06
-8.358534998e-05
7.067242768e-06
8.360257484e-05
-8.423480438e-05
8.420761819e-05
-7.065806844e-06
-7.776943657e-05
5.60216972e-06
7.775972884e-05
-8.043539078e-05
8.046369062e-05
-5.658005359e-06
8.867438409e-05
-8.882899376e-05
6.320816399e-06
-8.875947027e-05
7.029810733e-06
8.880009589e-05
6.033267588e-06
-9.803548298e-05
9.862108471e-05
-6.618869314e-06
8.604239082e-05
-8.743594598e-06
1.77142841e-07
-7.747593906e-05
8.878362909e-05
-0.0001095228473
5.386900604e-06
5.484985551e-06
8.845264174e-05
1.63078172e-07
-1.555926501e-05
8.723322327e-05
-7.183703644e-05
3.601159356e-06
8.803248582e-05
-4.162953431e-06
3.695450107e-06
8.831348815e-05
-3.595837763e-06
-8.841310049e-05
5.646859563e-06
8.354978898e-05
1.360629418e-05
-0.0001179591753
-2.488230585e-06
8.646599965e-05
-8.646577572e-05
2.488006652e-06
8.611978366e-05
-1.402245684e-05
-7.193424865e-05
8.622684649e-05
-2.126075402e-06
-8.658900167e-05
0.0001055365265
-5.844022406e-06
-7.078103109e-06
-8.175528033e-05
7.078888119e-06
8.175449532e-05
-8.329189427e-05
8.329772769e-05
-7.090301049e-06
-5.931014344e-06
-8.329653873e-05
-5.977884395e-06
-8.073702627e-05
5.93856391e-06
-7.067632723e-06
-8.074493488e-05
7.070314305e-06
8.07422533e-05
-8.162299247e-05
8.162838696e-05
-7.083497591e-06
-4.069690837e-06
4.588482887e-06
8.107848209e-05
-8.142800531e-05
1.987389033e-07
7.715957557e-05
-5.487204272e-06
-8.141923813e-05
5.290715757e-06
-8.75372597e-05
8.743316996e-05
8.211727263e-05
5.527927279e-06
-8.211166884e-05
-4.77585498e-06
4.822737587e-06
8.207039002e-05
8.151518413e-05
-4.396399139e-06
-8.671353725e-05
8.605653968e-05
-7.081656499e-06
-7.941400557e-05
7.077057744e-06
7.941860432e-05
-8.040523256e-05
8.041658859e-05
-7.078988753e-06
-5.996896184e-06
-8.041637899e-05
-5.976937143e-06
-7.777111577e-05
5.978616351e-06
-7.074211329e-06
-7.77673256e-05
7.074228669e-06
7.776730826e-05
-7.908057411e-05
7.907642699e-05
-7.077509376e-06
-5.278350814e-06
5.314371653e-06
7.902615715e-05
-7.866641377e-05
7.863896127e-05
-5.250898318e-06
-7.868733526e-05
-5.624196999e-06
7.974474606e-05
5.674056808e-06
-7.975155329e-05
-5.345543006e-06
5.378823739e-06
7.971146533e-05
7.937320566e-05
-9.21331333e-05
9.157778226e-05
-6.491600748e-06
6.011458505e-06
-6.389049405e-06
-9.17555424e-05
4.719971743e-06
-9.961700267e-05
9.367804285e-05
1.358348117e-05
-0.000107261524
-5.230359882e-06
8.934403061e-05
-8.836675478e-05
3.669789052e-06
3.772822241e-06
8.861196621e-05
2.635585704e-06
8.634966706e-05
-2.942861952e-06
-4.859512906e-06
5.011333535e-06
8.391322321e-05
-8.38631621e-05
-4.795299537e-06
8.379894873e-05
-5.67613474e-06
-8.390222661e-05
-3.582205321e-06
-7.36156846e-05
1.292131707e-05
-0.0001195314622
8.431257616e-05
-1.140711144e-06
-7.025054795e-05
2.414460601e-06
8.546566445e-05
8.501665187e-05
5.846375554e-06
-8.502650678e-05
-5.055486702e-06
5.873314329e-06
8.419882425e-05
8.45274322e-05
1.97652583e-06
-1.65515692e-06
4.342663824e-06
-7.731114081e-05
7.731221801e-05
4.40980526e-06
-7.74665133e-05
7.739937187e-05
-9.946675118e-05
-1.1932128e-05
0.0001113988792
8.116594272e-05
-8.111242409e-05
1.325006295e-05
6.811461867e-05
-5.351358865e-06
-9.035360234e-05
5.957583695e-06
9.042928623e-05
7.316545581e-06
-9.12033993e-05
9.140105056e-05
-7.514196836e-06
9.520599405e-05
8.185321184e-06
-1.053745979e-05
-9.285385545e-05
-8.811954575e-05
8.804769249e-05
-6.024632347e-06
6.392550733e-06
-6.349654257e-06
-8.816244222e-05
6.443912784e-06
-8.851068987e-05
8.806612797e-05
-1.469303867e-05
8.678465719e-05
-7.244230223e-05
0.0001097700668
-0.0001244631055
7.429064535e-06
0.0001005599868
-1.278305733e-05
1.517038946e-06
9.285065946e-05
-1.140314475e-07
-9.425366696e-05
8.082409029e-05
-9.544012918e-05
5.872444292e-06
-4.830723209e-06
4.818304454e-06
8.323540463e-05
-8.269603156e-05
8.268804594e-05
-8.27434589e-05
-8.660398453e-05
8.212144684e-05
4.521449122e-06
-4.51827249e-06
7.863578464e-05
4.536042603e-06
7.901156367e-05
4.47214009e-06
-7.774270031e-05
7.768036548e-05
-7.815821428e-05
7.811208188e-05
-5.38754838e-06
8.049988014e-05
-8.009587419e-05
8.008714955e-05
-8.007982274e-05
5.449803854e-06
-4.596034392e-06
7.923338009e-05
7.401755599e-05
4.564054413e-06
7.934519385e-05
7.967948535e-05
6.458249906e-06
-8.884333088e-05
8.974578105e-05
-8.967658055e-05
8.95749967e-05
-8.391433748e-05
-4.466845858e-06
8.855832618e-05
-1.235985989e-05
-1.407674805e-06
-7.014680278e-05
3.842243906e-06
1.510050547e-05
-0.0001246233528
8.602220839e-05
-7.232937772e-05
8.694226313e-05
8.982962237e-05
8.858264384e-05
5.628157976e-06
-3.640768411e-06
8.832689685e-05
3.896515404e-06
-3.802022881e-06
8.739447775e-05
8.373861631e-05
-8.376789149e-05
-4.807505418e-06
8.375082219e-05
8.356058801e-05
-7.114802188e-05
5.118967015e-07
-1.601438763e-05
8.596513097e-05
-7.046264004e-05
-1.356002923e-05
8.524441302e-05
-7.117248709e-05
-4.893148444e-06
8.721090922e-05
-0.0001081536481
8.724611204e-05
-0.000122176105
0.0001075222907
-0.0001210823199
-8.516033018e-05
8.544871538e-05
-1.651506315e-05
-6.978597818e-05
4.418225859e-06
-1.299417889e-05
0.0001185307054
-8.530406135e-05
7.818319679e-05
-8.53017082e-05
-7.575499365e-05
0.0001230937575
-8.865167445e-05
0.0003052848087
0.0002227671919
-0.000219610968
-0.0002410978939
0.0003708344052
-0.0002561762177
0.0005449309493
0.0003019060727
-0.0003007566379
-0.0004931787268
0.0005874230983
-0.0002908239062
0.0002067817979
-0.0002073519272
-0.0006381272018
-9.545363062e-05
0.0001492892331
-0.0001023138427
0.0003510699579
0.0002371360262
-0.0002354679966
-0.0002797218137
-0.0002449649092
0.0002256739223
0.0004226813644
-0.0002705222621
0.0006099886619
0.0003055157085
-0.0003062826001
-0.0005549514723
-0.0005119644297
0.0003016827354
0.0006543602287
-0.0002930543225
0.0002020531422
-0.0002034439471
-0.0007037665103
-0.0006601972701
0.0002061977445
0.000180665771
-0.0006894183358
0.0003408101823
0.0003466219841
7.406104648e-05
0.0003465284892
-7.405394576e-05
-0.0003465355899
-7.403263593e-05
0.0003300347945
-0.0003300422984
7.404013989e-05
2.265394397e-05
-0.0001683361095
0.0001683189667
-2.263680117e-05
1.819220121e-05
-1.818132613e-05
-0.0001683077176
-1.818881749e-05
-0.0001641085138
1.818178939e-05
-9.286452949e-05
0.0001523512719
-8.792860188e-05
0.0003834857648
0.0001997284633
-0.0002137778813
-0.0003009096676
-0.000307956114
0.0002326686892
0.0004667833826
-0.0002486596433
0.0006858308394
0.0002825462515
-0.0002919861687
-0.0006211664733
-0.0006028345152
0.0003031700947
0.0007387772644
-0.0002834281279
0.0002107505746
-0.0002087238805
-0.0008040385387
-0.0007502849069
0.0002031714299
0.0007738027721
0.0001760557391
-0.00077381096
0.0001516845487
0.0003895877027
-7.888406641e-05
-7.28004823e-05
0.0003842150694
-7.28004823e-05
0.0003734722984
-0.0003734722984
7.280048228e-05
4.236323588e-05
-0.0003786677231
0.0001886629061
0.000190004817
1.737734263e-05
0.000190004817
-1.737734262e-05
-0.000190004817
-1.737879283e-05
0.0001859792874
-0.0001859778372
1.737734262e-05
-4.43131479e-05
8.925920617e-05
-4.439927167e-05
0.0002938823359
0.0001217985544
-0.0001434373629
-0.000216778696
-0.0002875879539
0.0001830078338
0.0003755414046
-0.0001761050673
0.0006140448882
0.0002148795802
-0.0002361914866
-0.0005388012976
-0.0006133116718
0.0002701652465
0.0006815676616
-0.0002392341911
0.0008242526555
0.0001935746092
-0.0002026168735
-0.0007872176325
-0.0008135182565
0.0002108568779
0.0008513568943
-0.0001802434072
0.0008875241685
0.0001028981381
-0.0001044247787
-0.000881264921
-0.00083826938
0.0001029913811
0.0008900933765
-7.914953635e-05
-2.097192229e-06
1.60423198e-05
-6.623010341e-06
0.0001367498879
4.035782022e-05
-5.837611529e-05
-8.499657082e-05
-0.0001853791501
9.987675599e-05
0.0001970111466
-8.143948253e-05
0.0004015818925
0.0001134967821
-0.0001396700691
-0.000332214406
-0.0004970990874
0.000191220697
0.0004686666911
-0.0001502943419
0.0006367870596
0.0001286098592
-0.0001481464849
-0.000587738333
-0.0007555622885
0.0001812369033
0.0006777077286
-0.0001373589113
0.0007500190171
7.769213666e-05
-8.641989539e-05
-0.0007342265326
-0.0008693461905
9.928369737e-05
0.0007578196074
-6.616875167e-05
0
0
0
1.327541942e-05
9.611592067e-07
-5.053854505e-06
-2.519695409e-06
-5.517715671e-05
2.510851668e-05
3.396204746e-05
-1.266963087e-05
0.000139008675
2.732436972e-05
-4.44695104e-05
-9.873734447e-05
-0.0002701561638
8.831483794e-05
0.0001818047566
-5.400010459e-05
0.0003059831383
4.933432151e-05
-6.766253658e-05
-0.0002670521251
-0.0005122564393
0.0001081190066
0.0003405235113
-6.626342546e-05
0.0004082895574
3.639140964e-05
-4.680779408e-05
-0.0003923492402
-0.0006601966079
6.790241592e-05
0.0004170964913
-3.686340296e-05
0
0
0
0
0
0
0
0
0
0
0
2.689369146e-06
0
-7.48397385e-07
-1.779108727e-07
-5.570297504e-05
1.412507176e-05
8.136793379e-06
-2.546627836e-06
4.208591478e-05
3.230370774e-06
-9.83346837e-06
-2.903283539e-05
-0.0001908515429
3.32349498e-05
5.52625296e-05
-1.138270726e-05
8.582124636e-05
5.214796695e-06
-1.074068786e-05
-7.792252546e-05
-0.0003007217444
2.664960115e-05
9.071104146e-05
-8.937714642e-06
0
0
0
0
0
0
0
0
0
0
0
0
0
0
0
0
0
0
0
0
0
0
0
-6.775941953e-06
2.421483408e-07
0
0
0
0
0
0
-3.3129865e-05
1.615058121e-06
0
0
0
0
0
0
0
0
0
0
0
0
0
0
0
0
0
0
0
0
0
0
0
0
0
0
0
0
0
0
0
0
0
0
0
0
0
0
0
0
0
0
0
0
0
0
0
0
0
0
0
0
0
0
0
0
0
0
0
0
0
0
0
0
0
0
0
0
0
0
0
0
0
0
0
0
0
0
0
0
0
0
0
0
0
0
0
0
0
0
0
0
0
0
0
0
0
0
0
0
0
0
0
0
0
0
0
0
0
0
0
0
0
0
0
0
0
0
0
0
0
0
0
0
0
0
0
0
0
0
0
0
0
0
0
0
0
0
0
0
0
0
0
0
0
0
0
0
0
0
0
0
0
0
0
0
0
0
0
0
0
0
0
0
0
0
0
0
0
0
0
0
0
0
0
0
0
0
0
0
0
0
0
0
0
0
0
0
0
0
0
0
0
0
0
0
0
0
0
0
0
0
0
0
0
0
0
0
0
0
0
0
0
0
0
0
0
0
0
0
0
0
0
0
0
0
0
0
0
0
0
0
0
0
0
0
0
0
0
0
0
0
0
0
0
0
0
0
0
0
0
0
0
0
0
0
0
0
0
0
0
0
0
0
0
0
0
0
0
0
0
0
0
0
0
0
0
0
0
0
0
0
0
0
0
0
0
0
0
0
0
0
0
0
0
0
0
0
0
0
0
0
0
0
0
0
0
0
0
0
0
0
0
0
0
0
0
0
0
0
0
0
0
0
0
0
0
0
0
0
0
0
0
0
0
0
0
0
0
0
0
0
0
0
0
0
0
0
0
0
0
0
0
0
0
0
0
0
0
0
0
0
0
0
0
0
0
0
0
0
0
0
0
0
0
0
0
0
0
0
0
0
0
0
0
0
0
0
0
0
0
0
0
0
0
0
0
0
0
0
0
0
0
0
0
0
0
0
0
0
0
0
0
0
0
0
0
0
0
0
0
0
0
0
0
0
0
0
0
0
0
0
0
0
0
0
0
0
0
0
0
0
0
0
0
0
0
0
0
0
0
0
0
0
0
0
0
0
0
0
0
0
0
0
0
0
0
0
0
0
0
0
0
0
0
0
0
0
0
0
0
0
0
0
0
0
0
0
0
0
0
0
0
0
0
0
0
0
0
0
0
0
0
0
0
0
0
0
0
0
0
0
0
0
0
0
0
0
0
0
0
0
0
0
0
0
0
0
0
0
0
0
0
0
0
0
0
0
0
0
0
0
0
0
0
0
0
0
0
0
0
0
0
0
0
0
0
0
0
0
0
0
0
0
0
0
0
0
0
0
0
0
0
0
0
0
0
0
0
0
0
0
0
0
0
0
0
0
0
0
0
0
0
-1.817794772e-05
-0.0001629941854
-1.82017403e-05
-0.0001591349595
1.818152842e-05
-2.268020117e-05
-0.0001591098571
2.26643247e-05
0.0001591257336
-1.738156037e-05
-0.0001848084799
-1.812672978e-05
-0.0001622133899
1.738867815e-05
-2.296100616e-05
-0.0001609581041
2.194244644e-05
0.0001619766639
3.512187583e-06
-3.516627471e-06
0.0003248244117
-7.404895985e-05
-0.0003248080878
0.0003085920706
-0.000308592256
7.402371326e-05
-0.0006225491188
0.0003085909058
0.0003139473262
0.0001548749303
-0.0003086031521
4.98368594e-05
6.798325277e-05
0.0003085903887
6.797521208e-05
0.0003248239937
-6.797479415e-05
0.0003680996652
-7.280048229e-05
-0.0003680996652
0.0003541549256
-0.0003541741443
7.408026518e-05
-0.0007152842309
0.0003547626655
0.0003645883397
-4.991976653e-05
0.0001767997911
-0.0003542224751
5.228450711e-05
-6.799718679e-05
6.793687409e-05
0.0003542152383
6.671332305e-05
0.0003680996652
-6.671332305e-05
6.79805815e-05
0.0003300294251
0.0003465224718
-6.799116934e-05
0.0001726316617
-4.979986207e-05
-0.0003465252587
1.818960918e-05
-1.817806809e-05
-0.0001737572197
-0.0001696512125
1.81923327e-05
-0.0001696491993
2.265383165e-05
0.0001696493116
-8.667979116e-05
-5.880410997e-06
6.264676185e-06
-6.281712535e-06
-8.666275481e-05
6.296114825e-06
-8.699184189e-05
6.341028715e-06
-6.34002686e-06
-8.174601574e-05
8.210900405e-05
-8.209518214e-05
6.327206806e-06
5.91799565e-06
0.0004110757402
2.41030963e-05
-2.410309631e-05
-0.0004110757402
0.0003949603359
-0.0003949603359
2.41030963e-05
-0.0003949603359
4.236323587e-05
0.0003949603359
1.801657027e-05
0.0003949603359
1.801657026e-05
0.0004110757402
-1.801657028e-05
-0.0001861481934
3.682951733e-06
-0.0001900047782
-3.682199559e-06
-8.140835919e-05
-5.915160305e-06
6.331266842e-06
-6.333377935e-06
-8.140624809e-05
-8.163504956e-05
-7.75123753e-05
7.750611651e-05
-7.067952535e-06
-5.985293359e-06
-7.749069203e-05
-0.0001576744944
0.0001576796373
-2.268534402e-05
-1.8194046e-05
-0.0001576888667
9.488537782e-05
-9.359702868e-05
6.896972049e-06
-9.167964482e-05
7.121525328e-06
9.187466507e-05
-0.0001849920149
1.3154955e-05
-6.948243605e-06
-6.725892453e-06
6.324269178e-06
-8.72712584e-05
8.758103231e-05
-8.760641739e-05
-0.0001916455108
0.0001920694799
-2.338497531e-05
-1.824382699e-05
-0.0001932052097
-0.0001750102851
1.820218069e-05
0.0001854492662
7.745004685e-06
-3.810955717e-06
-3.117873383e-06
9.257349316e-05
-9.402188168e-05
2.965427461e-06
5.784179605e-06
9.653026275e-05
6.395977535e-06
-6.387532889e-06
-8.464277441e-05
8.501835162e-05
-8.500476283e-05
6.382388736e-06
6.090169505e-06
0.0001708979903
1.679033677e-05
-0.0001709684953
-1.526604273e-05
7.450567488e-06
8.520473774e-05
7.861573442e-06
-1.525761326e-05
8.498584594e-05
7.447421209e-06
-7.450795364e-06
-8.700806165e-05
-8.632316539e-05
7.441204093e-06
-0.0001726943939
8.629074993e-05
8.654553913e-05
0.0001659269207
1.671000385e-05
-0.0001658937652
-1.537771638e-05
1.526126395e-05
8.275147883e-05
-1.517560427e-05
8.212663636e-05
-1.515902529e-05
8.395879462e-05
-0.0001672857721
8.38026608e-05
-0.000167269367
-8.39353629e-05
-6.002806376e-06
6.376074874e-06
-6.374427976e-06
-8.39370098e-05
-8.419746084e-05
6.345246647e-06
-6.3623604e-06
-7.940455911e-05
7.975186444e-05
-7.976420945e-05
6.357591663e-06
5.999851082e-06
0.0001604899042
1.671374652e-05
-0.0001604840194
-1.524108852e-05
1.52477326e-05
8.007802759e-05
-1.526343204e-05
7.97533743e-05
-1.522140296e-05
8.140855376e-05
-0.000161802486
8.10838808e-05
-0.0001618028177
0.0001548504349
1.67169543e-05
-0.0001548702034
1.52119635e-05
7.731294824e-05
-1.531106459e-05
7.867161867e-05
-0.0001560902439
7.822381716e-05
-0.0001561061738
-7.870291659e-05
-5.979764462e-06
6.34758442e-06
-6.367514517e-06
-7.86829865e-05
-7.908598335e-05
1.687673324e-05
-0.0001767216363
8.81568299e-05
8.846234854e-05
7.449930032e-06
-7.455575841e-06
-8.847139381e-05
-8.731569429e-05
7.466834306e-06
6.871661952e-06
-7.171391879e-06
-9.773575306e-05
-8.872986137e-05
7.420321134e-06
-0.0001805373571
8.872406951e-05
8.934631896e-05
-8.778194405e-05
-3.746489521e-06
3.667659377e-06
-3.520488009e-06
-8.792911542e-05
-8.657656226e-05
7.312155132e-07
3.029563061e-06
-3.06173837e-06
8.802337895e-05
3.333080958e-06
3.31137784e-06
8.768052367e-05
-8.700647816e-05
-2.353975085e-06
8.677657191e-05
2.995632352e-06
-2.755998475e-06
1.731054441e-06
2.257289942e-06
-0.0001516845487
0.000816591658
0.0001519304642
-0.000795293305
0.000795293305
-0.0007957254312
-4.845211093e-05
-0.0003949603359
4.845211094e-05
0.0001273369742
-6.671332304e-05
0.0003949603359
0.0004003329691
-6.062365113e-05
0.0001273369742
6.671332304e-05
0.0003734722984
0.0003895877027
-6.671332305e-05
-4.845211094e-05
-0.0003895877027
-3.627805807e-05
0.0003895877027
3.627805806e-05
-0.0003842150695
0.0003842150694
-1.890071546e-05
-0.0003842150695
-0.0003842150694
-1.12907656e-05
0.0003842149776
-1.28122388e-05
3.019089883e-05
-1.585568561e-05
-1.43352132e-05
3.019089883e-05
1.585700301e-05
0.0001861540071
0.000190004817
-1.585568562e-05
0.0001900043575
-1.129030611e-05
-0.000190004817
6.300204044e-06
-8.634844383e-05
-6.304318803e-06
8.658187106e-05
-8.656337955e-05
8.657116371e-05
7.076068315e-06
-8.655233176e-05
-6.691908599e-06
6.699692759e-06
-6.716550177e-06
-6.684187583e-06
6.697062239e-06
-8.664724963e-05
-8.665006715e-05
9.769055471e-06
0.000190004188
-9.768886022e-06
5.203949526e-06
-5.204118979e-06
-0.0001900046088
-0.0001863159188
5.20620781e-06
-1.192957039e-05
1.192957039e-05
-0.0003842149388
-6.725712775e-06
-8.247476022e-06
-5.184987367e-06
5.204980722e-06
-7.732256561e-05
-7.732106712e-05
1.342658512e-06
-9.107043543e-05
6.841908442e-05
-7.645761026e-05
9.381184357e-06
4.57330268e-05
1.122844557e-05
0.0001817877206
1.604673817e-05
-0.0001819537576
1.489078329e-05
9.049427869e-05
-7.405246451e-06
-7.395494276e-06
-9.008418381e-05
6.602243429e-06
-1.46852982e-05
1.43358665e-05
-0.0001834822487
9.200808894e-05
-0.0001832985689
8.763123831e-05
7.088265885e-06
-8.762180148e-05
-6.709987392e-06
6.734808318e-06
-6.747067582e-06
6.740857564e-06
-8.817470149e-05
-8.818431219e-05
-3.460386586e-06
-0.0001837700754
-4.564637421e-06
0.0001834551111
6.078490874e-06
-2.114131476e-06
-9.293725029e-05
-2.22369136e-06
6.567184409e-06
2.956831509e-06
8.050284448e-05
9.192505503e-05
-1.188527039e-06
-5.081378283e-06
1.990669109e-05
0.0001498586085
-9.161051423e-05
-7.763804446e-05
5.9986356e-06
-4.45632063e-05
6.72322584e-05
-2.86676877e-05
7.774921935e-05
-5.816710258e-05
8.49877259e-05
7.076640619e-06
-6.748889627e-06
6.7318527e-06
-6.741963364e-06
-6.719038557e-06
8.566499542e-05
-8.517985196e-05
8.519266611e-05
-8.522778087e-05
6.347273971e-06
6.360129993e-06
-8.361037667e-05
-6.348308293e-06
8.378886962e-05
-8.38031676e-05
8.381227727e-05
7.057626302e-06
-6.709092067e-06
6.718201733e-06
-6.716893897e-06
-6.731806015e-06
-8.395061408e-05
7.818710335e-05
-7.820913063e-05
-5.222009251e-06
8.951310392e-05
6.899924355e-06
-8.938321754e-05
-6.697622576e-06
6.534145942e-06
-6.124654819e-06
5.128736858e-06
-9.134605128e-05
-9.106499624e-05
-3.676297322e-06
8.83698467e-05
3.338936436e-06
-8.824986174e-05
8.847007982e-05
-8.830721771e-05
8.802275779e-05
3.495943066e-06
3.452689284e-06
3.196863154e-06
8.640599565e-05
8.654002721e-05
8.210917526e-05
7.096349216e-06
-6.721763903e-06
6.735757022e-06
-6.713284327e-06
-6.726074411e-06
8.33069082e-05
-8.2757527e-05
8.276720961e-05
-8.275647759e-05
6.337938823e-06
6.346886866e-06
-8.074545568e-05
-6.338457455e-06
8.108902049e-05
-8.107551156e-05
8.107212804e-05
7.082067068e-06
-6.722455298e-06
6.719071783e-06
-6.72565768e-06
-6.719946926e-06
-8.140712324e-05
7.975251343e-05
7.077918611e-06
-6.717920296e-06
6.706224273e-06
-6.703875082e-06
-6.713510287e-06
8.040444119e-05
-8.007695745e-05
8.006967143e-05
-8.007686785e-05
6.350395249e-06
6.359577936e-06
-7.77673094e-05
-6.363384308e-06
7.821027875e-05
-7.821821532e-05
7.820633825e-05
7.091707582e-06
-6.722478128e-06
6.710601054e-06
-6.722479273e-06
-6.713431437e-06
-7.868581688e-05
3.568622243e-06
-8.848268774e-05
8.864876316e-05
-8.860062893e-05
8.710932631e-05
3.605759065e-06
-3.468214907e-06
1.976912287e-06
-3.269020153e-06
3.04212496e-06
-8.922122329e-05
7.955433997e-05
7.072240118e-06
-8.06689964e-05
-4.487587653e-06
7.584317362e-06
-8.17111441e-06
9.179193619e-05
7.780228775e-06
-9.005232198e-05
8.946552493e-05
-8.959365364e-05
0.0001247892207
9.253055645e-06
8.191136394e-06
9.460232444e-07
9.684836026e-05
2.765603328e-06
-0.0001403229219
9.670573886e-05
-9.349648484e-05
1.947547453e-05
7.390697886e-05
-1.064593348e-06
4.273847372e-06
1.530099958e-06
-1.384866592e-05
5.765743986e-05
8.300535868e-05
0
0
0
0
0
0
1.118626762e-05
1.360561824e-05
5.194610193e-05
-5.147038943e-05
-3.877986195e-05
0
0
0
0
0
0
0
0
2.01875e-05
2.114959615e-05
6.41857607e-05
-6.239080119e-05
-5.21637844e-05
-4.20511024e-05
5.664854562e-05
0.0001399259155
9.900213323e-05
-8.843159176e-05
-0.0001385230004
0.0001434570329
0.0001995813988
-0.0001308838612
0.0001837101581
0.0004021587485
-0.0003333715612
0.0002669433761
-0.0002867811653
0.0002921363477
0.0004685673284
-0.000284865317
0.0004505932019
0.0006324582258
-0.0005840281709
0.0002929266532
-0.00027056491
0.0002702961479
0.0006653780134
-0.0002704644393
0.0006408643727
0.0001658794719
2.26704215e-05
-2.116421022e-05
2.11617804e-05
0.0001658819017
-2.115194708e-05
0.0001641193728
0
0
0
0
0
0
0
0
1.934211404e-05
1.584638646e-05
4.473169525e-05
-5.169456622e-05
-4.675314296e-05
-5.747922602e-05
6.170077662e-05
0.0001644019267
9.560001111e-05
-0.00010403514
-0.0001455531951
0.000138852946
0.000234417747
-0.0001494246471
0.000233237737
0.0004706262036
-0.0003909663768
0.0002596265793
-0.0002916709688
0.0002846333162
0.0005465422026
-0.000295603641
0.0005363211229
0.0007209340602
-0.0006743487346
0.0002878446247
-0.0002676506847
0.000266925114
0.0007534470999
-0.0002678070633
0.0007347479028
0
0
0
0
0
0
0
0
3.710015664e-06
1.071783084e-06
1.372133712e-05
-2.094948169e-05
-1.455478936e-05
-3.971431049e-05
3.696921014e-05
0.0001260368846
5.620642056e-05
-7.157225618e-05
-0.0001046056187
8.990589695e-05
0.0001927032531
-0.0001179982793
0.0002099394459
0.000435190286
-0.0003507410661
0.0001978648196
-0.000244748842
0.0002255093314
0.0005184251044
-0.0002611331036
0.0005368044337
0.0007287752672
-0.0006679168302
0.0002548805171
-0.0002552289686
0.0002461425031
0.0007779945107
-0.0002613663543
0.0007824028814
0.0008538058084
-0.0008397483998
0.0001832302093
-0.0001547967379
0.0001565966381
0.000859182909
0.0008382921085
0.0008595577525
-0.0008595216376
7.87223396e-05
-5.429399512e-05
5.429399512e-05
0.0008595577525
0.00083826938
-3.019089884e-05
0
0
0
0
0
0
0
0
0
0
3.590579783e-08
-1.021404281e-06
0
-7.369472162e-06
7.702557444e-06
4.924904322e-05
1.349975192e-05
-1.810998232e-05
-4.416567554e-05
3.06121513e-05
9.447458535e-05
-5.901919663e-05
0.0001214500663
0.0002925674133
-0.0002188455692
0.000104673939
-0.0001549115425
0.0001292636058
0.0003698731445
-0.000180006868
0.000417266641
0.0005930723304
-0.0005228685311
0.0001753726702
-0.0001995481423
0.0001783178081
0.0006562329685
-0.000218207619
0.0007037805492
0.0007930494996
-0.0007566188944
0.0001522352872
-0.0001446651008
0.0001349530359
0.0008206763711
-0.0001516188509
0.0008533743593
0.0008583371388
-0.0008525330716
7.144792221e-05
-5.158671744e-05
4.895292766e-05
0.000858103939
-5.336753831e-05
0.0008831503118
0
0
0
0
0
0
0
0
0
0
0
0
0
0
0
8.108305723e-07
0
0
-3.707617831e-06
7.695141486e-07
9.329814849e-06
-9.864954746e-06
2.394690157e-05
0.0001046532507
-6.266902491e-05
2.489267391e-05
-5.766417169e-05
3.840099281e-05
0.0001541380955
-7.975845628e-05
0.0002076292225
0.0003237414945
-0.000266095801
7.562227703e-05
-0.000106693257
8.318232452e-05
0.0003795137112
-0.0001310059924
0.0004572885507
0.0005183582361
-0.0004781810743
8.426475785e-05
-9.364292265e-05
7.780052856e-05
0.000551224363
-0.000108879989
0.0006352287064
0.0006021075675
-0.0005932637438
4.486227991e-05
-3.667593917e-05
3.153144052e-05
0.0006028600162
-4.139135598e-05
0.0006856538958
0
0
0
0
0
0
0
0
0
0
0
0
0
0
0
0
0
0
0
0
0
0
0
2.075244053e-06
0
0
-3.38231736e-06
3.318223594e-07
9.504220019e-06
-1.084950818e-05
3.048025887e-05
6.890232969e-05
-4.440205789e-05
9.293285166e-06
-2.595234831e-05
1.348903332e-05
9.588101202e-05
-4.208082652e-05
0.0001555990382
0.0001758081015
-0.0001507878633
2.142115221e-05
-3.334989361e-05
2.15537754e-05
0.0001975889976
-4.701991902e-05
0.0002802167044
0.0002354537775
-0.0002279753417
1.467530535e-05
-1.552168985e-05
1.074607319e-05
0.0002374268181
-2.073292448e-05
0.0003254881242
0
0
0
0
0
0
0
0
0
0
0
0
0
0
0
0
0
0
0
0
0
0
0
0
0
0
0
0
0
0
0
0
0
0
0
0
0
-7.065448882e-07
2.813227128e-06
3.221265578e-06
-1.293200371e-06
0
-1.166614372e-06
7.051505557e-11
5.47551853e-06
-5.20359019e-06
2.671222325e-05
1.151972994e-05
-1.002018849e-05
9.945405218e-08
-1.170483123e-06
9.606128293e-08
1.208351939e-05
-3.387692393e-06
4.25939993e-05
0
0
0
0
0
0
0
0
0
0
0
0
0
0
0
0
0
0
0
0
0
0
0
0
0
0
0
0
0
0
0
0
0
0
0
0
0
0
0
0
0
0
0
0
0
0
0
0
0
0
0
0
0
0
0
0
0
0
0
0
0
0
0
0
0
0
0
0
0
0
0
0
0
0
0
0
0
0
0
0
0
0
0
0
0
0
0
0
0
0
0
0
0
0
0
0
0
0
0
0
0
0
0
0
0
0
0
0
0
0
0
0
0
0
0
0
0
0
0
0
0
0
0
0
0
0
0
0
0
0
0
0
0
0
0
0
0
0
0
0
0
0
0
0
0
0
0
0
0
0
0
0
0
0
0
0
0
0
0
0
0
0
0
0
0
0
0
0
0
0
0
0
0
0
0
0
0
0
0
0
0
0
0
0
0
0
0
0
0
0
0
0
0
0
0
0
0
0
0
0
0
0
0
0
0
0
0
0
0
0
0
0
0
0
0
0
0
0
0
0
0
0
0
0
0
0
0
0
0
0
0
0
0
0
0
0
0
0
0
0
0
0
0
0
0
0
0
0
0
0
0
0
0
0
0
0
0
0
0
0
0
0
0
0
0
0
0
0
0
0
0
0
0
0
0
0
0
0
0
0
0
0
0
0
0
0
0
0
0
0
0
0
0
0
0
0
0
0
0
0
0
0
0
0
0
0
0
0
0
0
0
0
0
0
0
0
0
0
0
0
0
0
0
0
0
0
0
0
0
0
0
0
0
0
0
0
0
0
0
0
0
0
0
0
0
0
0
0
0
0
0
0
0
0
0
0
0
0
0
0
0
0
0
0
0
0
0
0
0
0
0
0
0
0
0
0
0
0
0
0
0
0
0
0
0
0
0
0
0
0
0
0
0
0
0
0
0
0
0
0
0
0
0
0
0
0
0
0
0
0
0
0
0
0
0
0
0
0
0
0
0
0
0
0
0
0
0
0
0
0
0
0
0
0
0
0
0
0
0
0
0
0
0
0
0
0
0
0
0
0
0
0
0
0
0
0
0
0
0
0
0
0
0
0
0
0
0
0
0
0
0
0
0
0
0
0
0
0
0
0
0
0
0
0
0
0
0
0
0
0
0
0
0
0
0
0
0
0
0
0
0
0
0
0
0
0
0
0
0
0
0
0
0
0
0
0
0
0
0
0
0
0
0
0
0
0
0
0
0
0
0
0
0
0
0
0
0
0
0
0
0
0
0
0
0
0
0
0
0
0
0
0
0
0
0
0
0
0
0
0
0
0
0
0
0
0
0
0
0
0
0
0
0
0
0
0
0
0
0
0
0
0
0
0
0
0
0
0
0
0
0
0
0
0
0
0
0
0
0
0
0
0
0
0
0
0
0
0
0
0
0
0
0
0
0
0
0
0
0
0
0
0
0
0
0
0
0
0
0
0
0
0
0
0
0
0
0
0
0
0
0
0
0
0
0
0
0
0
0
0
0
0
0
0
0
0
0
0
0
0
0
0
0
0
0
0
0
0
0
0
0
0
0
0
0
0
0
0
0
0
0
0
0
0
0
0
0
0
0
0
0
0
0
0
0
0
0
0
0
0
0
0
0
0
0
0
0
0
0
0
0
0
0
0
0
0
0
0
0
0
0
0
0
0
0
0
0
0
0
0
0
0
0
0
0
0
0
0
0
0
0
0
0
0
0
0
0
0
0
0
0
0
0
0
0
0
0
0
0
0
0
0
0
0
0
0
0
0
0
0
0
0
0
0
0
0
0
0
0
0
0
0
0
0
0
0
0
0
0
0
0
0
0
0
0
0
0
0
0
0
0
0
0
0
0
0
0
0
0
0
0
0
0
0
0
0
0
0
0
0
0
0
0
0
0
0
0
0
0
0
0
0
0
0
0
0
0
0
0
0
0
0
0
0
0
0
0
0
0
0
0
0
0
0
0
0
0
0
0
0
0
0
0
0
0
0
0
0
0
0
0
0
0
0
0
0
0
0
0
0
0
0
0
0
0
0
0
0
0
0
0
0
0
0
0
0
0
0
0
0
0
0
0
0
0
0
0
0
0
0
0
0
0
0
0
0
0
0
0
0
0
0
0
0
0
0
0
0
0
0
0
0
-2.115515801e-05
0.0001629912323
-0.0001617815834
0.0001617883793
-2.116195385e-05
-2.266343133e-05
-2.042250526e-05
0.0001848086127
-0.0001832927683
0.0001832927683
-2.042250526e-05
-2.194244644e-05
-0.0003194996637
0.0001604875795
-4.991568461e-05
5.586590449e-05
-5.58896235e-05
-0.0003194759447
5.585645045e-05
-0.0003248127816
-0.0003434456458
0.0001819508574
-4.791542665e-05
5.453927018e-05
-5.476722062e-05
-0.0003432176954
5.453927018e-05
-0.0003680996652
5.585989331e-05
-0.0003300261825
0.0003354018235
-0.0003354042606
5.586233046e-05
0.0001672233795
4.97175186e-05
-2.116018925e-05
2.115972081e-05
0.0001737587893
-0.0001726630475
0.0001726783467
-2.117548846e-05
-2.267047474e-05
0.0001548659834
2.26720351e-05
2.116146657e-05
0.0001548693208
0.0001767015864
2.278707418e-05
-2.117598713e-05
2.117730431e-05
0.0001767002692
0.0001750072683
-2.337040585e-06
5.453927017e-05
-0.0003734722984
0.0003786677231
-0.0003786677231
5.453927018e-05
4.845211094e-05
1.298451906e-05
-0.0001861547931
0.0001874932129
-0.0001873209327
1.281223881e-05
0.0001876618976
1.128874381e-05
0.0001876582633
9.768011079e-06
-8.077911901e-06
8.24845136e-06
0.0001874877239
0.0001863053345
3.269540437e-06
4.558348584e-06
-9.136051778e-05
7.079486894e-05
-7.131789864e-05
-0.0001317334199
0.0001789506005
-0.0001109143379
0.0001669788324
-6.759601105e-05
-0.0002254109109
0.0002874508117
0.0001767860009
0.0001748624655
-0.0002831720095
0.0004343520185
-0.0003506264308
0.0004123648796
-0.0004701184578
0.0005213765647
0.0002983280289
0.0002998260859
-0.0002701829588
0.0006189338318
-0.0005639484671
0.0005958763893
-0.0006157183958
0.0002413357049
0.0002411420489
-0.0001472463293
0.000211543868
-0.0001479300759
0.0002102651056
-9.407535497e-05
-0.0002785733602
-0.0002315232165
0.0003500971397
0.0001930579912
-0.000189053815
0.0001950834782
0.0001834986409
0.0002649377864
-0.0002951104208
0.0004916126452
-0.0004219822097
0.0004913022628
-0.0005552343493
-0.0003051245299
0.0006111805306
0.0003072346435
-0.0003050789983
0.0003070715142
0.000300535442
0.0005300041007
-0.0002694256062
0.0006860954171
-0.000656773577
0.0006900595839
-0.000709660592
-0.000205643494
0.0002381294573
-0.0002399756705
0.0002363653727
0.0002407118445
0.0006845967567
-2.116127294e-05
0.0001683194774
2.116076229e-05
-0.0001672569999
0.0001672575073
-0.0001672614645
-1.818922864e-05
1.965616197e-05
-1.966011914e-05
1.966792172e-05
1.967942194e-05
-1.966856295e-05
0.0001659012045
-0.0001295560193
0.0002227158243
-0.0001602909946
0.0002309490866
-9.98740204e-05
-0.000308784636
-0.0002248349351
0.0003903703859
0.0001728296571
-0.0001833010944
0.0001596705325
0.0001907855583
0.0003110570113
-0.0002744529068
0.0005471522086
-0.0004720904666
0.0005503501994
-0.0006217735871
-0.000298756154
0.0006833922986
0.0002891589078
-0.0002979036509
0.0002774409196
0.0003038224593
0.0006154229075
-0.0002650524611
0.0007784131717
-0.0007328264831
0.0007684204038
-0.0007893518077
-0.0002057016288
0.0002392127336
-0.0002385456603
0.0002385113585
0.000237350641
0.0007709054084
1.890071545e-05
-1.890071545e-05
0.0001874944612
1.890071544e-05
0.0001874944612
1.737734262e-05
-7.44903859e-05
0.0001475723015
-0.0001086061597
0.0001717129109
-5.832484222e-05
-0.0002449563929
-0.0001640627559
0.0003251523267
0.0001085272635
-0.0001269719895
8.956379774e-05
0.0001442155402
0.0002687126102
-0.0002037556441
0.0004582966939
-0.0004088069508
0.0004923528735
-0.0005723831189
-0.0002547046193
0.0006458785355
0.0002242321263
-0.0002448592337
0.0002011745659
0.0002626597137
0.0005970064387
-0.0002338124774
0.0007396122071
-0.0007104242062
0.0007643650175
-0.0008069072177
-0.0002083078445
0.0008381629483
0.0002210652093
-0.000229966052
0.0002087991076
0.0002356428655
0.0008148912397
-0.0001556015351
0.0008698012899
-0.0008591084662
0.0008714613818
-0.0008774581371
-0.0001038218555
0.0008795047986
0.0001300388311
-0.0001298509994
0.0001276052921
0.00012758636
0.000859418235
-5.425941094e-05
0.0008898855977
-0.0008797409822
0.0008795459209
2.965043494e-05
-2.994614064e-05
2.901742691e-05
2.994614063e-05
-1.19295704e-05
-1.898900759e-05
4.412374242e-05
-3.109976787e-05
6.819302744e-05
-8.213140763e-06
-0.0001178437462
-7.847256532e-05
0.0001778352974
3.685653343e-05
-5.299072231e-05
2.307314239e-05
7.07998686e-05
0.0001518416553
-0.0001039138196
0.0002631026774
-0.0002455093298
0.000317944781
-0.0003921491938
-0.000165883764
0.0004652520069
0.0001238522978
-0.0001501935118
9.814371164e-05
0.000176247159
0.0004476211136
-0.0001551902503
0.0005312926745
-0.0005346959869
0.000598377362
-0.0006547355385
-0.0001659209924
0.000702793324
0.0001543317304
-0.0001749369448
0.000132250937
0.0001932917272
0.0007109828637
-0.0001228538741
0.0007101864662
-0.0007421191199
0.0007727324461
-0.0007949696513
-9.37177169e-05
0.0008093157403
0.000105578046
-0.0001151385369
9.430815274e-05
0.0001225800315
0.0008402251816
-4.552462713e-05
0.0007578537383
-0.0008162423926
0.0008160819266
2.510109992e-05
-2.675663437e-05
2.308930459e-05
2.805764358e-05
0
0
0
1.804422851e-06
0
-1.218366297e-05
-1.319447095e-05
3.386980236e-05
9.971041921e-07
-4.757386567e-06
0
1.222203207e-05
3.030841886e-05
-2.263250931e-05
6.305474381e-05
-6.543350913e-05
0.0001050498381
-0.0001506258018
-6.502693484e-05
0.0001999253006
3.364935038e-05
-5.223818357e-05
1.881657707e-05
7.398968142e-05
0.0002087675048
-6.138143874e-05
0.0002251099723
-0.000250707628
0.0003008470012
-0.0003484294878
-8.751781208e-05
0.0003918296877
6.6030044e-05
-8.720065889e-05
4.686305438e-05
0.000109573604
0.0004315089834
-6.20416519e-05
0.0003695805007
-0.0004297431764
0.0004611880306
-0.0004854869091
-5.74591449e-05
0.0005022238369
5.53887558e-05
-6.865802266e-05
4.256964819e-05
8.182218145e-05
0.0005762777399
-2.614698629e-05
0.0004186724735
-0.000511197591
0.0005123818473
1.523191371e-05
-1.809464363e-05
1.225670518e-05
2.073937368e-05
0
0
0
0
0
0
0
0
0
0
0
0
0
0
0
0
1.082281462e-06
-5.851987516e-06
-5.210434795e-06
1.596166323e-05
4.957654528e-08
-1.972004561e-06
0
8.176228536e-06
2.406048968e-05
-5.023475798e-06
1.729247102e-05
-3.07989797e-05
4.889165102e-05
-6.875606361e-05
-1.992458349e-05
8.897212581e-05
7.60543271e-06
-1.718491893e-05
1.880561261e-06
3.040152071e-05
0.0001236889836
-1.206692844e-05
6.750435285e-05
-0.0001082432585
0.0001254419652
-0.0001396442025
-1.798044531e-05
0.0001501456848
1.183303788e-05
-2.035517496e-05
5.477056572e-06
3.07356343e-05
0.0002152056728
-6.634567499e-06
9.23143863e-05
-0.0001564677978
0.0001583568021
4.073898635e-06
-6.523586639e-06
2.102150794e-06
9.303923591e-06
0
0
0
0
0
0
0
0
0
0
0
0
0
0
0
0
0
0
0
0
0
0
0
0
0
0
0
0
0
0
0
0
0
0
0
2.581073751e-08
1.380632158e-07
0
0
0
5.71503826e-10
-1.926811865e-07
-6.550502559e-08
5.465416827e-07
0
-1.999233941e-08
0
1.50290894e-06
7.857553002e-06
0
0
-8.518781742e-07
9.778850313e-07
0
-6.241677893e-08
0
7.347296493e-07
0
0
0
0
0
0
0
0
0
0
0
0
0
0
0
0
0
0
0
0
0
0
0
0
0
0
0
0
0
0
0
0
0
0
0
0
0
0
0
0
0
0
0
0
0
0
0
0
0
0
0
0
0
0
0
0
0
0
0
0
0
0
0
0
0
0
0
0
0
0
0
0
0
0
0
0
0
0
0
0
0
0
0
0
0
0
0
0
0
0
0
0
0
0
0
0
0
0
0
0
0
0
0
0
0
0
0
0
0
0
0
0
0
0
0
0
0
0
0
0
0
0
0
0
0
0
0
0
0
0
0
0
0
0
0
0
0
0
0
0
0
0
0
0
0
0
0
0
0
0
0
0
0
0
0
0
0
0
0
0
0
0
0
0
0
0
0
0
0
0
0
0
0
0
0
0
0
0
0
0
0
0
0
0
0
0
0
0
0
0
0
0
0
0
0
0
0
0
0
0
0
0
0
0
0
0
0
0
0
0
0
0
0
0
0
0
0
0
0
0
0
0
0
0
0
0
0
0
0
0
0
0
0
0
0
0
0
0
0
0
0
0
0
0
0
0
0
0
0
0
0
0
0
0
0
0
0
0
0
0
0
0
0
0
0
0
0
0
0
0
0
0
0
0
0
0
0
0
0
0
0
0
0
0
0
0
0
0
0
0
0
0
0
0
0
0
0
0
0
0
0
0
0
0
0
0
0
0
0
0
0
0
0
0
0
0
0
0
0
0
0
0
0
0
0
0
0
0
0
0
0
0
0
0
0
0
0
0
0
0
0
0
0
0
0
0
0
0
0
0
0
0
0
0
0
0
0
0
0
0
0
0
0
0
0
0
0
0
0
0
0
0
0
0
0
0
0
0
0
0
0
0
0
0
0
0
0
0
0
0
0
0
0
0
0
0
0
0
0
0
0
0
0
0
0
0
0
0
0
0
0
0
0
0
0
0
0
0
0
0
0
0
0
0
0
0
0
0
0
0
0
0
0
0
0
0
0
0
0
0
0
0
0
0
0
0
0
0
0
0
0
0
0
0
0
0
0
0
0
0
0
0
0
0
0
0
0
0
0
0
0
0
0
0
0
0
0
0
0
0
0
0
0
0
0
0
0
0
0
0
0
0
0
0
0
0
0
0
0
0
0
0
0
0
0
0
0
0
0
0
0
0
0
0
0
0
0
0
0
0
0
0
0
0
0
0
0
0
0
0
0
0
0
0
0
0
0
0
0
0
0
0
0
0
0
0
0
0
0
0
0
0
0
0
0
0
0
0
0
0
0
0
0
0
0
0
0
0
0
0
0
0
0
0
0
0
0
0
0
0
0
0
0
0
0
0
0
0
0
0
0
0
0
0
0
0
0
0
0
0
0
0
0
0
0
0
0
0
0
0
0
0
0
0
0
0
0
0
0
0
0
0
0
0
0
0
0
0
0
0
0
0
0
0
0
0
0
0
0
0
0
0
0
0
0
0
0
0
0
0
0
0
0
0
0
0
0
0
0
0
0
0
0
0
0
0
0
0
0
0
0
0
0
0
0
0
0
0
0
0
0
0
0
0
0
0
0
0
0
0
0
0
0
0
0
0
0
0
0
0
0
0
0
0
0
0
0
0
0
0
0
0
0
0
0
0
0
0
0
0
0
0
0
0
0
0
0
0
0
0
0
0
0
0
0
0
0
0
0
0
0
0
0
0
0
0
0
0
0
0
0
0
0
0
0
0
0
0
0
0
0
0
0
0
0
0
0
0
0
0
0
0
0
0
0
0
0
0
0
0
0
0
0
0
0
0
0
0
0
0
0
0
0
0
0
0
0
0
0
0
0
0
0
0
0
0
0
0
0
0
0
0
0
0
0
0
0
0
0
0
0
0
0
0
0
0
0
0
0
0
0
0
0
0
0
0
0
0
0
0
0
0
0
0
0
0
0
0
0
0
0
0
0
0
0
0
0
0
0
0
0
0
0
0
0
0
0
0
0
0
0
0
0
0
0
0
0
0
0
0
0
0
0
0
0
0
0
0
0
0
0
0
0
0
0
0
0
0
0
0
0
0
0
0
0
0
0
0
0
0
0
0
0
0
0
0
0
0
0
0
0
0
0
0
0
0
0
0
0
0
0
0
0
0
0
0
0
0
0
0
0
0
0
0
0
0
0
0
0
0
0
0
0
0
0
0
0
0
0
0
0
0
0
0
-0.0001617794236
-1.820134182e-05
1.967151601e-05
-1.966256032e-05
1.967689621e-05
-0.0001591288126
-1.968304314e-05
0.0001605038328
-0.0001604894969
0.0001604884729
-2.116297782e-05
-2.116605681e-05
-0.0001832943513
-1.738577794e-05
1.890058264e-05
-1.890216563e-05
1.890216564e-05
-0.000162172043
-1.894351246e-05
0.0001819508574
-0.0001819508574
0.0001819508574
-2.042250526e-05
-2.061788442e-05
3.353111492e-06
5.586424966e-05
-0.0003085936588
0.0003138995592
-0.000313924933
0.0001561462396
0.0003139252935
6.796815177e-05
-0.0003139101925
-6.191239928e-05
6.191275974e-05
-6.19043609e-05
6.191557306e-05
-0.0003194675459
-0.0003194741883
5.591151148e-05
-0.000354259883
-5.58741036e-05
0.0003683139427
-0.0003671696519
0.0001810375124
0.0003664144456
6.726134673e-05
-0.0003657389183
-6.187800866e-05
6.112280243e-05
-6.192265341e-05
-6.062365114e-05
6.062365114e-05
-0.0003427185441
-0.0003421705204
0.0003354116607
6.798753139e-05
-0.0003354186106
-6.191881562e-05
6.192621567e-05
-6.193135556e-05
0.0003465311739
-0.0003407601957
0.0003407550558
-0.0003407638336
-0.0003407491979
0.0001710176551
5.586818837e-05
-0.0001726792172
-1.819324482e-05
1.968202872e-05
-1.968289919e-05
1.968359837e-05
1.966613941e-05
-0.0001696494302
0.0001709694074
-0.0001709861672
0.000171001012
-2.11606437e-05
3.019089883e-05
-0.0003949603359
0.0004003329691
-0.0004003329691
3.019089883e-05
0.0004003329691
2.410309631e-05
0.0004003329691
4.236323587e-05
-0.0004003329691
-3.627805806e-05
3.627805808e-05
0.0004003329691
1.801657028e-05
-1.192957041e-05
1.192957041e-05
-0.0001874937632
3.682381223e-06
-6.718149901e-06
7.750178714e-05
-7.731330959e-05
7.732141608e-05
-7.733220957e-05
6.3522892e-06
-2.118552735e-05
0.0001576991078
-0.0001561329306
0.0001561088698
-0.0001561134836
-1.818673616e-05
1.967280199e-05
-1.967741574e-05
0.0001548630463
7.172378893e-06
-9.257827118e-05
9.303095411e-05
-9.253210088e-05
9.400892652e-05
9.218137066e-05
-7.076622669e-06
-2.11383671e-05
0.0001925899626
-0.0001804396113
0.0001804785485
-0.0001806000226
-1.818116152e-05
1.955875953e-05
-1.968023365e-05
1.96805815e-05
0.0001767006171
2.994081763e-06
-9.548586348e-05
9.308969621e-05
-9.390657016e-05
9.427262142e-05
-3.810002592e-06
-8.6643774e-05
-7.457088511e-06
7.814479129e-06
-7.806480937e-06
7.826050925e-06
7.82915798e-06
8.656821617e-05
-8.817056615e-05
-7.469321881e-06
7.818484085e-06
-7.832220332e-06
7.809438819e-06
7.810533948e-06
8.762428905e-05
-9.089953514e-05
-7.336852974e-06
8.052456945e-06
-7.850216538e-06
8.469100792e-06
7.803646957e-06
8.929974938e-05
0.0003786677231
-0.0003786677231
6.671332305e-05
-6.062365113e-05
6.062365114e-05
-0.0003842150694
5.453927018e-05
-0.0003842150695
5.453927017e-05
-0.0003895877027
0.0001874944612
1.585700301e-05
-1.433508039e-05
1.450860894e-05
-1.433521321e-05
0.000190004817
-0.0001886642235
0.0001888376192
-0.0001886629061
-0.0001888376192
0.0001888360569
1.281223881e-05
-8.247647601e-06
0.0001900043596
-0.000188835182
0.0001888359857
-0.0001888369425
-5.029849934e-06
0.0001886626734
6.725961911e-06
-6.726918641e-06
6.5566001e-06
0.0001873174053
7.260701026e-06
8.146224724e-05
8.194492542e-05
4.017264769e-06
7.815548343e-06
2.811478436e-06
-1.909150564e-06
-7.673571659e-05
-3.627805807e-05
0.0004110757402
-0.0004055159179
0.0004055159179
-0.0003407719253
-7.404585409e-05
8.016231875e-05
-8.012406174e-05
8.024871288e-05
8.0131957e-05
-8.011386868e-05
0.0003354243248
7.88840664e-05
-7.888406641e-05
0.0003786677231
-0.0001886629061
1.890071545e-05
-0.0003194837398
-7.403940829e-05
8.010661721e-05
-8.013112114e-05
8.010968238e-05
0.0003139258875
-0.0003414688678
-7.350213495e-05
7.888406641e-05
-8.026478577e-05
8.083723412e-05
0.0003651607881
-0.0004055159179
0.0004055159179
3.019089882e-05
-1.19295704e-05
-0.0004055159179
5.453927018e-05
0.0004003329691
-6.062365114e-05
-0.0003842150695
-3.386504237e-05
2.335329721e-05
2.395650726e-05
-5.090473318e-05
-5.974248845e-05
3.093917162e-05
-2.910355491e-05
3.221082574e-05
2.700644612e-05
4.726096314e-05
-5.225039147e-05
-5.745929391e-05
2.396346757e-05
-2.772019732e-05
1.955772171e-05
3.05392111e-05
5.587528973e-05
-2.291976875e-05
-2.887449847e-05
6.180623224e-06
-1.025237105e-05
3.073225681e-06
1.485329131e-05
3.155310047e-05
-2.524650575e-07
-3.377970117e-06
0
-1.360125643e-07
0
1.159112122e-06
2.344236291e-06
0
0
0
0
0
0
0
0
0
0
0
0
0
0
0
0
0
0
0
0
0
0
0
0
0
0
0
0
0
0
0
0
0
0
0
0
0
0
0
0
0
0
0
0
0
0
0
0
0
0
0
0
0
0
0
0
0
0
0
0
0
0
0
0
0
0
0
0
0
0
0
0
0
0
0
0
0
0
0
0
0
0
0
0
0
0
0
0
0
0
0
0
0
0
0
0
0
0
0
0
0
0
0
0
0
0
0
0
0
0
0
0
0
0
0
0
0
0
0
0
0
0
0
0
0
0
0
0
0
0
0
0
0
0
0
0
0
0
0
8.677374832e-05
-1.324549603e-06
1.324955669e-06
8.678952971e-05
-1.132052507e-06
1.116271112e-06
-9.271341767e-07
9.273784819e-07
8.722812574e-05
-1.390746554e-06
8.729407188e-05
-1.197998652e-06
-9.764616336e-07
-6.989688961e-05
1.705410679e-05
-1.732404846e-05
-6.972186847e-05
1.301986469e-05
-1.319488583e-05
9.93819088e-06
-1.009698775e-05
7.941370675e-05
-9.89335844e-07
1.214687025e-06
7.922965798e-05
-8.248503248e-07
1.008899086e-06
-6.597142408e-07
8.240212239e-07
7.232641567e-05
-1.242887974e-06
1.484333673e-06
7.214924218e-05
-1.066690092e-06
1.243863575e-06
-8.781428822e-07
1.022991174e-06
0.0001345229249
5.348744517e-06
4.187268429e-06
8.837314544e-05
-1.430289268e-06
1.4557876e-06
8.834559014e-05
-1.202942951e-06
1.230498251e-06
-9.963069881e-07
1.025348612e-06
-7.184750654e-05
1.897063977e-05
-1.889082362e-05
-7.187832298e-05
1.446578412e-05
-1.443496768e-05
1.105875833e-05
-1.102762619e-05
-6.816436881e-05
1.680600337e-05
-1.699326606e-05
-6.799300879e-05
1.280272961e-05
-1.297408963e-05
9.798596767e-06
-9.892399413e-06
8.855330274e-05
-1.530950273e-06
8.864396232e-05
-1.29360253e-06
-1.063675907e-06
8.109396604e-05
7.638697899e-07
-7.793537392e-07
8.110932609e-05
6.960780297e-07
-7.11438079e-07
6.004547983e-07
-6.310230151e-07
7.714435033e-05
7.790950309e-07
7.712920141e-05
7.112269518e-07
6.156776816e-07
8.173007617e-05
-9.942457799e-07
8.189891742e-05
-8.802793263e-07
-7.386769328e-07
8.230053611e-05
-1.22439187e-06
8.246928512e-05
-1.049028332e-06
-8.613684474e-07
8.62343687e-05
1.147126652e-06
8.634763492e-05
1.003004891e-06
8.464879168e-07
8.759659488e-05
-1.554171479e-06
8.769469094e-05
-1.296094709e-06
-1.074626858e-06
-0.0001161290458
-1.666666811e-05
-0.000116005427
-1.270974195e-05
1.258612319e-05
-9.705773895e-06
9.613021116e-06
8.403925759e-05
9.927175489e-07
-1.118751936e-06
8.416514673e-05
8.635297377e-07
-9.894188701e-07
7.219809865e-07
-8.163824248e-07
8.389343681e-05
8.982294653e-07
8.395646906e-05
8.004974885e-07
6.747533888e-07
-7.364687422e-05
1.708529642e-05
-7.367806735e-05
1.305105782e-05
9.953808667e-06
8.457436048e-05
-1.165680215e-06
8.458999488e-05
-1.005053274e-06
-8.477455072e-07
8.42147944e-05
-1.181650365e-06
8.421488098e-05
-1.005139852e-06
-8.479256489e-07
-7.025087064e-05
-1.764066413e-05
1.764098683e-05
-7.026694922e-05
-1.344805654e-05
1.346413512e-05
-1.028693276e-05
1.028714633e-05
8.912379436e-05
1.434923268e-06
8.892459194e-05
1.208101515e-06
9.843913643e-07
6.809955794e-05
7.941557669e-07
6.809947004e-05
7.113148478e-07
6.156747241e-07
0.0001113988178
7.942171344e-07
0.0001113987705
7.113621711e-07
6.307421409e-07
8.308049422e-05
1.177596578e-06
-1.02268617e-06
8.295658062e-05
1.033208312e-06
-9.092947111e-07
8.455775151e-07
-7.681021843e-07
8.264125065e-05
8.262543063e-05
8.202568552e-05
8.196200032e-05
8.796774409e-05
8.790214763e-05
-0.0001239495558
-1.885519719e-05
1.834164754e-05
-0.000123551959
-1.439963535e-05
1.400203848e-05
-1.100917546e-05
1.069450181e-05
-7.232685965e-05
-7.226071089e-05
-6.875464558e-05
-6.866165792e-05
8.346725862e-05
-9.293567727e-07
8.338960678e-05
-8.316428719e-07
-7.059317839e-07
8.371969488e-05
8.36885495e-05
-7.124264402e-05
1.717991856e-05
-7.130571695e-05
1.311413074e-05
1.001678426e-05
7.835925317e-05
-1.357706746e-06
7.851909381e-05
-1.164980487e-06
-9.598717935e-07
-6.975333253e-05
-1.767330978e-05
-6.972086152e-05
-1.348052755e-05
-1.030335971e-05
8.973359536e-05
8.964809435e-05
-6.786523191e-05
-1.252472202e-05
-9.582177389e-06
9.536388212e-06
-6.713329807e-05
-0.0001126655774
-1.136007066e-05
1.676412403e-05
-0.0001167834596
-8.685130086e-06
1.280301233e-05
-6.664519856e-06
9.789190178e-06
7.751566857e-05
-5.917925778e-07
4.754958798e-07
7.761747199e-05
-5.816322476e-07
4.798288255e-07
-5.002721825e-07
4.276258906e-07
-7.1884891e-05
-1.811041028e-05
1.806105264e-05
-7.185192226e-05
-1.382038578e-05
1.378741704e-05
-1.057858588e-05
1.052956144e-05
-7.045157793e-05
-7.760725398e-06
-6.042484154e-06
-7.160579919e-05
-7.142414648e-05
7.933043961e-05
8.389063382e-07
-8.241521044e-07
7.931559317e-05
7.561546609e-07
-7.413082221e-07
6.602738757e-07
-6.456241277e-07
7.400262443e-05
8.091486933e-07
7.398764967e-05
7.263369316e-07
6.307273966e-07
7.899681595e-05
8.53654059e-07
7.898214287e-05
7.708277423e-07
6.603043332e-07
7.786940106e-05
-7.808281544e-07
7.800032985e-05
-7.125610393e-07
-6.020756019e-07
-0.0001177725228
-0.0001176324817
-7.107530658e-05
1.791519921e-05
-1.801237972e-05
-7.097833461e-05
1.365788834e-05
-1.375486031e-05
1.043244234e-05
-1.051319213e-05
-0.0001208404305
-0.0001206630697
-0.0001192145239
-0.0001189452746
-7.172220134e-05
1.833952258e-05
-7.292510409e-05
1.400591508e-05
1.071990254e-05
-4.275112565e-07
7.732676213e-05
7.734121265e-05
0.0001186573323
0.0001187362154
-0.0001221599417
1.804488934e-05
-0.0001221437027
1.377117805e-05
1.052946694e-05
7.96645315e-05
-8.091982506e-07
7.966441544e-05
-7.411921648e-07
-6.455608816e-07
7.923333053e-05
7.92184753e-05
7.863578054e-05
8.536581558e-07
7.863564874e-05
7.709595388e-07
6.603409487e-07
7.818491189e-05
7.824331038e-05
-7.043013042e-05
-7.041381268e-05
-0.0001247020449
-1.881213154e-05
-0.0001247668648
-1.437014775e-05
-1.099281513e-05
-7.280198668e-05
-7.316621935e-05
)
;

boundaryField
{
    topAndBottom
    {
        type            calculated;
        value           uniform 0;
    }
    inlet
    {
        type            calculated;
        value           nonuniform List<scalar> 0();
    }
    outlet
    {
        type            calculated;
        value           uniform 0;
    }
    wing
    {
        type            calculated;
        value           nonuniform List<scalar> 
70
(
-2.831675859e-05
8.678928541e-05
8.734339934e-05
-6.95630716e-05
7.9065351e-05
7.200439389e-05
0.0001296759422
8.831654852e-05
-7.190945513e-05
-6.789920614e-05
8.871133124e-05
8.113989431e-05
7.711397853e-05
8.200657134e-05
8.259197663e-05
8.642852548e-05
8.779285616e-05
-0.0001159126743
8.425954816e-05
8.400369666e-05
-7.369368514e-05
8.462135796e-05
8.421506112e-05
-7.026716279e-05
8.876422179e-05
6.8099473e-05
0.0001113837031
8.287910529e-05
8.26096397e-05
8.193034535e-05
8.785286938e-05
-0.0001232372853
-7.221112802e-05
-6.856883505e-05
8.332743638e-05
8.36573711e-05
-7.136869254e-05
7.863103995e-05
-6.970443457e-05
8.95688098e-05
2.076445852e-05
-6.781944274e-05
-6.710245434e-05
-0.00011990813
7.769011828e-05
-7.180289782e-05
-7.107361363e-05
-7.130823054e-05
7.930094342e-05
7.398766442e-05
7.898211241e-05
7.810213327e-05
-0.0001175080968
-7.089758482e-05
-0.000120533987
-0.0001144299323
-0.000118755116
-7.385581645e-05
7.699391378e-05
7.734132728e-05
0.0001187993348
-0.0001221436082
7.966435219e-05
7.920364181e-05
7.863561213e-05
7.830157573e-05
-7.039753787e-05
-0.0001248016759
-7.343913195e-05
-4.247089725e-05
)
;
    }
    front
    {
        type            empty;
        value           nonuniform List<scalar> 0();
    }
    back
    {
        type            empty;
        value           nonuniform List<scalar> 0();
    }
    procBoundary1to0
    {
        type            processor;
        value           nonuniform List<scalar> 
49
(
0
0
0
0
0
0
0
-8.627864587e-06
0.0001536953159
-2.266308814e-05
-1.66971858e-05
-4.343741023e-06
-0.0001784791663
-7.402352786e-05
-4.980395353e-05
-6.798157088e-05
-1.819389325e-05
-5.581418895e-06
-5.173562571e-06
-1.518685211e-05
0
0
-8.042011684e-05
-0.0001264957452
-0.0002515462861
-0.0002793969776
-0.0002900848982
-0.0002701794361
-6.363082694e-06
-5.974150903e-06
-2.116480397e-05
-0.0002144029243
-0.0001713749493
-0.0002990378767
-0.000295588227
-0.0002080128508
-0.0002418245345
-5.587374295e-05
-6.191566935e-05
-7.068313887e-06
-6.726256389e-06
-1.967114133e-05
-8.011103253e-05
-4.507062437e-05
-1.914672502e-05
4.275881654e-07
4.609517661e-07
-7.699399069e-05
4.653783007e-07
)
;
    }
    procBoundary1to3
    {
        type            processor;
        value           nonuniform List<scalar> 
136
(
8.377041984e-05
-1.235588146e-06
8.95490395e-05
8.522922475e-05
8.669754777e-05
8.701575469e-05
8.761189295e-05
8.77545169e-05
6.83516315e-05
0.0001043528811
0.0001162836242
8.839241583e-05
8.084277708e-05
8.590547758e-05
6.889398085e-05
8.117211073e-05
0.0008869962695
0.00083826938
0.0007502625761
0.0008784074331
0.0004131010519
0.0006780589261
9.056266251e-05
0.0003209365587
0
4.154170454e-05
0
0
0
0
0
0
0
0
0
0
0
0
0
0
0
0
0
0
0
0
0
0
0
0
0
0
0
0
0
0
0
0
0
0
9.436093507e-05
-2.495195884e-06
0.0001848061319
0.0001859774293
3.682186273e-06
0.0001900047915
8.553509397e-05
8.618523554e-05
0.0003895877027
0.0003842150307
3.796657796e-06
8.797721694e-05
8.857206269e-05
8.55246129e-05
8.655473316e-05
8.744337515e-05
0.0008787617414
0.0008595577525
0.0008089585292
0.0008519359189
0.0005058933297
0.000595659829
0.0001557750792
0.0002338956821
8.772828382e-07
1.161645611e-05
0
0
0
0
0
0
0
0
0
0
0
0
0
0
0
0
0
0
0
0
0
0
0
0
0
0
0
0
0
0
0
0
0
0
0.0001490006929
0.0001832915951
0.0003949603359
0.0004003329691
0.0001874943337
8.646027657e-05
8.783191164e-05
0.0004055159179
0.0004110757402
0.0001886628551
1.651208971e-05
6.791108866e-05
1.247886527e-05
6.719469924e-05
0.0001144908021
9.475518408e-06
)
;
    }
}


// ************************************************************************* //
